# Fix print output for fix def1
-2.22977981054963e-15 0.182753033536422 0.593697903750072 -0.771495053746078
-0.000990000000002176 0.161545048547624 0.204867549290566 -0.132602880347643
-0.00199000000000219 0.0611260673134087 -0.158673005397238 0.0844064553601606
-0.0029900000000022 -0.014352899720203 -0.102594892754944 0.0799887969516237
-0.00399000000000221 -0.0686303873567925 0.0314413048797831 -0.0596187925996584
-0.00499000000000221 -0.151796229349839 0.0535886711672917 -0.100089565141771
-0.00599000000000223 -0.199811479399482 -0.00347180478890281 0.0416486758531023
-0.00699000000000223 -0.289505815725494 -0.106027312245543 0.0215542177243302
-0.00799000000000225 -0.366733467130802 -0.00949504480191501 0.0693068430694768
-0.00899000000000225 -0.457199907534604 0.00642210826955442 -0.0732343628740353
-0.00999000000000226 -0.492121325584475 0.0255316995512449 0.00245117118313235
-0.0109900000000023 -0.53646848646092 -0.0208975420922937 0.0116238506695883
-0.0119900000000023 -0.578828571258818 -0.0320758807371702 0.0121787109476918
-0.0129900000000023 -0.636908454888819 0.00617171692990379 0.0155314984254545
-0.0139900000000023 -0.682738070885973 -0.0193944863834154 -0.0323790598932756
-0.0149900000000023 -0.684458504592313 0.00332583064233748 0.0291538028527983
-0.0159900000000023 -0.821259486929825 -0.0205282794430215 -0.028181282083857
-0.0169900000000021 -0.816764873321807 0.0185267767355814 0.023585456848218
-0.0179900000000021 -0.912397160992036 0.0282594832697663 0.0264491441902664
-0.0189900000000021 -1.01713985550804 -0.0496567812121543 -0.0208853959042088
-0.0199900000000021 -1.03691726223422 0.0616213918298129 0.0381555604686385
-0.0209900000000021 -1.12465817328583 -0.0450539296846395 -0.0456501735538352
-0.0219900000000021 -1.16827374555431 -0.014066064887315 0.0829567052198576
-0.0229900000000021 -1.21518607215211 0.0150568889383215 -0.0371541999734271
-0.0239900000000021 -1.30322440467261 0.0154088173124546 -0.0395863115113551
-0.0249900000000021 -1.37006297149574 -0.00202286229295114 0.0197259850205405
-0.0259900000000021 -1.45663231254415 -0.0481480811702007 0.0126339178046376
-0.0269900000000022 -1.49029661410887 0.0350934329404373 0.0165789882961242
-0.0279900000000022 -1.57329710227392 0.0486281328279301 -0.0301649236569003
-0.0289900000000022 -1.58210498961756 -0.0111641889504167 0.00589293031762206
-0.0299900000000022 -1.62377692848652 -0.017699120802247 0.03675678548982
-0.0309900000000022 -1.69723486839761 -0.0437617614352333 0.0201519461303163
-0.0319900000000022 -1.75000503881383 0.0820905901887918 -0.0122772526025421
-0.0329900000000022 -1.84392616091272 0.0083281316032179 -0.0322094916745339
-0.0339900000000022 -1.83277001682868 -0.0419365452790585 0.0350033984704921
-0.0349900000000022 -1.91355867067935 -0.00406049545076948 0.0343879437027717
-0.0359900000000022 -1.97564483246607 0.00587375852611702 -0.0638656889229902
-0.0369900000000023 -1.9918686135134 0.0487538906925937 0.0303073316281008
-0.0379900000000023 -2.10941142059744 -0.0524594668352341 -0.0786232919599587
-0.0389900000000021 -2.12631095335161 0.00296485056597481 0.0385102224657025
-0.0399900000000021 -2.21797837107323 0.00870651236691663 -0.0373593260225078
-0.040990000000002 -2.25775321455741 -0.0396050356009585 -0.012335198378645
-0.041990000000002 -2.29906164507826 0.0778570283475184 0.0247956531443521
-0.042990000000002 -2.373473701728 -0.0547337853105895 -0.0305068929976494
-0.043990000000002 -2.37279800397849 0.0399948599442738 0.0681979081367277
-0.0449900000000021 -2.48877440046289 -0.0351391965090565 -0.0400093185790845
-0.0459900000000021 -2.51810302859074 0.010330322641073 0.00157249264463412
-0.0469900000000021 -2.60326922163506 0.00463652105583543 0.00849578816212542
-0.0479900000000021 -2.6226679189328 -0.0115142289374066 -0.0437998379761018
-0.0489900000000021 -2.65733775585627 -0.0192549982525225 0.0373627854495001
-0.0499900000000021 -2.75138678790877 0.0185993012044935 -0.0131519328557473
-0.0509900000000021 -2.77855079383832 0.0326667087338288 0.0244960172335028
-0.0519900000000021 -2.79458611779807 0.00426651376483591 -0.0224078120856868
-0.0529900000000021 -2.8574016332246 -0.043061149191689 -0.00421381071123597
-0.0539900000000021 -2.92251685463218 0.00458086407857309 0.0181205550875969
-0.0549900000000022 -2.94835844259733 -0.0163245510031352 -0.0450496384880056
-0.0559900000000022 -2.95021909669654 -0.0303042573342102 0.00863555488492034
-0.0569900000000022 -3.01511569254895 0.00432937544010195 0.0342558052794092
-0.0579900000000022 -3.00844986426826 -0.0267364721165173 -0.0612045451658769
-0.0589900000000022 -2.93454017527528 0.0450918003320214 0.0438317367204836
-0.0599900000000022 -3.06223621977849 -0.0349693537560764 0.0020162956220824
-0.0609900000000021 -3.08918902564217 0.0383746595968654 0.0212144739482171
-0.0619900000000021 -2.99296616125082 0.00195629707502688 -0.0189562480818394
-0.0629900000000021 -3.04865727962465 -0.0164730683976518 -0.00593721981416335
-0.063990000000002 -3.11420397193039 -0.040433457868875 0.000952312482842592
-0.064990000000002 -3.07233238967583 0.00810645381281835 0.0122754100886352
-0.065990000000002 -3.11638382588465 0.0229085361833879 -0.0689496136231706
-0.066990000000002 -3.11638053649701 0.00262320432862342 0.0316965020572959
-0.067990000000002 -3.17976040365294 -0.0142873873891926 0.00663045545652388
-0.068990000000002 -3.18734601989798 0.0396061113503808 0.0618242457773783
-0.069990000000002 -3.11659764397664 0.00185221412941094 -0.0420647063116349
-0.070990000000002 -3.21549686616982 0.00167915007058934 0.0334010776270444
-0.071990000000002 -3.23235366180744 -0.0206328200737976 -0.0320009170646237
-0.0729900000000021 -3.22405523496478 0.035407418342664 -0.0071091768114104
-0.0739900000000021 -3.22413946160013 0.0126941661875096 0.0331448017670443
-0.0749900000000021 -3.27461500699877 0.0013399874938114 0.00041084552092397
-0.0759900000000021 -3.266953265082 -0.0355170404658949 -0.0097431187450596
-0.0769900000000021 -3.31547884619111 -0.0243061090922792 0.0391228090404281
-0.0779900000000021 -3.35459513102631 -0.0224588722342575 -0.0188560223527527
-0.0789900000000021 -3.32638584410065 0.0504873262515588 -0.00623192275237576
-0.0799900000000021 -3.27825470635905 -0.0222468933524915 -0.0209254103477339
-0.0809900000000021 -3.30745018138876 -0.041421073794154 -0.000559468342078132
-0.081990000000002 -3.27566928156291 0.00914762446027919 0.0391462679249441
-0.0829900000000021 -3.3149484059789 0.00862186026915943 -0.067856134080425
-0.083990000000002 -3.25782301885885 -0.00912299358399286 0.0426308315681583
-0.084990000000002 -3.2929887874299 -0.0193747915805629 -0.0319672341607722
-0.085990000000002 -3.20005873218944 -0.0068422110336538 0.0245723523904356
-0.0869900000000021 -3.16199685147178 0.0174357264456189 -0.0314421351527658
-0.0879900000000019 -3.12797912548281 -0.00445740387761628 -0.0105925490465642
-0.0889900000000019 -3.09366903585412 0.0173974339283398 0.0544286482428695
-0.0899900000000019 -3.0983203577623 -0.0253287413583885 -0.0507802401825217
-0.0909900000000019 -2.92951424691883 0.00983675729527075 0.0699971319636379
-0.091990000000002 -2.97947491526396 -0.064992339839577 -0.00182335789419018
-0.092990000000002 -2.87101984899494 0.0359909349133459 -0.0318289546573794
-0.093990000000002 -2.80973024246119 0.0380925022169482 0.0500497784419354
-0.094990000000002 -2.79793413313825 -0.0914135024490935 -0.0554664686843953
-0.095990000000002 -2.62373435359425 0.00145389660919752 0.116926547065943
-0.096990000000002 -2.62380030534684 -0.0271960840207201 -0.0719265204395932
-0.097990000000002 -2.50788894406194 0.0299381299783728 0.00304493418914882
-0.098990000000002 -2.42182772164716 -0.0520528261561978 -0.00207326975344988
-0.099990000000002 -2.39963796196481 -0.052380738128332 0.0196940604253317
-0.100990000000002 -2.27894191436329 -0.00964295423229121 0.0640484871023728
-0.101990000000002 -2.31488029501133 -0.0174983093324573 -0.0736707494991222
-0.102990000000002 -2.17759158893331 0.00400640030767006 -0.00772739202656228
-0.103990000000002 -2.20583264054221 0.0296107491501105 0.038721210537877
-0.104990000000002 -2.17947506335668 -0.0704675708158863 -0.00319913332219483
-0.105990000000002 -2.09818623966167 0.0709420582654333 0.0207794036618781
-0.106990000000002 -2.12968772238081 -0.0277211412611427 0.0302234245813496
-0.107990000000002 -2.10667903498034 0.013387908297576 0.00931629266126301
-0.108990000000002 -2.04739437104517 0.048681561715535 0.0234172592051196
-0.109990000000002 -2.07500441680116 -0.0362354265851001 -0.0379329555541528
-0.110990000000002 -2.10062487571317 0.0142220833249629 -0.00394622141543803
-0.111990000000002 -2.08655782913435 -0.019092922941241 0.0025664537860046
-0.112990000000002 -2.13518589332657 -0.0294009801072347 -0.0329885688385793
-0.113990000000002 -2.08154323100771 0.0310569401464596 0.00852986711831596
-0.114990000000002 -2.11677846945086 0.0504782974908043 0.029097689430739
-0.115990000000002 -2.10791592165939 -0.0525032671746628 -0.0368463674368346
-0.116990000000002 -2.08099397964286 0.00939573585575036 0.0677032437677829
-0.117990000000002 -2.14120338705411 -0.0586764213187143 -0.0290789642188922
-0.118990000000002 -2.09021920373994 -0.0129707211697839 -0.057831801456242
-0.119990000000002 -2.07431448173488 0.0858631072260039 -0.0224118707306291
-0.120990000000002 -2.16634971440952 -0.095150973740738 -0.0246125989073043
-0.121990000000002 -2.0288061615533 -0.0126059129218367 0.0858841765725833
-0.122990000000002 -2.13642867315248 -0.0435228462706421 -0.0343043393533012
-0.123990000000002 -2.18207042480406 0.0194653191919262 -0.0547099254012765
-0.124990000000002 -2.24721610296225 0.0166358022374371 -0.0117975340733735
-0.125990000000002 -2.25366046527116 -0.0482094811060681 -0.0230011421382475
-0.126990000000002 -2.26817723103679 0.0295632379971547 0.0532442944267746
-0.127990000000002 -2.34148784121633 -0.0600219721193164 -0.0253366000643815
-0.128990000000002 -2.29860746605848 0.0540116730970958 0.00145319471074807
-0.129990000000002 -2.34016136057907 0.0120256844880799 0.000457638052579345
-0.130990000000002 -2.37690936086649 -0.00243086705352675 0.0121458656977826
-0.131990000000002 -2.33481062985719 -0.0183722768045828 0.0141835853648365
-0.132990000000002 -2.39962980293493 -0.0139741046203757 -0.0262664788163765
-0.133990000000002 -2.40177447101332 -0.00480671902422871 -0.00327696815085156
-0.134990000000002 -2.39058362589258 -0.0944220650149492 -0.021560319327128
-0.135990000000002 -2.32133914443853 0.07594424740359 0.0459600702789589
-0.136990000000002 -2.40653241842297 -0.00845538070765938 -0.0319376801078567
-0.137990000000002 -2.37485574087621 0.0392225236309301 -0.0346915753327308
-0.138990000000002 -2.35189577610854 -0.077253379109763 0.0162787858562139
-0.139990000000002 -2.3229336075073 0.0370035956502088 0.0324901489477813
-0.140990000000002 -2.4403132238143 0.011085676649509 -0.0307243185888513
-0.141990000000002 -2.48584395530201 0.0340137558117232 -0.0193758841489992
-0.142990000000002 -2.47144953405374 -0.00465819947168156 0.00252358481427123
-0.143990000000002 -2.48492049972959 0.0196127071669135 0.013625763049504
-0.144990000000002 -2.51720836209487 -0.0637161039688039 -0.0206556438946387
-0.145990000000002 -2.48992585573298 0.0549935034521332 0.0608523053024911
-0.146990000000002 -2.55341520109898 -0.0230451388744005 -0.0810224720369875
-0.147990000000002 -2.53685781901333 0.0362435898783708 0.0322314905891369
-0.148990000000002 -2.58830889290887 -0.0339906831217792 -0.00295751338502048
-0.149990000000002 -2.64048320649111 -0.0533706160786469 -0.0513871504261989
-0.150990000000002 -2.6009347408511 0.0326758508572196 0.0698581305204341
-0.151990000000002 -2.64945709732771 -0.0432637975227065 -0.082346776860473
-0.152990000000002 -2.54826775256962 -0.00166123126948312 0.0661909899511131
-0.153990000000002 -2.6185018303089 -0.00683560136795353 -0.0468997069469511
-0.154990000000002 -2.5927786629326 -0.0227584437835351 0.00899730926037192
-0.155990000000002 -2.60661487432343 0.0321530240650888 0.0428262234490156
-0.156990000000002 -2.67724146732505 -0.0264211617714081 -0.0492660032066916
-0.157990000000002 -2.61403964717767 0.0091488614384808 0.0362561391878864
-0.158990000000002 -2.68049911276323 -0.0299897009407941 -0.0456737950482746
-0.159990000000002 -2.65857230809553 0.0479219110614206 0.0663945964205072
-0.160990000000002 -2.69872464439495 -0.0966367569025147 -0.0313767151371264
-0.161990000000002 -2.63530200145275 0.0450723197397274 -0.034942856089581
-0.162990000000002 -2.61787261383628 -0.0643102067330035 -0.0256027130596377
-0.163990000000002 -2.58007345722889 0.0495523958561366 0.0447923308827218
-0.164990000000002 -2.61525920823667 0.00175465058146581 -0.0455978839382372
-0.165990000000002 -2.61320035437949 -0.0323644856360758 0.0143302864759172
-0.166990000000002 -2.60383128314875 -0.0138070031184145 0.0268953190796594
-0.167990000000002 -2.68025160746737 -0.0322962128004674 -0.0665674567323811
-0.168990000000002 -2.64174633681836 0.0198351718326726 -0.032685005421937
-0.169990000000002 -2.71978432029399 0.00741129615235124 -0.0284084811725593
-0.170990000000002 -2.81029261401913 0.00273794365731771 -0.0264619169805494
-0.171990000000002 -2.75474344460314 -0.000319888098511109 0.0527765190309289
-0.172990000000002 -2.81933742508865 -0.0551857762316157 0.0206912220970343
-0.173990000000002 -2.75646586271451 0.0420797782048339 0.00289962379783186
-0.174990000000002 -2.69274738925633 0.00177468366574357 -0.0218309244672963
-0.175990000000002 -2.742308350887 -0.0031453526343737 0.00985802269706476
-0.176990000000002 -2.6631855230936 -0.0167490543162376 0.0583893732246546
-0.177990000000002 -2.70165863611044 -0.0174880286387513 0.0263829872234781
-0.178990000000002 -2.69423791810101 0.0148842127788268 -0.0116203051593358
-0.179990000000002 -2.66166189621312 -0.00225489962483493 0.0204395285314979
-0.180990000000002 -2.72967500371923 -0.0138162892098512 -0.0515652209787609
-0.181990000000002 -2.66318913374338 0.0187629508637543 0.0159437557065714
-0.182990000000002 -2.71170337952651 0.0182138275297573 -0.00949905291313852
-0.183990000000002 -2.76538266515875 -0.0147271667823606 -0.0246409480117022
-0.184990000000002 -2.71825932449385 0.000682200902614698 0.0496563337642081
-0.185990000000002 -2.7383552770366 -0.0438219829460497 0.0174222736046823
-0.186990000000002 -2.75870225518842 0.0281938800740025 0.00589231460482057
-0.187990000000002 -2.71008558050911 0.0106424823917062 -0.0137389647449074
-0.188990000000002 -2.71811566839424 0.0189040717500967 0.0550564240665216
-0.189990000000002 -2.66354007706948 -0.0272677642481742 0.0593377841848592
-0.190990000000002 -2.67391499927512 -0.0264943431530715 -0.00806218600660303
-0.191990000000002 -2.6645178187582 0.04101353039304 -0.0164222531500315
-0.192990000000002 -2.6207896638162 0.0200774507373168 0.00949321517084629
-0.193990000000002 -2.65995230973833 -0.0661974613371379 -0.0471598145279678
-0.194990000000002 -2.52148683173546 0.027928064509761 0.0732685654115587
-0.195990000000002 -2.50359121686425 0.0106189988950554 -0.0494073352306944
-0.196990000000002 -2.51538524667455 -0.023523943317315 -0.0712929995050293
-0.197990000000002 -2.44640958453624 0.0243276615924511 0.0348037137831979
-0.198990000000002 -2.46602768440953 -0.0439024225728846 0.0572859718340712
-0.199990000000002 -2.50139567533693 0.02153217780304 0.00153621253685504
