# Fix print output for fix writer
-3.97216937683945e-15 -0.194048646433366 -0.194048646433366 -0.0163696410152386
0.00499999999999588 -0.356596100057951 -0.356596100057951 -0.501904215252603
0.00999999999999587 0.464034697042848 0.464034697042848 0.447981148291909
0.0149999999999959 -0.257216578122993 -0.257216578122993 -0.0644036177993465
0.0199999999999958 -0.173011144023046 -0.173011144023046 -0.463994494008887
0.0249999999999958 -0.00759332611924837 -0.00759332611924837 0.280836267138819
0.0299999999999958 -0.0196721279983968 -0.0196721279983968 0.0209643690908278
0.0349999999999958 0.46576851728212 0.46576851728212 0.0565604714715196
0.0399999999999958 -0.395349074104277 -0.395349074104277 -0.124310010888869
0.0449999999999958 0.0306322010845171 0.0306322010845171 -0.0131167310880595
0.0499999999999958 0.335664158928936 0.335664158928936 0.100577436099866
0.0549999999999958 -0.381967922361639 -0.381967922361639 -0.196636147502783
0.0599999999999958 0.475708667854037 0.475708667854037 0.383435645739335
0.0649999999999958 -0.100489173622896 -0.100489173622896 -0.23884139359085
0.0699999999999956 0.182465251706049 0.182465251706049 0.383699319974581
0.0749999999999957 -0.281918584504178 -0.281918584504178 -0.10767365943774
0.0799999999999956 0.0792006272723077 0.0792006272723077 -0.155113264340455
0.0849999999999956 -0.0577367945074519 -0.0577367945074519 -0.0660419652371862
0.0899999999999956 0.393235255956993 0.393235255956993 0.346716866362845
0.0949999999999956 -0.156466764017819 -0.156466764017819 -0.284236017271232
0.0999999999999956 -0.742289101076133 -0.742289101076133 -0.521228317137153
0.104999999999996 0.420154832835447 0.420154832835447 0.528309307397764
0.109999999999996 0.163107357158031 0.163107357158031 -0.101922774152778
0.114999999999996 -0.470201655317078 -0.470201655317078 -0.786004502880639
0.119999999999995 0.11074881430363 0.11074881430363 0.441493277601203
0.124999999999995 0.140132107646704 0.140132107646704 -0.298308882712363
0.129999999999995 0.205067506617976 0.205067506617976 0.499218973740079
0.134999999999995 -0.402112944535154 -0.402112944535154 -0.177609571712053
0.139999999999995 -0.199428148651715 -0.199428148651715 -0.497689456032909
0.144999999999995 0.159796185048943 0.159796185048943 0.185371436486263
0.149999999999995 -0.133372713039481 -0.133372713039481 -0.087916217858307
0.154999999999995 0.129661129224614 0.129661129224614 0.164674337950856
0.159999999999995 -0.175294172136532 -0.175294172136532 -0.0587279890200067
0.164999999999995 0.005713520273138 0.005713520273138 -0.228608625864451
0.169999999999995 -0.0717128412486557 -0.0717128412486557 -0.0947358750540597
0.174999999999995 0.205580034359444 0.205580034359444 0.0011652094325281
0.179999999999995 -0.128470783412266 -0.128470783412266 -0.0406221863753187
0.184999999999995 -0.225626673083468 -0.225626673083468 -0.176753819968414
0.189999999999995 0.0949844336562072 0.0949844336562072 -0.160289246986852
0.194999999999995 0.0929639297074806 0.0929639297074806 0.196838804747012
0.199999999999995 0.253026059691527 0.253026059691527 0.448956604252689
0.204999999999995 0.107603372035264 0.107603372035264 -0.0243363604877189
0.209999999999995 -0.257293973914716 -0.257293973914716 0.0658261507299192
0.214999999999995 -0.251741442830553 -0.251741442830553 -0.181080209431835
0.219999999999995 0.202972531262514 0.202972531262514 -0.403917039951167
0.224999999999995 -0.32342608021029 -0.32342608021029 0.0524619022706676
0.229999999999995 -0.38855033473011 -0.38855033473011 -0.0991462555292586
0.234999999999995 0.167093010054002 0.167093010054002 -0.370286562350693
0.239999999999995 -0.243640280196742 -0.243640280196742 -0.142221900420833
0.244999999999995 -0.0261829835912239 -0.0261829835912239 -0.118738926132703
0.249999999999995 0.149795285424303 0.149795285424303 -0.00810432273919292
0.254999999999995 0.00361313862873299 0.00361313862873299 -0.0343188953200409
0.259999999999995 -0.104637517730684 -0.104637517730684 0.322698001388791
0.264999999999995 -0.145038248096918 -0.145038248096918 -0.289899191779185
0.269999999999995 0.0449964524929174 0.0449964524929174 -0.0377897199963141
0.274999999999995 0.336312685502916 0.336312685502916 0.178658506406712
0.279999999999995 0.184593365275408 0.184593365275408 0.145217838995515
0.284999999999995 0.117660951794226 0.117660951794226 -0.0736502878438362
0.289999999999995 0.012476329575925 0.012476329575925 0.163623643173371
0.294999999999995 0.123135566109593 0.123135566109593 0.0186834055385869
0.299999999999995 -0.0652265988609208 -0.0652265988609208 -0.272961762195327
0.304999999999995 -0.12041511557904 -0.12041511557904 0.046996404363124
0.309999999999995 0.110120731404436 0.110120731404436 -0.205200371191557
0.314999999999995 -0.213145888494738 -0.213145888494738 0.0394182157647812
0.319999999999995 0.170770427999062 0.170770427999062 0.151817616771961
0.324999999999995 0.0521839752006837 0.0521839752006837 -0.0266903412801627
0.329999999999995 -0.0283260084861526 -0.0283260084861526 0.0815788755272972
0.334999999999995 -0.00568829117875438 -0.00568829117875438 -0.387886305652691
0.339999999999995 -0.0935041893396465 -0.0935041893396465 0.120030100428676
0.344999999999995 0.0597363875271186 0.0597363875271186 0.473504137663137
0.349999999999994 0.103413413758513 0.103413413758513 0.0109343141255737
0.354999999999995 0.245644280129664 0.245644280129664 -0.293546712323068
0.359999999999994 -0.0703591749746113 -0.0703591749746113 0.1587341650999
0.364999999999995 -0.390871315507543 -0.390871315507543 -0.446839170895681
0.369999999999994 0.12777511032302 0.12777511032302 -0.0196976466425391
0.374999999999995 0.144125010440138 0.144125010440138 0.214288402976478
0.379999999999994 -0.14658177481537 -0.14658177481537 -0.128729433383388
0.384999999999995 -0.318271987380413 -0.318271987380413 -0.19062282737975
0.389999999999994 0.0109197395931174 0.0109197395931174 -0.0460935869146335
0.394999999999994 0.365594353990289 0.365594353990289 -0.0616023980819196
0.399999999999994 -0.119642502543895 -0.119642502543895 0.0445786518311616
