# Time-averaged data for fix f2
# TimeStep c_Comsd[1] c_Comsd[2] c_Comsd[3] c_Comsd[4]
41000 0 0 0 0
41005 8.59055e-05 9.28337e-05 0.000130696 0.000309435
41010 0.000344784 0.000371335 0.00052393 0.00124005
41015 0.000774946 0.000837994 0.00116746 0.0027804
41020 0.00136999 0.00149662 0.00203185 0.00489846
41025 0.00211882 0.00234932 0.00307571 0.00754385
41030 0.00300543 0.00339262 0.00425054 0.0106486
41035 0.00400882 0.00461218 0.00550507 0.0141261
41040 0.0051023 0.00597592 0.00678816 0.0178664
41045 0.00625302 0.00743168 0.00805051 0.0217352
41050 0.00742257 0.00890942 0.00924679 0.0255788
41055 0.00856782 0.010327 0.0103367 0.0292315
41060 0.00964625 0.0115999 0.0112871 0.0325333
41065 0.0106202 0.0126552 0.0120741 0.0353495
41070 0.01146 0.0134437 0.0126844 0.0375881
41075 0.0121471 0.013947 0.013117 0.0392111
41080 0.0126762 0.0141798 0.0133824 0.0402383
41085 0.0130526 0.0141875 0.0134989 0.040739
41090 0.0132891 0.0140323 0.0134891 0.0408105
41095 0.0134045 0.0137839 0.0133785 0.0405669
41100 0.0134191 0.0135111 0.0131937 0.0401239
41105 0.0133517 0.0132732 0.0129583 0.0395833
41110 0.0132208 0.0131122 0.01269 0.0390229
41115 0.0130454 0.0130487 0.0123997 0.0384938
41120 0.012848 0.0130793 0.0120947 0.0380219
41125 0.0126556 0.0131814 0.0117795 0.0376165
41130 0.0124947 0.0133222 0.0114614 0.0372783
41135 0.0123909 0.0134668 0.0111501 0.0370079
41140 0.012365 0.0135874 0.0108564 0.0368087
41145 0.0124297 0.0136686 0.010594 0.0366922
41150 0.0125851 0.0137063 0.010375 0.0366664
41155 0.0128191 0.013705 0.0102059 0.03673
41160 0.0131115 0.0136736 0.0100887 0.0368738
41165 0.0134381 0.0136225 0.0100191 0.0370797
41170 0.0137752 0.0135605 0.00998558 0.0373212
41175 0.0141007 0.0134921 0.00997104 0.0375638
41180 0.0143953 0.0134172 0.00995486 0.0377674
41185 0.0146424 0.013337 0.00991495 0.0378944
41190 0.0148275 0.0132527 0.00983381 0.037914
41195 0.0149372 0.013165 0.0097032 0.0378054
41200 0.0149611 0.0130746 0.00952739 0.0375632
41205 0.0148924 0.0129806 0.00932276 0.0371957
41210 0.0147295 0.01288 0.00911436 0.0367238
41215 0.0144755 0.0127713 0.00893348 0.0361803
41220 0.0141373 0.0126538 0.00881235 0.0356034
41225 0.0137236 0.0125298 0.00877994 0.0350334
41230 0.0132458 0.0124012 0.0088509 0.0344979
41235 0.0127212 0.0122708 0.00902348 0.0340154
41240 0.0121715 0.0121478 0.00928587 0.0336051
41245 0.0116204 0.0120464 0.00961773 0.0332845
41250 0.0110917 0.0119825 0.00999254 0.0330667
41255 0.0106052 0.0119676 0.0103796 0.0329523
41260 0.0101733 0.0120063 0.0107476 0.0329271
41265 0.00980227 0.0120977 0.0110684 0.0329684
41270 0.00948966 0.0122374 0.0113209 0.0330479
41275 0.00922402 0.0124174 0.0114949 0.0331363
41280 0.00898998 0.0126288 0.0115937 0.0332125
41285 0.00877473 0.0128618 0.0116344 0.033271
41290 0.00857298 0.0131046 0.0116434 0.033321
41295 0.00838652 0.0133416 0.011653 0.0333811
41300 0.00822374 0.0135534 0.0116946 0.0334717
41305 0.00809683 0.0137171 0.0117911 0.033605
41310 0.0080183 0.0138103 0.0119506 0.0337792
41315 0.00799724 0.0138157 0.0121669 0.0339798
41320 0.0080375 0.0137258 0.0124219 0.0341852
41325 0.00813814 0.0135448 0.012692 0.034375
41330 0.00829429 0.0132888 0.012953 0.0345361
41335 0.00849781 0.0129838 0.0131825 0.0346641
41340 0.00873832 0.0126629 0.013363 0.0347642
41345 0.00900702 0.0123566 0.0134864 0.03485
41350 0.00929573 0.0120862 0.0135529 0.0349349
41355 0.00959599 0.0118612 0.0135682 0.0350255
41360 0.00989667 0.0116817 0.0135413 0.0351196
41365 0.0101842 0.0115397 0.0134806 0.0352045
41370 0.0104425 0.0114215 0.0133953 0.0352593
41375 0.0106528 0.0113102 0.0132939 0.035257
41380 0.0107974 0.0111933 0.013179 0.0351697
41385 0.0108621 0.0110681 0.013046 0.0349762
41390 0.0108394 0.0109418 0.012886 0.0346671
41395 0.0107295 0.0108308 0.0126908 0.0342512
41400 0.0105411 0.0107573 0.0124543 0.0337527
41405 0.0102905 0.0107398 0.0121745 0.0332048
41410 0.0100015 0.0107894 0.0118549 0.0326458
41415 0.00970245 0.0109081 0.0115041 0.0321147
41420 0.00942546 0.0110858 0.0111358 0.0316471
41425 0.00920568 0.0113003 0.010767 0.0312729
41430 0.00907539 0.0115221 0.0104146 0.0310121
41435 0.009059 0.0117201 0.0100949 0.030874
41440 0.00917154 0.01187 0.00982186 0.0308634
41445 0.00941463 0.0119571 0.00960314 0.0309748
41450 0.00977617 0.0119777 0.00944062 0.0311945
41455 0.0102308 0.011941 0.00933255 0.0315044
41460 0.010742 0.0118662 0.00927457 0.0318828
41465 0.0112671 0.011771 0.00925978 0.0322978
41470 0.0117598 0.0116679 0.00928103 0.0327087
41475 0.0121772 0.0115598 0.00933223 0.0330692
41480 0.0124865 0.0114435 0.00940521 0.0333352
41485 0.0126702 0.0113116 0.00949154 0.0334733
41490 0.0127294 0.011157 0.0095839 0.0334703
41495 0.0126816 0.0109764 0.00967556 0.0333336
41500 0.0125546 0.0107746 0.00976113 0.0330904
41505 0.0123783 0.0105667 0.00983741 0.0327824
41510 0.0121764 0.0103769 0.00990349 0.0324568
41515 0.0119662 0.0102358 0.00995748 0.0321596
41520 0.0117602 0.0101746 0.00999748 0.0319323
41525 0.011568 0.0102205 0.0100244 0.0318129
41530 0.0113985 0.010393 0.0100396 0.0318311
41535 0.011259 0.0106969 0.0100435 0.0319994
41540 0.0111586 0.0111166 0.0100353 0.0323105
41545 0.0111002 0.0116217 0.0100136 0.0327354
41550 0.0110782 0.0121677 0.00997539 0.0332212
41555 0.0110805 0.0127003 0.00991812 0.033699
41560 0.0110955 0.0131658 0.00984092 0.0341022
41565 0.0111136 0.0135177 0.00974438 0.0343756
41570 0.0111272 0.0137247 0.00963373 0.0344857
41575 0.0111331 0.013774 0.00951606 0.0344232
41580 0.0111326 0.013671 0.00939683 0.0342004
41585 0.0111311 0.0134369 0.00928036 0.0338483
41590 0.0111372 0.0131047 0.00916848 0.0334104
41595 0.0111602 0.0127129 0.00906024 0.0329333
41600 0.0112072 0.0123009 0.00895306 0.0324612
41605 0.0112829 0.0119051 0.00884521 0.0320332
41610 0.0113869 0.0115576 0.00873767 0.0316822
41615 0.0115128 0.011281 0.00863557 0.0314293
41620 0.0116477 0.0110839 0.0085462 0.0312778
41625 0.0117738 0.0109643 0.00847843 0.0312166
41630 0.0118694 0.0109133 0.00844298 0.0312257
41635 0.0119128 0.0109199 0.00844951 0.0312822
41640 0.0118876 0.0109755 0.00850442 0.0313676
41645 0.0117874 0.0110773 0.00860719 0.0314718
41650 0.0116181 0.0112294 0.00875117 0.0315987
41655 0.0113996 0.0114401 0.00892553 0.0317652
41660 0.0111634 0.0117184 0.00911431 0.0319961
41665 0.0109501 0.0120661 0.0092984 0.0323146
41670 0.0108009 0.0124756 0.00945991 0.0327365
41675 0.0107492 0.0129285 0.0095846 0.0332623
41680 0.010814 0.0133955 0.00966321 0.0338727
41685 0.0109959 0.0138396 0.00969249 0.0345281
41690 0.0112762 0.0142207 0.0096756 0.0351726
41695 0.0116211 0.0145009 0.00962213 0.0357441
41700 0.0119873 0.0146507 0.0095465 0.0361845
41705 0.0123305 0.0146545 0.0094649 0.0364498
41710 0.0126114 0.014511 0.00939275 0.0365152
41715 0.0127995 0.0142346 0.00934052 0.0363746
41720 0.0128726 0.0138531 0.00931151 0.0360372
41725 0.0128151 0.0134081 0.00930541 0.0355286
41730 0.0126185 0.0129478 0.00931625 0.0348825
41735 0.0122839 0.0125168 0.00933612 0.0341368
41740 0.0118217 0.0121503 0.00935777 0.0333298
41745 0.0112519 0.011872 0.00937644 0.0325004
41750 0.0106014 0.0116925 0.00939454 0.0316885
41755 0.00990353 0.0116092 0.0094192 0.0309319
41760 0.00919341 0.0116102 0.0094607 0.0302643
41765 0.00850281 0.0116777 0.00952984 0.0297104
41770 0.00785708 0.0117914 0.00963497 0.0292835
41775 0.00727459 0.011932 0.00978207 0.0289887
41780 0.00677005 0.0120873 0.00997181 0.0288292
41785 0.0063587 0.0122533 0.0101974 0.0288094
41790 0.00605713 0.0124287 0.0104448 0.0289306
41795 0.00588389 0.0126127 0.0106994 0.029196
41800 0.00585903 0.0128035 0.0109473 0.0296098
41805 0.00599831 0.012997 0.0111767 0.030172
41810 0.00630797 0.0131856 0.0113787 0.0308723
41815 0.00677786 0.0133595 0.0115486 0.0316859
41820 0.00737758 0.0135063 0.0116871 0.032571
41825 0.00805649 0.0136129 0.0117987 0.0334681
41830 0.00875056 0.0136664 0.0118892 0.0343062
41835 0.00939057 0.0136614 0.0119658 0.0350177
41840 0.00991348 0.0135963 0.0120348 0.0355446
41845 0.0102735 0.0134727 0.0120966 0.0358428
41850 0.0104505 0.0132984 0.0121498 0.0358988
41855 0.0104517 0.0130873 0.0121943 0.0357333
41860 0.0103089 0.0128571 0.0122296 0.0353957
41865 0.0100701 0.0126276 0.0122526 0.0349503
41870 0.00978869 0.0124203 0.0122595 0.0344685
41875 0.00951446 0.0122539 0.0122481 0.0340164
41880 0.00928715 0.0121394 0.0122141 0.0336406
41885 0.00913258 0.012081 0.0121485 0.0333621
41890 0.00906094 0.0120729 0.01204 0.0331738
41895 0.00906701 0.0120987 0.0118785 0.0330443
41900 0.00913462 0.0121329 0.0116576 0.0329252
41905 0.00924329 0.0121443 0.0113785 0.032766
41910 0.00937138 0.0121047 0.0110554 0.0325315
41915 0.00950047 0.0119985 0.0107127 0.0322116
41920 0.00961907 0.0118272 0.0103813 0.0318276
41925 0.00972056 0.011609 0.0100917 0.0314213
41930 0.00980421 0.0113703 0.00986267 0.0310372
41935 0.00987248 0.0111379 0.00969958 0.03071
41940 0.0099288 0.0109342 0.0095957 0.0304587
41945 0.00997771 0.0107763 0.00953514 0.0302891
41950 0.0100246 0.0106739 0.00949741 0.0301959
41955 0.0100759 0.0106291 0.00946393 0.0301689
41960 0.0101398 0.0106375 0.00942202 0.0301993
41965 0.0102262 0.0106914 0.00936891 0.0302865
41970 0.0103484 0.0107772 0.00931148 0.0304371
41975 0.0105228 0.0108787 0.00926538 0.0306669
41980 0.010766 0.0109822 0.0092502 0.0309985
41985 0.0110875 0.0110766 0.00928575 0.0314499
41990 0.0114868 0.0111532 0.00938981 0.0320298
41995 0.0119514 0.0112046 0.00957641 0.0327324
42000 0.012453 0.0112257 0.00984963 0.0335284
42005 0.0129518 0.0112157 0.0101993 0.0343668
42010 0.0134015 0.0111785 0.0106032 0.0351832
42015 0.0137607 0.0111211 0.0110308 0.0359126
42020 0.0140003 0.0110542 0.0114453 0.0364999
42025 0.0141091 0.0109911 0.0118066 0.0369068
42030 0.0140958 0.0109434 0.0120771 0.0371163
42035 0.013985 0.0109193 0.0122291 0.0371333
42040 0.0138132 0.0109196 0.0122488 0.0369816
42045 0.0136227 0.010937 0.01214 0.0366997
42050 0.0134531 0.010957 0.0119245 0.0363346
42055 0.0133332 0.0109627 0.0116391 0.035935
42060 0.0132772 0.0109354 0.0113286 0.0355412
42065 0.0132846 0.0108577 0.0110391 0.0351814
42070 0.013341 0.010719 0.0108117 0.0348718
42075 0.0134205 0.0105178 0.0106729 0.0346112
42080 0.0134899 0.010265 0.0106304 0.0343854
42085 0.0135153 0.00998146 0.010675 0.0341719
42090 0.0134701 0.0096938 0.0107822 0.0339461
42095 0.0133388 0.00943241 0.0109169 0.0336881
42100 0.0131175 0.0092274 0.0110395 0.0333843
42105 0.0128137 0.00910514 0.0111131 0.0330319
42110 0.0124452 0.00908395 0.0111116 0.0326407
42115 0.0120384 0.00917066 0.011027 0.0322361
42120 0.0116259 0.00936208 0.0108709 0.0318588
42125 0.0112398 0.00964828 0.0106704 0.0315584
42130 0.0109068 0.0100134 0.0104639 0.0313841
42135 0.0106463 0.0104364 0.0102942 0.0313769
42140 0.0104687 0.0108954 0.0101998 0.031564
42145 0.010376 0.0113656 0.0102087 0.0319504
42150 0.0103624 0.0118187 0.0103333 0.0325144
42155 0.0104189 0.0122289 0.0105694 0.0332172
42160 0.0105355 0.0125729 0.0108968 0.0340052
42165 0.0107009 0.0128312 0.0112811 0.0348132
42170 0.0109045 0.0129922 0.0116784 0.035575
42175 0.011138 0.0130544 0.0120415 0.0362339
42180 0.0113951 0.0130294 0.0123261 0.0367505
42185 0.0116698 0.0129409 0.0124977 0.0371084
42190 0.0119556 0.0128196 0.0125351 0.0373103
42195 0.012243 0.0127045 0.0124372 0.0373846
42200 0.0125195 0.0126362 0.0122227 0.0373784
42205 0.0127701 0.0126517 0.0119282 0.0373501
42210 0.0129816 0.0127777 0.0116008 0.0373601
42215 0.0131426 0.013024 0.0112921 0.0374586
42220 0.0132438 0.0133811 0.0110523 0.0376773
42225 0.0132826 0.0138208 0.0109213 0.0380246
42230 0.0132617 0.0143007 0.0109228 0.0384852
42235 0.0131883 0.0147688 0.011059 0.0390161
42240 0.0130716 0.0151699 0.011308 0.0395495
42245 0.0129182 0.0154573 0.0116311 0.0400067
42250 0.012731 0.0156004 0.0119792 0.0403106
42255 0.0125087 0.01559 0.0123001 0.0403988
42260 0.0122455 0.0154392 0.0125459 0.0402306
42265 0.011935 0.0151806 0.0126786 0.0397942
42270 0.0115713 0.0148609 0.0126759 0.0391081
42275 0.0111514 0.0145319 0.0125304 0.0382138
42280 0.0106802 0.014242 0.0122494 0.0371716
42285 0.0101704 0.0140288 0.0118574 0.0360566
42290 0.00964154 0.0139153 0.0113939 0.0349507
42295 0.00912051 0.0139072 0.0109053 0.0339331
42300 0.00863719 0.0139916 0.0104385 0.0330673
42305 0.00822216 0.0141423 0.0100346 0.0323991
42310 0.00790086 0.0143292 0.0097269 0.0319569
42315 0.0076887 0.0145227 0.00953372 0.0317451
42320 0.00758902 0.0146959 0.00945461 0.0317395
42325 0.00759249 0.0148261 0.00947815 0.0318968
42330 0.0076802 0.0149022 0.00958143 0.0321638
42335 0.00782835 0.014922 0.00973087 0.0324813
42340 0.00801186 0.0148911 0.00988754 0.0327905
42345 0.00820861 0.0148178 0.0100166 0.033043
42350 0.00840332 0.0147089 0.0100942 0.0332064
42355 0.00858842 0.0145689 0.0101081 0.0332654
42360 0.00876218 0.0143986 0.0100529 0.0332137
42365 0.00892619 0.0142001 0.00993277 0.0330591
42370 0.00908273 0.0139776 0.00975954 0.0328199
42375 0.00922944 0.0137368 0.00955164 0.0325179
42380 0.00936106 0.0134867 0.00933022 0.032178
42385 0.00947073 0.013238 0.00911346 0.0318222
42390 0.00955308 0.012999 0.00891738 0.0314695
42395 0.00960381 0.0127729 0.00875352 0.0311302
42400 0.00962122 0.012557 0.00862544 0.0308036
42405 0.00960724 0.0123435 0.00852843 0.0304792
42410 0.00956776 0.0121215 0.00845155 0.0301408
42415 0.00951268 0.0118798 0.00838173 0.0297743
42420 0.00945392 0.0116085 0.00830704 0.0293695
42425 0.00940405 0.0113025 0.00821585 0.0289224
42430 0.0093731 0.0109681 0.00810319 0.0284444
42435 0.00936606 0.0106193 0.00797054 0.0279559
42440 0.00938271 0.010275 0.00782506 0.0274827
42445 0.00941817 0.00995434 0.00767869 0.0270512
42450 0.00946381 0.0096718 0.00754204 0.0266777
42455 0.00950913 0.00943523 0.0074255 0.0263699
42460 0.00954455 0.00924545 0.00733868 0.0261287
42465 0.00956395 0.00909806 0.00728835 0.0259504
42470 0.00956685 0.00898545 0.00727916 0.0258315
42475 0.0095587 0.00889933 0.00731348 0.0257715
42480 0.00954859 0.00883102 0.00739041 0.02577
42485 0.00954499 0.00877431 0.00750679 0.0258261
42490 0.00955368 0.00872583 0.00765739 0.0259369
42495 0.00957783 0.0086778 0.00783539 0.026091
42500 0.00961693 0.00862264 0.00803532 0.0262749
42505 0.00966803 0.00855671 0.00825401 0.0264787
42510 0.00972863 0.00848114 0.00849123 0.026701
42515 0.00979896 0.00840242 0.00874895 0.0269503
42520 0.00988199 0.00833133 0.00903114 0.0272445
42525 0.00998312 0.00827929 0.00934155 0.027604
42530 0.0101076 0.00825475 0.00968057 0.028043
42535 0.0102571 0.00826056 0.0100424 0.0285601
42540 0.0104276 0.0082928 0.0104171 0.0291375
42545 0.0106091 0.00834253 0.0107907 0.0297423
42550 0.0107866 0.00839866 0.0111448 0.0303301
42555 0.0109435 0.00845136 0.0114612 0.0308561
42560 0.0110694 0.00849478 0.0117243 0.0312885
42565 0.0111617 0.00852769 0.011921 0.0316104
42570 0.0112293 0.00855639 0.0120474 0.0318332
42575 0.0112911 0.00859278 0.0121051 0.031989
42580 0.0113718 0.00865173 0.0120995 0.0321231
42585 0.0114953 0.00874816 0.0120398 0.0322832
42590 0.0116784 0.0088937 0.0119372 0.0325093
42595 0.0119265 0.00909363 0.0118042 0.0328243
42600 0.0122299 0.00934615 0.0116548 0.0332309
42605 0.012564 0.00964499 0.0115043 0.0337132
42610 0.0128911 0.00997922 0.0113662 0.0342364
42615 0.0131669 0.0103334 0.0112564 0.0347567
42620 0.0133478 0.0106914 0.0111891 0.0352283
42625 0.0133952 0.01104 0.011173 0.0356082
42630 0.0132846 0.0113686 0.0112144 0.0358676
42635 0.0130097 0.0116673 0.011317 0.035994
42640 0.0125845 0.0119298 0.0114804 0.0359948
42645 0.0120421 0.0121552 0.0117057 0.035903
42650 0.0114295 0.0123461 0.0119943 0.0357699
42655 0.0108003 0.0125098 0.012345 0.0356551
42660 0.0102066 0.0126601 0.0127519 0.0356186
42665 0.00969152 0.0128176 0.0132023 0.0357114
42670 0.00928449 0.0130081 0.0136732 0.0359658
42675 0.00899855 0.0132615 0.0141326 0.0363926
42680 0.008832 0.0136054 0.0145454 0.0369828
42685 0.00877365 0.0140579 0.0148752 0.0377068
42690 0.0088053 0.0146267 0.015093 0.038525
42695 0.00890692 0.0153064 0.0151802 0.0393936
42700 0.00906029 0.0160768 0.0151315 0.0402685
42705 0.00925164 0.0168989 0.014954 0.0411045
42710 0.00947239 0.0177204 0.0146666 0.0418594
42715 0.00971633 0.0184818 0.0142978 0.0424959
42720 0.00997808 0.0191185 0.0138823 0.042979
42725 0.0102521 0.0195704 0.0134539 0.0432764
42730 0.0105318 0.0197898 0.0130427 0.0433643
42735 0.0108105 0.0197475 0.012673 0.043231
42740 0.011083 0.0194352 0.0123606 0.0428788
42745 0.0113468 0.0188664 0.0121125 0.0423257
42750 0.0116035 0.0180755 0.011926 0.041605
42755 0.0118561 0.0171136 0.0117905 0.0407601
42760 0.0121091 0.0160423 0.0116886 0.0398401
42765 0.0123649 0.0149303 0.0115952 0.0388904
42770 0.0126282 0.0138447 0.0114874 0.0379604
42775 0.0129031 0.0128469 0.0113456 0.0370956
42780 0.0131871 0.0119829 0.0111551 0.0363251
42785 0.0134693 0.0112787 0.0109117 0.0356596
42790 0.0137304 0.0107405 0.0106224 0.0350933
42795 0.0139449 0.0103554 0.0103041 0.0346044
42800 0.0140894 0.0100963 0.00997949 0.0341652
42805 0.0141492 0.00993102 0.00967444 0.0337547
42810 0.0141232 0.0098275 0.0094123 0.0333629
42815 0.0140253 0.00975668 0.00920744 0.0329895
42820 0.013884 0.0096935 0.00906149 0.032639
42825 0.0137333 0.00961981 0.00896776 0.0323209
42830 0.0136069 0.00952622 0.0089131 0.0320462
42835 0.0135323 0.00941215 0.00888078 0.0318252
42840 0.0135238 0.00928445 0.00885447 0.0316627
42845 0.01358 0.0091555 0.00882217 0.0315576
42850 0.0136846 0.00904081 0.00877964 0.031505
42855 0.013805 0.00895262 0.00873504 0.0314927
42860 0.0138993 0.00889742 0.00870767 0.0315043
42865 0.0139247 0.00887645 0.00872273 0.0315239
42870 0.013846 0.00888596 0.00880439 0.0315364
42875 0.0136438 0.00892047 0.00896696 0.0315312
42880 0.0133196 0.00897492 0.00920957 0.0315041
42885 0.0128958 0.00904474 0.00951573 0.0314562
42890 0.0124134 0.00913013 0.00985888 0.0314024
42895 0.0119253 0.00923687 0.0102051 0.0313673
42900 0.0114865 0.00937347 0.0105171 0.031377
42905 0.0111423 0.00954706 0.0107604 0.0314498
42910 0.0109205 0.00976121 0.0109084 0.0315901
42915 0.0108285 0.0100152 0.010944 0.0317877
42920 0.0108517 0.0103048 0.0108641 0.0320207
42925 0.0109557 0.0106254 0.0106805 0.0322616
42930 0.011093 0.0109734 0.0104182 0.0324846
42935 0.0112119 0.0113471 0.0101113 0.0326703
42940 0.0112674 0.011745 0.00979974 0.0328122
42945 0.0112291 0.0121644 0.00952518 0.0329187
42950 0.0110863 0.0125988 0.0093259 0.0330111
42955 0.0108504 0.0130341 0.00923067 0.0331152
42960 0.0105458 0.0134494 0.00925754 0.0332528
42965 0.0102029 0.0138196 0.00940798 0.0334305
42970 0.00985376 0.0141176 0.0096693 0.0336406
42975 0.00952114 0.0143203 0.0100224 0.0338639
42980 0.00921924 0.0144093 0.0104413 0.0340699
42985 0.00895363 0.0143735 0.0109005 0.0342277
42990 0.00872244 0.014212 0.0113802 0.0343146
42995 0.00851853 0.0139358 0.0118645 0.0343188
43000 0.0083329 0.0135666 0.0123401 0.0342396
43005 0.00815774 0.013133 0.0127982 0.0340889
43010 0.0079896 0.0126665 0.0132336 0.0338897
43015 0.00783147 0.0121978 0.0136414 0.0336707
43020 0.00769159 0.0117553 0.014014 0.0334608
43025 0.00758324 0.0113639 0.0143379 0.0332851
43030 0.00752403 0.0110427 0.0145912 0.0331579
43035 0.00752829 0.0108032 0.0147468 0.0330783
43040 0.00760348 0.0106504 0.0147771 0.033031
43045 0.0077475 0.0105818 0.0146593 0.0329886
43050 0.00794753 0.0105884 0.0143779 0.0329139
43055 0.00818177 0.0106558 0.0139247 0.0327623
43060 0.008424 0.0107646 0.0133072 0.0324958
43065 0.00864901 0.0108932 0.0125537 0.0320959
43070 0.00883596 0.0110209 0.01171 0.0315668
43075 0.00897102 0.0111307 0.010831 0.0309327
43080 0.00904865 0.0112107 0.00997032 0.0302297
43085 0.00907089 0.0112569 0.0091771 0.0295049
43090 0.0090448 0.0112746 0.00849233 0.0288117
43095 0.00898074 0.0112779 0.00793986 0.0281985
43100 0.00889244 0.0112898 0.00752954 0.0277118
43105 0.00879638 0.0113391 0.00726222 0.0273977
43110 0.00871042 0.0114563 0.00713434 0.0273011
43115 0.00865241 0.0116685 0.00714223 0.0274631
43120 0.00863552 0.0119952 0.00728626 0.027917
43125 0.00866777 0.0124431 0.00757075 0.0286816
43130 0.00875145 0.0130019 0.00800139 0.0297547
43135 0.00888289 0.013647 0.0085797 0.0311095
43140 0.0090539 0.0143428 0.00929798 0.0326947
43145 0.00925411 0.0150465 0.0101362 0.0344369
43150 0.00947468 0.0157099 0.0110622 0.0362468
43155 0.0097145 0.016284 0.0120324 0.038031
43160 0.00997949 0.0167273 0.012997 0.0397038
43165 0.0102794 0.017009 0.0139045 0.0411929
43170 0.0106246 0.0171128 0.0147048 0.0424421
43175 0.0110207 0.0170387 0.0153555 0.0434148
43180 0.0114647 0.016802 0.0158263 0.044093
43185 0.0119436 0.0164306 0.0160991 0.0444733
43190 0.0124346 0.0159602 0.016171 0.0445659
43195 0.0129072 0.015431 0.0160525 0.0443907
43200 0.0133282 0.0148832 0.0157633 0.0439748
43205 0.0136653 0.0143526 0.0153331 0.0433511
43210 0.0138893 0.0138672 0.0147972 0.0425537
43215 0.0139792 0.0134426 0.0141907 0.0416124
43220 0.0139264 0.0130811 0.0135462 0.0405538
43225 0.0137353 0.0127813 0.0128939 0.0394106
43230 0.0134233 0.012537 0.012258 0.0382182
43235 0.0130183 0.0123372 0.0116581 0.0370136
43240 0.0125544 0.0121683 0.0111111 0.0358338
43245 0.0120654 0.0120159 0.0106335 0.0347148
43250 0.0115804 0.0118682 0.0102402 0.0336888
43255 0.0111196 0.0117196 0.00994044 0.0327796
43260 0.010695 0.0115712 0.00974019 0.0320064
43265 0.0103089 0.0114304 0.00963866 0.031378
43270 0.00995786 0.0113073 0.00962736 0.0308925
43275 0.00963628 0.0112115 0.00968957 0.0305373
43280 0.00933719 0.0111487 0.00980208 0.0302879
43285 0.00905448 0.0111211 0.00993653 0.0301121
43290 0.00878382 0.0111205 0.0100642 0.0299685
43295 0.00852856 0.0111343 0.01016 0.0298228
43300 0.00829718 0.0111474 0.0102065 0.0296511
43305 0.00810044 0.0111421 0.0101936 0.0294362
43310 0.00795143 0.0111024 0.010122 0.0291759
43315 0.00786351 0.0110181 0.0100035 0.0288851
43320 0.00784914 0.010885 0.0098559 0.0285901
43325 0.00791723 0.0107081 0.00969924 0.0283245
43330 0.00807068 0.0105019 0.0095511 0.0281237
43335 0.00830685 0.0102883 0.00942449 0.0280197
43340 0.00861789 0.0100898 0.00932526 0.028033
43345 0.00898596 0.0099301 0.00924708 0.0281631
43350 0.00938221 0.00983132 0.00917779 0.0283913
43355 0.00977278 0.00980711 0.00910507 0.028685
43360 0.0101238 0.00985801 0.00902159 0.0290034
43365 0.0104045 0.00997396 0.00892269 0.0293011
43370 0.0105946 0.010132 0.00880938 0.0295359
43375 0.0106841 0.0103013 0.00869299 0.0296784
43380 0.0106729 0.0104506 0.00859569 0.0297192
43385 0.0105689 0.0105512 0.00854637 0.0296665
43390 0.0103865 0.0105823 0.00857196 0.0295407
43395 0.0101447 0.0105336 0.00869234 0.0293706
43400 0.00986527 0.0104076 0.00891746 0.0291903
43405 0.00957026 0.0102198 0.00924471 0.0290348
43410 0.00928441 0.00999431 0.00966051 0.0289392
43415 0.00903211 0.00976304 0.0101391 0.0289343
43420 0.00883694 0.00955988 0.0106442 0.0290411
43425 0.00872155 0.00941739 0.0111359 0.0292749
43430 0.00870357 0.00936112 0.0115741 0.0296388
43435 0.00879336 0.00940831 0.0119241 0.0301258
43440 0.00899333 0.00955827 0.0121558 0.0307074
43445 0.00929412 0.00979873 0.0122506 0.0313435
43450 0.00967458 0.0101093 0.0122071 0.0319909
43455 0.0101052 0.0104642 0.0120412 0.0326106
43460 0.0105533 0.0108373 0.0117839 0.0331745
43465 0.010989 0.011207 0.011475 0.0336711
43470 0.0113905 0.0115604 0.0111572 0.0341081
43475 0.0117469 0.0118953 0.0108712 0.0345134
43480 0.0120589 0.0122195 0.0106469 0.0349254
43485 0.012337 0.0125463 0.0104984 0.0353817
43490 0.0125983 0.0128896 0.0104253 0.0359132
43495 0.0128618 0.0132593 0.0104137 0.0365348
43500 0.0131427 0.0136577 0.0104407 0.0372411
43505 0.0134498 0.0140728 0.0104755 0.0379981
43510 0.0137781 0.0144845 0.0104864 0.0387491
43515 0.0141107 0.014868 0.0104484 0.0394272
43520 0.0144207 0.0151971 0.0103486 0.0399664
43525 0.0146775 0.0154493 0.0101878 0.0403146
43530 0.0148514 0.0156124 0.00998091 0.0404447
43535 0.0149197 0.0156836 0.00975578 0.0403591
43540 0.0148687 0.0156701 0.00954483 0.0400836
43545 0.0146939 0.0155859 0.00937739 0.0396572
43550 0.0144001 0.0154466 0.0092734 0.03912
43555 0.0140007 0.0152636 0.00924043 0.0385048
43560 0.0135181 0.015043 0.00927541 0.0378365
43565 0.0129829 0.0147821 0.00936422 0.0371293
43570 0.0124338 0.0144707 0.00948377 0.0363882
43575 0.0119129 0.0140958 0.00960994 0.0356186
43580 0.0114647 0.0136471 0.00971973 0.0348315
43585 0.0111329 0.0131249 0.00979697 0.0340548
43590 0.0109529 0.0125418 0.00983729 0.033332
43595 0.0109459 0.0119215 0.00984688 0.0327142
43600 0.0111141 0.0112976 0.00984054 0.0322522
43605 0.0114407 0.0107108 0.00983784 0.0319893
43610 0.0118917 0.0102059 0.00985946 0.031957
43615 0.0124191 0.00982749 0.00992349 0.0321701
43620 0.01297 0.00961277 0.0100398 0.0326226
43625 0.0134925 0.0095856 0.01021 0.0332882
43630 0.0139454 0.00975092 0.0104272 0.0341235
43635 0.0143017 0.0100957 0.0106758 0.0350731
43640 0.0145488 0.0105895 0.0109358 0.0360741
43645 0.0146892 0.0111857 0.0111851 0.0370601
43650 0.0147368 0.0118271 0.0114034 0.0379673
43655 0.0147152 0.0124525 0.0115765 0.0387442
43660 0.0146516 0.0130058 0.0116991 0.0393565
43665 0.0145685 0.0134434 0.0117738 0.0397857
43670 0.0144745 0.0137384 0.0118103 0.0400232
43675 0.0143673 0.0138796 0.0118255 0.0400724
43680 0.0142371 0.0138646 0.011839 0.0399407
43685 0.01407 0.0136994 0.0118677 0.0396371
43690 0.0138511 0.0133986 0.0119273 0.039177
43695 0.0135679 0.0129874 0.0120281 0.0385834
43700 0.0132144 0.0124987 0.0121746 0.0378877
43705 0.012789 0.0119718 0.0123652 0.037126
43710 0.0122937 0.0114504 0.0125903 0.0363344
43715 0.0117319 0.0109764 0.0128338 0.035542
43720 0.0111098 0.0105881 0.0130726 0.0347705
43725 0.0104384 0.0103153 0.013279 0.0340326
43730 0.00973582 0.0101769 0.0134305 0.0333432
43735 0.00902685 0.0101799 0.0135133 0.03272
43740 0.00833963 0.0103161 0.013519 0.0321747
43745 0.0077042 0.0105638 0.0134472 0.0317152
43750 0.00714842 0.0108906 0.0133045 0.0313435
43755 0.00669563 0.0112602 0.013102 0.0310578
43760 0.00636409 0.0116383 0.0128511 0.0308535
43765 0.00616545 0.0119925 0.012563 0.030721
43770 0.00610391 0.0122992 0.0122455 0.0306486
43775 0.0061754 0.0125421 0.0119047 0.0306222
43780 0.00636522 0.0127109 0.011549 0.030625
43785 0.00664741 0.0128033 0.0111864 0.0306371
43790 0.00698964 0.0128201 0.0108269 0.0306367
43795 0.00736017 0.0127622 0.0104853 0.0306076
43800 0.00773407 0.0126342 0.0101823 0.0305506
43805 0.00809782 0.012445 0.00994438 0.0304872
43810 0.00844827 0.0122085 0.00979803 0.0304548
43815 0.00878696 0.0119421 0.00976602 0.0304951
43820 0.00911558 0.0116617 0.00986345 0.0306408
43825 0.00943489 0.0113763 0.0100961 0.0309072
43830 0.00974648 0.0110909 0.0104526 0.03129
43835 0.010053 0.0108074 0.0109042 0.0317646
43840 0.0103584 0.010525 0.0114096 0.0322931
43845 0.0106672 0.0102433 0.0119205 0.032831
43850 0.010984 0.00996172 0.0123893 0.033335
43855 0.011313 0.00967942 0.0127759 0.0337683
43860 0.0116588 0.00939766 0.0130512 0.0341076
43865 0.0120248 0.00911954 0.0132009 0.0343453
43870 0.0124118 0.00885002 0.0132279 0.0344897
43875 0.0128182 0.0085978 0.0131449 0.0345609
43880 0.0132376 0.00837452 0.0129737 0.0345858
43885 0.0136586 0.00819391 0.0127415 0.034594
43890 0.014069 0.00807136 0.0124739 0.0346142
43895 0.014457 0.00802304 0.012191 0.034671
43900 0.0148131 0.00806449 0.0119057 0.0347833
43905 0.0151293 0.00820845 0.0116255 0.0349633
43910 0.0153967 0.00846288 0.0113553 0.0352148
43915 0.0156031 0.00882573 0.011098 0.0355268
43920 0.0157365 0.00928427 0.0108594 0.0358803
43925 0.0157855 0.00981618 0.0106466 0.0362482
43930 0.0157448 0.01039 0.0104661 0.0366008
43935 0.0156169 0.0109673 0.0103226 0.0369068
43940 0.0154088 0.0115087 0.0102197 0.0371372
43945 0.0151331 0.0119786 0.0101593 0.037271
43950 0.0148073 0.0123492 0.0101395 0.037296
43955 0.0144507 0.0126046 0.0101533 0.0372086
43960 0.0140813 0.0127421 0.0101889 0.0370122
43965 0.013712 0.0127715 0.0102283 0.0367117
43970 0.0133489 0.0127147 0.0102517 0.0363152
43975 0.0129937 0.0125974 0.0102407 0.0358319
43980 0.0126456 0.0124499 0.0101833 0.0352789
43985 0.0123037 0.0123031 0.0100749 0.0346817
43990 0.0119708 0.0121819 0.00991976 0.0340724
43995 0.0116536 0.0121008 0.0097256 0.03348
44000 0.011359 0.0120677 0.00950587 0.0329325
