#| No.|Asub | b0  | b1  | b2  | b3  | t1  | t2  | t3  |Cmin |Cmax | evalulate_value (min value is recommendation) |
#|iter| x0  | x1  | x2  | x3  | x4  | x5  | x6  | x7  | x8  | x9  | evalulate_value (min value is reccomendation) |
No.1: 1.03, 4.58, 0.01, 1.82, 2.94, 1.39, 2.80, -11.77, 0.86, 1.97, 1885431402.4995484
No.2: 1.03, 4.40, 1.23, 5.27, 0.55, 10.06, 6.26, -7.94, 0.37, 1.36, 0.48758156438025735
No.3: 1.15, 5.84, 1.89, 4.16, 17.53, 13.42, 1.28, -17.29, 0.43, 2.59, 112922180365.34424
No.4: 0.93, 3.05, 5.75, 3.20, 13.84, 4.74, 10.30, -2.97, 0.14, 2.36, 2592874985.226059
No.5: 1.20, 4.72, 1.69, 4.74, 2.07, 6.72, 13.63, -12.71, 0.65, 1.24, 43986381.499678925
No.6: 0.91, 4.37, 1.27, 1.60, 9.84, 0.81, 8.62, -15.35, 1.22, 2.26, 2923834489.5351367
No.7: 0.94, 3.02, 4.17, 2.49, 1.00, 8.04, 9.96, -8.73, 1.90, 2.06, 0.34083993591354855
No.8: 1.18, 1.61, 0.84, 4.85, 7.96, 2.49, 13.92, -11.74, 1.53, 2.31, 95924040.07824114
No.9: 1.17, 4.09, 4.51, 2.10, 5.40, 13.44, 6.43, -0.63, 1.37, 2.12, 0.8578324021063568
No.10: 0.94, 5.75, 2.70, 3.48, 8.17, 3.56, 13.56, -7.67, 0.11, 2.12, 6763669841.979406
No.11: 1.00, 3.59, 5.32, 2.15, 18.18, 9.36, 0.24, -1.27, 1.42, 2.80, 29682901206.314396
No.12: 0.96, 1.60, 5.60, 4.19, 1.33, 11.34, 11.31, -1.38, 1.46, 2.80, 0.06906702745811759
No.13: 0.91, 1.04, 0.17, 1.48, 17.21, 8.09, 8.30, -2.84, 0.34, 1.51, 231084693.74746847
No.14: 1.08, 5.85, 3.37, 0.12, 16.02, 3.50, 12.11, -11.01, 1.75, 2.35, 46168658914.933174
No.15: 1.07, 1.60, 0.36, 0.73, 0.90, 1.62, 3.39, -5.16, 1.17, 2.80, 0.1715526318918933
No.16: 0.93, 5.84, 3.41, 1.22, 5.05, 11.16, 2.94, -7.53, 1.95, 2.53, 21283808.27187891
No.17: 0.98, 3.42, 3.72, 4.98, 3.14, 0.28, 1.06, -9.24, 1.26, 2.03, 1.9724440577529465
No.18: 1.00, 5.95, 3.48, 2.29, 11.02, 11.19, 10.04, -13.23, 0.23, 1.67, 195422848445.61237
No.19: 1.09, 1.98, 4.52, 0.40, 5.21, 12.08, 2.91, -6.48, 1.10, 2.67, 0.17792160035269844
No.20: 0.98, 1.24, 4.42, 4.64, 18.16, 13.98, 0.21, -13.78, 1.28, 2.71, 270468436304.6526
No.21: 1.19, 3.74, 5.50, 3.85, 7.81, 7.29, 9.07, -8.10, 1.86, 2.66, 9860499.701588739
No.22: 1.02, 5.82, 1.05, 0.76, 2.71, 7.59, 0.33, -0.93, 1.68, 2.80, 4949.114158798588
No.23: 0.96, 2.60, 0.79, 4.86, 6.90, 14.11, 8.74, -2.18, 1.71, 2.63, 0.09684340317385268
No.24: 1.04, 3.69, 4.80, 1.72, 9.81, 8.99, 0.24, -7.31, 0.93, 2.46, 3508075677.4206834
No.25: 1.00, 5.46, 3.47, 1.11, 15.76, 9.19, 0.81, -10.43, 1.40, 2.66, 79689344976.49866
No.26: 0.91, 5.89, 2.26, 5.85, 12.10, 12.44, 8.63, -6.69, 0.65, 2.06, 16338746317.029896
No.27: 1.13, 5.28, 4.54, 4.19, 17.29, 4.85, 10.07, -9.88, 0.83, 1.74, 156368472940.36658
No.28: 1.03, 2.52, 3.74, 2.59, 19.48, 10.17, 2.98, -10.31, 0.76, 2.44, 157591837239.62616
No.29: 1.17, 5.51, 3.98, 1.63, 5.05, 12.83, 7.92, -3.56, 1.19, 2.32, 4814470.171017748
No.30: 1.06, 4.84, 3.42, 2.80, 6.86, 1.03, 5.67, -16.56, 1.97, 2.80, 47448579.12718926
No.31: 1.15, 5.37, 4.14, 3.42, 3.22, 7.01, 5.18, -13.94, 1.23, 1.57, 63266144.413778804
No.32: 1.18, 5.54, 1.55, 0.67, 3.86, 7.50, 10.93, -14.25, 0.58, 2.54, 4393736.580076636
No.33: 1.03, 4.05, 1.41, 0.62, 10.32, 7.16, 2.30, -6.80, 1.14, 2.18, 1396659328.1186087
No.34: 0.95, 4.74, 1.34, 3.12, 15.71, 0.34, 4.87, -2.28, 1.71, 1.97, 31705473182.056885
No.35: 1.16, 5.75, 4.96, 5.13, 1.98, 9.77, 10.56, -7.01, 1.62, 2.80, 2296724.0263968264
No.36: 1.14, 4.64, 1.56, 1.55, 12.65, 5.18, 11.95, -9.96, 1.59, 2.79, 20355805235.097332
No.37: 1.00, 1.63, 5.41, 3.25, 19.50, 9.55, 14.91, -8.17, 1.11, 1.25, 563375822379.8508
No.38: 1.01, 1.04, 0.97, 4.48, 0.61, 5.50, 12.94, -5.53, 1.42, 2.80, 0.12469547731473925
No.39: 1.04, 3.87, 5.94, 1.23, 4.96, 3.94, 11.26, -9.77, 0.21, 1.92, 13232508.630058283
No.40: 0.97, 4.98, 1.79, 0.17, 11.87, 12.66, 5.72, -4.50, 1.08, 1.98, 26717774004.56197
No.41: 1.19, 5.01, 0.20, 4.26, 9.31, 14.22, 3.33, -13.19, 0.26, 1.78, 16045404248.254372
No.42: 0.94, 4.14, 4.82, 4.19, 15.33, 5.14, 12.69, -10.28, 1.67, 2.13, 23150753641.862587
No.43: 0.95, 1.30, 0.11, 0.41, 9.18, 1.71, 0.42, -4.41, 0.86, 2.35, 7995479.398895635
No.44: 1.04, 3.20, 2.87, 2.85, 16.07, 6.04, 13.58, -17.33, 1.58, 2.80, 480703677225.7195
No.45: 1.09, 0.96, 3.24, 0.02, 19.03, 13.59, 11.94, -1.52, 0.38, 1.29, 0.2881617474965368
No.46: 0.96, 4.08, 5.44, 5.94, 14.23, 10.98, 13.64, -10.78, 0.58, 1.32, 9828719603.346846
No.47: 0.94, 5.05, 0.89, 1.59, 16.39, 4.66, 14.74, -13.20, 1.12, 1.57, 17208966748.660282
No.48: 1.18, 2.77, 2.61, 3.08, 18.78, 0.47, 10.76, -1.96, 0.16, 1.94, 21260917868.12645
No.49: 1.00, 5.29, 3.36, 4.15, 9.06, 9.43, 4.36, -17.83, 1.20, 1.57, 5533720867.904193
No.50: 1.06, 5.58, 2.56, 1.49, 7.43, 13.98, 14.06, -2.80, 1.85, 2.80, 1277362028.9485557
No.51: 0.91, 0.91, 2.82, 5.70, 1.53, 11.46, 11.43, -0.66, 1.61, 1.92, 0.4271377600400485
No.52: 0.95, 1.42, 5.74, 3.81, 1.39, 10.97, 11.34, -1.73, 1.43, 2.80, 0.06915569035717493
No.53: 0.99, 2.06, 6.00, 3.27, 0.77, 11.68, 11.34, -1.42, 1.33, 2.80, 0.13127252675810827
No.54: 0.94, 1.31, 5.97, 4.51, 1.78, 10.93, 11.27, -1.58, 1.52, 2.80, 0.08371544884034625
No.55: 0.95, 1.44, 4.96, 4.10, 1.32, 10.94, 11.35, -1.74, 1.46, 2.80, 0.061770331306891656
No.56: 0.91, 0.91, 4.92, 3.68, 1.59, 11.13, 11.46, -1.23, 1.43, 2.80, 0.06335961314595735
No.57: 0.95, 0.91, 5.13, 4.07, 0.69, 10.60, 11.76, -1.24, 1.42, 2.80, 0.06279140244669382
No.58: 0.91, 0.91, 4.97, 4.10, 1.18, 11.29, 12.35, -1.96, 1.06, 2.80, 0.06330902541863001
No.59: 1.01, 1.51, 4.94, 3.69, 1.46, 10.62, 12.66, -1.48, 1.82, 2.80, 0.06987645141291186
No.60: 1.00, 0.91, 4.95, 3.85, 0.68, 11.46, 11.71, -2.25, 1.78, 2.80, 0.06091308944197728
No.61: 0.96, 0.91, 4.11, 3.05, 0.61, 9.98, 11.99, -2.89, 1.51, 2.80, 0.09040291038710732
No.62: 0.96, 0.91, 5.51, 4.66, 0.01, 10.86, 13.00, -2.63, 2.00, 2.80, 0.1363107717399423
No.63: 1.04, 0.91, 4.46, 3.37, 2.10, 12.19, 11.88, -2.78, 2.00, 2.80, 0.07597846676319671
No.64: 1.03, 0.91, 4.59, 4.01, 0.64, 11.87, 10.06, -2.53, 1.58, 2.80, 0.05758168122884075
No.65: 1.01, 0.91, 4.03, 4.25, 0.17, 13.32, 10.18, -3.79, 1.41, 2.80, 0.0613386692253202
No.66: 1.06, 0.91, 4.09, 3.48, 0.01, 12.03, 8.80, -4.08, 1.74, 2.80, 0.06594329417851445
No.67: 1.05, 0.91, 4.87, 4.48, 1.72, 13.05, 8.93, -3.92, 1.45, 1.54, 0.06725520420311436
No.68: 1.05, 0.91, 4.18, 4.44, 0.01, 12.93, 9.04, -2.18, 1.71, 2.80, 0.06884653669493199
No.69: 1.05, 0.91, 4.95, 4.39, 0.01, 11.90, 9.81, -3.66, 1.47, 2.80, 0.0699871747659408
No.70: 1.05, 0.91, 4.26, 3.66, 1.41, 12.73, 9.78, -3.03, 1.48, 1.51, 0.06239193873872646
No.71: 1.05, 0.91, 4.29, 3.70, 0.01, 11.10, 9.32, -1.62, 1.49, 1.50, 0.05931066460679245
No.72: 1.05, 0.91, 4.32, 3.73, 0.01, 12.07, 10.73, -1.71, 1.50, 2.80, 0.061060144100159974
No.73: 1.04, 0.91, 4.35, 3.76, 1.47, 11.25, 9.46, -3.15, 1.51, 2.80, 0.05770005330850107
No.74: 1.04, 0.91, 4.80, 3.78, 1.36, 11.31, 9.52, -1.86, 1.52, 2.80, 0.05992687976450711
No.75: 1.04, 0.91, 4.39, 3.81, 0.76, 11.37, 10.49, -1.94, 1.64, 2.80, 0.057944815125760454
No.76: 1.04, 0.91, 4.41, 4.19, 1.24, 11.72, 10.50, -3.07, 1.53, 2.80, 0.06030410354349204
No.77: 1.04, 1.04, 4.43, 4.17, 0.69, 11.46, 9.67, -2.55, 1.54, 2.80, 0.05736347607824657
No.78: 1.03, 0.93, 4.30, 4.03, 0.40, 11.12, 9.33, -2.87, 1.49, 1.50, 0.05440854323232527
No.79: 1.03, 0.91, 4.16, 3.94, 0.81, 10.77, 8.99, -2.55, 1.45, 1.53, 0.05408507837135053
No.80: 1.03, 0.91, 4.30, 3.84, 0.51, 10.42, 8.66, -2.84, 1.41, 1.57, 0.055936807375695216
No.81: 1.03, 0.91, 4.04, 3.85, 0.56, 11.08, 8.69, -2.81, 1.42, 1.57, 0.055170818721994835
No.82: 1.03, 0.91, 4.06, 3.86, 0.57, 10.49, 9.27, -2.79, 1.42, 1.56, 0.05501878890407207
No.83: 1.03, 0.91, 4.26, 3.86, 0.68, 11.02, 9.24, -2.66, 1.42, 1.56, 0.055470047553576464
No.84: 1.03, 0.91, 4.08, 4.00, 0.61, 10.54, 8.77, -2.36, 1.48, 1.51, 0.053411805104212264
No.85: 1.03, 0.91, 4.00, 4.05, 0.78, 10.34, 8.59, -2.52, 1.50, 2.80, 0.05293209886433857
No.86: 1.03, 0.91, 3.93, 4.11, 0.66, 10.54, 8.77, -2.63, 1.53, 2.80, 0.05300535798748586
No.87: 1.03, 0.91, 4.07, 4.10, 0.89, 10.52, 8.42, -2.42, 1.52, 2.80, 0.052753185934720906
No.88: 1.03, 0.91, 4.13, 4.15, 0.98, 10.37, 8.56, -2.33, 1.54, 2.80, 0.053218247354991324
No.89: 1.03, 0.93, 4.02, 4.07, 0.97, 10.39, 8.29, -2.34, 1.54, 2.80, 0.05271577936266697
No.90: 1.03, 0.91, 3.97, 4.03, 1.04, 10.50, 8.40, -2.41, 1.55, 2.80, 0.05274857891289541
No.91: 1.03, 0.91, 4.06, 4.04, 0.91, 10.28, 8.19, -2.40, 1.55, 2.80, 0.05286214432554878
No.92: 1.03, 0.91, 3.98, 4.09, 1.03, 10.29, 8.20, -2.39, 1.53, 2.80, 0.052496001215384266
No.93: 1.03, 0.91, 3.95, 4.11, 0.98, 10.37, 8.12, -2.35, 1.52, 2.80, 0.05232929315762951
No.94: 1.03, 0.92, 3.92, 4.14, 1.01, 10.43, 8.05, -2.38, 1.53, 2.80, 0.05221768643157756
No.95: 1.03, 0.91, 3.89, 4.16, 0.99, 10.37, 7.97, -2.36, 1.54, 2.80, 0.052123577088217896
No.96: 1.04, 0.91, 3.86, 4.14, 1.00, 10.41, 7.90, -2.34, 1.53, 2.80, 0.051926923481683845
No.97: 1.04, 0.91, 3.83, 4.12, 1.02, 10.38, 7.82, -2.36, 1.52, 2.80, 0.05187277837073481
No.98: 1.04, 0.91, 3.86, 4.14, 1.03, 10.40, 7.75, -2.34, 1.52, 2.80, 0.05181286240718559
No.99: 1.04, 0.91, 3.84, 4.15, 1.04, 10.42, 7.67, -2.34, 1.52, 2.80, 0.05170652272439301
No.100: 1.04, 0.91, 3.83, 4.14, 1.03, 10.43, 7.59, -2.34, 1.51, 2.80, 0.05166390981332504
No.101: 1.04, 0.91, 3.81, 4.13, 1.04, 10.42, 7.52, -2.34, 1.52, 2.80, 0.0516450823815485
No.102: 1.04, 0.91, 3.80, 4.14, 1.04, 10.42, 7.44, -2.34, 1.51, 2.80, 0.05156538221082312
No.103: 1.04, 0.91, 3.78, 4.14, 1.05, 10.43, 7.52, -2.33, 1.51, 2.80, 0.05156396733650183
No.104: 1.04, 0.91, 3.77, 4.15, 1.05, 10.44, 7.47, -2.34, 1.51, 2.80, 0.05149422029686177
No.105: 1.04, 0.91, 3.75, 4.15, 1.06, 10.44, 7.43, -2.34, 1.51, 2.80, 0.05145189434119561
No.106: 1.04, 0.91, 3.74, 4.16, 1.06, 10.44, 7.39, -2.34, 1.50, 2.80, 0.05139349122807762
No.107: 1.04, 0.91, 3.73, 4.16, 1.07, 10.43, 7.35, -2.34, 1.50, 2.80, 0.05136991365538841
No.108: 1.04, 0.91, 3.71, 4.16, 1.07, 10.44, 7.32, -2.34, 1.50, 2.80, 0.051330206301407375
No.109: 1.04, 0.91, 3.70, 4.15, 1.08, 10.44, 7.28, -2.33, 1.50, 2.80, 0.05134311149955674
No.110: 1.04, 0.91, 3.70, 4.16, 1.08, 10.43, 7.35, -2.34, 1.50, 2.80, 0.05133655593298697
No.111: 1.04, 0.91, 3.72, 4.16, 1.08, 10.43, 7.29, -2.34, 1.50, 2.80, 0.051335066703158606
No.112: 1.04, 0.91, 3.70, 4.16, 1.07, 10.44, 7.29, -2.34, 1.50, 2.80, 0.05130894885454745
No.113: 1.04, 0.91, 3.69, 4.16, 1.07, 10.44, 7.27, -2.33, 1.50, 2.80, 0.05128948526679191
No.114: 1.04, 0.91, 3.68, 4.17, 1.06, 10.44, 7.24, -2.33, 1.49, 2.80, 0.0512356998230874
No.115: 1.04, 0.91, 3.67, 4.17, 1.06, 10.45, 7.22, -2.33, 1.49, 1.49, 0.051266951836240714
No.116: 1.04, 0.91, 3.67, 4.17, 1.06, 10.44, 7.22, -2.33, 1.49, 1.49, 0.05127383581021302
No.117: 1.04, 0.91, 3.67, 4.17, 1.06, 10.45, 7.26, -2.33, 1.49, 1.49, 0.05128185411993486
No.118: 1.04, 0.91, 3.68, 4.17, 1.07, 10.44, 7.23, -2.33, 1.49, 2.80, 0.05123048882612145
No.119: 1.04, 0.91, 3.67, 4.17, 1.07, 10.45, 7.21, -2.33, 1.49, 2.80, 0.0512066378059024
No.120: 1.04, 0.91, 3.66, 4.17, 1.07, 10.45, 7.20, -2.33, 1.49, 2.80, 0.05119346613956892
No.121: 1.04, 0.91, 3.66, 4.17, 1.07, 10.45, 7.19, -2.33, 1.49, 2.80, 0.05119028272966064
No.122: 1.04, 0.91, 3.65, 4.17, 1.07, 10.45, 7.17, -2.33, 1.49, 2.80, 0.05117455087046475
No.123: 1.04, 0.91, 3.65, 4.17, 1.08, 10.45, 7.16, -2.33, 1.49, 2.80, 0.05117031114889297
No.124: 1.04, 0.91, 3.64, 4.18, 1.08, 10.45, 7.14, -2.33, 1.49, 2.80, 0.05111720826034705
No.125: 1.04, 0.91, 3.64, 4.18, 1.08, 10.45, 7.13, -2.33, 1.49, 2.80, 0.0511139115968972
No.126: 1.04, 0.91, 3.63, 4.18, 1.08, 10.45, 7.11, -2.33, 1.49, 2.80, 0.05109836810324667
No.127: 1.04, 0.91, 3.62, 4.18, 1.09, 10.46, 7.10, -2.33, 1.49, 1.49, 0.05113327528371355
No.128: 1.04, 0.91, 3.63, 4.18, 1.09, 10.46, 7.10, -2.33, 1.49, 2.80, 0.051086698011017465
No.129: 1.04, 0.91, 3.62, 4.18, 1.09, 10.46, 7.09, -2.33, 1.49, 2.80, 0.05107468293916948
No.130: 1.04, 0.91, 3.62, 4.18, 1.09, 10.46, 7.08, -2.33, 1.48, 2.80, 0.05107324688455487
No.131: 1.04, 0.91, 3.61, 4.18, 1.09, 10.46, 7.07, -2.33, 1.48, 2.80, 0.05106164185254178
No.132: 1.04, 0.91, 3.61, 4.18, 1.09, 10.46, 7.06, -2.33, 1.48, 2.80, 0.05105917076327326
No.133: 1.04, 0.91, 3.60, 4.19, 1.09, 10.46, 7.05, -2.33, 1.48, 2.80, 0.0510093089998718
No.134: 1.04, 0.91, 3.60, 4.19, 1.10, 10.46, 7.04, -2.33, 1.48, 2.80, 0.05100484997065645
No.135: 1.04, 0.91, 3.60, 4.19, 1.10, 10.46, 7.03, -2.33, 1.48, 1.48, 0.05105656974073869
No.136: 1.04, 0.91, 3.60, 4.19, 1.10, 10.46, 7.03, -2.33, 1.48, 2.80, 0.05100195313462645
No.137: 1.04, 0.91, 3.61, 4.19, 1.10, 10.46, 7.02, -2.33, 1.48, 2.80, 0.0510079372189009
No.138: 1.04, 0.91, 3.61, 4.19, 1.10, 10.46, 7.02, -2.33, 1.48, 2.80, 0.0510079372189009
No.139: 1.04, 0.91, 3.61, 4.19, 1.10, 10.46, 7.02, -2.33, 1.48, 2.80, 0.0510079372189009
No.140: 1.04, 0.91, 3.61, 4.19, 1.10, 10.46, 7.02, -2.33, 1.48, 2.80, 0.0510079372189009
No.141: 1.04, 0.91, 3.61, 4.19, 1.10, 10.46, 7.02, -2.33, 1.48, 2.80, 0.0510079372189009
No.142: 1.04, 0.91, 3.61, 4.19, 1.10, 10.46, 7.02, -2.33, 1.48, 2.80, 0.0510079372189009
No.143: 1.04, 0.91, 3.61, 4.19, 1.10, 10.46, 7.02, -2.33, 1.48, 2.80, 0.0510079372189009
No.144: 1.04, 0.91, 3.60, 4.19, 1.10, 10.46, 7.02, -2.33, 1.48, 2.80, 0.05099914426727198
No.145: 1.04, 0.91, 3.60, 4.19, 1.10, 10.46, 7.02, -2.33, 1.48, 2.80, 0.05099914426727198
No.146: 1.04, 0.91, 3.60, 4.19, 1.10, 10.46, 7.02, -2.33, 1.48, 2.80, 0.05099914426727198
No.147: 1.04, 0.91, 3.60, 4.19, 1.10, 10.46, 7.02, -2.33, 1.48, 2.80, 0.05099914426727198
No.148: 1.04, 0.91, 3.60, 4.19, 1.10, 10.46, 7.02, -2.33, 1.48, 2.80, 0.05099914426727198
No.149: 1.04, 0.91, 3.60, 4.19, 1.10, 10.46, 7.02, -2.33, 1.48, 2.80, 0.05099914426727198
No.150: 1.04, 0.91, 3.60, 4.19, 1.10, 10.46, 7.02, -2.33, 1.48, 2.80, 0.05099914426727198
No.151: 1.04, 0.91, 3.60, 4.19, 1.10, 10.46, 7.02, -2.33, 1.48, 2.80, 0.05099914426727198
No.152: 1.04, 0.91, 3.60, 4.19, 1.10, 10.46, 7.02, -2.33, 1.48, 2.80, 0.05099914426727198
No.153: 1.04, 0.91, 3.60, 4.19, 1.10, 10.46, 7.02, -2.33, 1.48, 2.80, 0.05099914426727198
No.154: 1.04, 0.91, 3.60, 4.19, 1.10, 10.46, 7.02, -2.33, 1.48, 2.80, 0.05099914426727198
No.155: 1.04, 0.91, 3.60, 4.19, 1.10, 10.46, 7.02, -2.33, 1.48, 2.80, 0.05099914426727198
No.156: 1.04, 0.91, 3.60, 4.19, 1.10, 10.46, 7.02, -2.33, 1.48, 2.80, 0.05099914426727198
No.157: 1.04, 0.91, 3.60, 4.19, 1.10, 10.46, 7.02, -2.33, 1.48, 2.80, 0.05099914426727198
No.158: 1.04, 0.91, 3.60, 4.19, 1.10, 10.46, 7.02, -2.33, 1.48, 2.80, 0.05099914426727198
No.159: 1.04, 0.91, 3.60, 4.19, 1.10, 10.46, 7.02, -2.33, 1.48, 2.80, 0.05099914426727198
No.160: 1.04, 0.91, 3.60, 4.19, 1.10, 10.46, 7.02, -2.33, 1.48, 2.80, 0.05099914426727198
No.161: 1.04, 0.91, 3.60, 4.19, 1.10, 10.46, 7.02, -2.33, 1.48, 2.80, 0.05099914426727198
No.162: 1.04, 0.91, 3.60, 4.19, 1.10, 10.46, 7.02, -2.33, 1.48, 2.80, 0.05099914426727198
No.163: 1.04, 0.91, 3.60, 4.19, 1.10, 10.46, 7.02, -2.33, 1.48, 2.80, 0.05099914426727198
No.164: 1.04, 0.91, 3.60, 4.19, 1.10, 10.46, 7.02, -2.33, 1.48, 2.80, 0.05099914426727198
No.165: 1.04, 0.91, 3.60, 4.19, 1.10, 10.46, 7.02, -2.33, 1.48, 2.80, 0.05099914426727198
No.166: 1.04, 0.91, 3.60, 4.19, 1.10, 10.46, 7.02, -2.33, 1.48, 2.80, 0.05099914426727198
No.167: 1.04, 0.91, 3.60, 4.19, 1.10, 10.46, 7.02, -2.33, 1.48, 2.80, 0.05099914426727198
No.168: 1.04, 0.91, 3.60, 4.19, 1.10, 10.46, 7.02, -2.33, 1.48, 2.80, 0.05099914426727198
No.169: 1.04, 0.91, 3.60, 4.19, 1.10, 10.46, 7.02, -2.33, 1.48, 2.80, 0.05099914426727198
No.170: 1.04, 0.91, 3.60, 4.19, 1.10, 10.46, 7.02, -2.33, 1.48, 2.80, 0.05099914426727198
No.171: 1.04, 0.91, 3.60, 4.19, 1.10, 10.46, 7.02, -2.33, 1.48, 2.80, 0.05099914426727198
No.172: 1.04, 0.91, 3.60, 4.19, 1.10, 10.46, 7.02, -2.33, 1.48, 2.80, 0.05099914426727198
No.173: 1.04, 0.91, 3.60, 4.19, 1.10, 10.46, 7.02, -2.33, 1.48, 2.80, 0.05099914426727198
No.174: 1.04, 0.91, 3.60, 4.19, 1.10, 10.46, 7.02, -2.33, 1.48, 2.80, 0.05099914426727198
No.175: 1.04, 0.91, 3.60, 4.19, 1.10, 10.46, 7.02, -2.33, 1.48, 2.80, 0.05099914426727198
No.176: 1.04, 0.91, 3.60, 4.19, 1.10, 10.46, 7.02, -2.33, 1.48, 2.80, 0.05099914426727198
No.177: 1.04, 0.91, 3.60, 4.19, 1.10, 10.46, 7.02, -2.33, 1.48, 2.80, 0.05099914426727198
No.178: 1.04, 0.91, 3.60, 4.19, 1.10, 10.46, 7.02, -2.33, 1.48, 2.80, 0.05099914426727198
No.179: 1.04, 0.91, 3.60, 4.19, 1.10, 10.46, 7.02, -2.33, 1.48, 2.80, 0.05099914426727198
No.180: 1.04, 0.91, 3.60, 4.19, 1.10, 10.46, 7.02, -2.33, 1.48, 2.80, 0.05099914426727198
No.181: 1.04, 0.91, 3.60, 4.19, 1.10, 10.46, 7.02, -2.33, 1.48, 2.80, 0.05099914426727198
No.182: 1.04, 0.91, 3.60, 4.19, 1.10, 10.46, 7.02, -2.33, 1.48, 2.80, 0.05099914426727198
No.183: 1.04, 0.91, 3.60, 4.19, 1.10, 10.46, 7.02, -2.33, 1.48, 2.80, 0.05099914426727198
No.184: 1.04, 0.91, 3.60, 4.19, 1.10, 10.46, 7.02, -2.33, 1.48, 2.80, 0.05099914426727198
No.185: 1.04, 0.91, 3.60, 4.19, 1.10, 10.46, 7.02, -2.33, 1.48, 2.80, 0.05099914426727198
No.186: 1.04, 0.91, 3.60, 4.19, 1.10, 10.46, 7.02, -2.33, 1.48, 2.80, 0.05099914426727198
No.187: 1.04, 0.91, 3.60, 4.19, 1.10, 10.46, 7.02, -2.33, 1.48, 2.80, 0.05099914426727198
No.188: 1.04, 0.91, 3.60, 4.19, 1.10, 10.46, 7.02, -2.33, 1.48, 2.80, 0.05099914426727198
No.189: 1.04, 0.91, 3.60, 4.19, 1.10, 10.46, 7.02, -2.33, 1.48, 2.80, 0.05099914426727198
No.190: 1.04, 0.91, 3.60, 4.19, 1.10, 10.46, 7.02, -2.33, 1.48, 2.80, 0.05099914426727198
No.191: 1.04, 0.91, 3.60, 4.19, 1.10, 10.46, 7.02, -2.33, 1.48, 2.80, 0.05099914426727198
No.192: 1.04, 0.91, 3.60, 4.19, 1.10, 10.46, 7.02, -2.33, 1.48, 2.80, 0.05099914426727198
No.193: 1.04, 0.91, 3.60, 4.19, 1.10, 10.46, 7.02, -2.33, 1.48, 2.80, 0.05099914426727198
No.194: 1.04, 0.91, 3.60, 4.19, 1.10, 10.46, 7.02, -2.33, 1.48, 2.80, 0.05099914426727198
No.195: 1.04, 0.91, 3.60, 4.19, 1.10, 10.46, 7.02, -2.33, 1.48, 2.80, 0.05099914426727198
No.196: 1.04, 0.91, 3.60, 4.19, 1.10, 10.46, 7.02, -2.33, 1.48, 2.80, 0.05099914426727198
No.197: 1.04, 0.91, 3.60, 4.19, 1.10, 10.46, 7.02, -2.33, 1.48, 2.80, 0.05099914426727198
No.198: 1.04, 0.91, 3.60, 4.19, 1.10, 10.46, 7.02, -2.33, 1.48, 2.80, 0.05099914426727198
No.199: 1.04, 0.91, 3.60, 4.19, 1.10, 10.46, 7.02, -2.33, 1.48, 2.80, 0.05099914426727198
No.200: 1.04, 0.91, 3.60, 4.19, 1.10, 10.46, 7.02, -2.33, 1.48, 2.80, 0.05099914426727198
No.201: 1.04, 0.91, 3.60, 4.19, 1.10, 10.46, 7.02, -2.33, 1.48, 2.80, 0.05099914426727198
No.202: 1.04, 0.91, 3.60, 4.19, 1.10, 10.46, 7.02, -2.33, 1.48, 2.80, 0.05099914426727198
No.203: 1.04, 0.91, 3.60, 4.19, 1.10, 10.46, 7.02, -2.33, 1.48, 2.80, 0.05099914426727198
No.204: 1.04, 0.91, 3.60, 4.19, 1.10, 10.46, 7.02, -2.33, 1.48, 2.80, 0.05099914426727198
No.205: 1.04, 0.91, 3.60, 4.19, 1.10, 10.46, 7.02, -2.33, 1.48, 2.80, 0.05099914426727198
No.206: 1.04, 0.91, 3.60, 4.19, 1.10, 10.46, 7.02, -2.33, 1.48, 2.80, 0.05099914426727198
No.207: 1.04, 0.91, 3.60, 4.19, 1.10, 10.46, 7.02, -2.33, 1.48, 2.80, 0.05099914426727198
No.208: 1.04, 0.91, 3.60, 4.19, 1.10, 10.46, 7.02, -2.33, 1.48, 2.80, 0.05099914426727198
No.209: 1.04, 0.91, 3.60, 4.19, 1.10, 10.46, 7.02, -2.33, 1.48, 2.80, 0.05099914426727198
No.210: 1.04, 0.91, 3.60, 4.19, 1.10, 10.46, 7.02, -2.33, 1.48, 2.80, 0.05099914426727198
No.211: 1.04, 0.91, 3.60, 4.19, 1.10, 10.46, 7.02, -2.33, 1.48, 2.80, 0.05099914426727198
No.212: 1.04, 0.91, 3.60, 4.19, 1.10, 10.46, 7.02, -2.33, 1.48, 2.80, 0.05099914426727198
No.213: 1.04, 0.91, 3.60, 4.19, 1.10, 10.46, 7.02, -2.33, 1.48, 2.80, 0.05099914426727198
No.214: 1.04, 0.91, 3.60, 4.19, 1.10, 10.46, 7.02, -2.33, 1.48, 2.80, 0.05099914426727198
No.215: 1.04, 0.91, 3.60, 4.19, 1.10, 10.46, 7.02, -2.33, 1.48, 2.80, 0.05099914426727198
No.216: 1.04, 0.91, 3.60, 4.19, 1.10, 10.46, 7.02, -2.33, 1.48, 2.80, 0.05099914426727198
No.217: 1.04, 0.91, 3.60, 4.19, 1.10, 10.46, 7.02, -2.33, 1.48, 2.80, 0.05099914426727198
No.218: 1.04, 0.91, 3.60, 4.19, 1.10, 10.46, 7.02, -2.33, 1.48, 2.80, 0.05099914426727198
No.219: 1.04, 0.91, 3.60, 4.19, 1.10, 10.46, 7.02, -2.33, 1.48, 2.80, 0.05099914426727198
No.220: 1.04, 0.91, 3.60, 4.19, 1.10, 10.46, 7.02, -2.33, 1.48, 2.80, 0.05099914426727198
No.221: 1.04, 0.91, 3.60, 4.19, 1.10, 10.46, 7.02, -2.33, 1.48, 2.80, 0.05099914426727198
No.222: 1.04, 0.91, 3.60, 4.19, 1.10, 10.46, 7.02, -2.33, 1.48, 2.80, 0.05099914426727198
No.223: 1.04, 0.91, 3.60, 4.19, 1.10, 10.46, 7.02, -2.33, 1.48, 2.80, 0.05099914426727198
No.224: 1.04, 0.91, 3.60, 4.19, 1.10, 10.46, 7.02, -2.33, 1.48, 2.80, 0.05099914426727198
No.225: 1.04, 0.91, 3.60, 4.19, 1.10, 10.46, 7.02, -2.33, 1.48, 2.80, 0.05099914426727198
No.226: 1.04, 0.91, 3.60, 4.19, 1.10, 10.46, 7.02, -2.33, 1.48, 2.80, 0.05099914426727198
No.227: 1.04, 0.91, 3.60, 4.19, 1.10, 10.46, 7.02, -2.33, 1.48, 2.80, 0.05099914426727198
No.228: 1.04, 0.91, 3.60, 4.19, 1.10, 10.46, 7.02, -2.33, 1.48, 2.80, 0.05099914426727198
No.229: 1.04, 0.91, 3.60, 4.19, 1.10, 10.46, 7.02, -2.33, 1.48, 2.80, 0.05099914426727198
No.230: 1.04, 0.91, 3.60, 4.19, 1.10, 10.46, 7.02, -2.33, 1.48, 2.80, 0.05099914426727198
No.231: 1.04, 0.91, 3.60, 4.19, 1.10, 10.46, 7.02, -2.33, 1.48, 2.80, 0.05099914426727198
No.232: 1.04, 0.91, 3.60, 4.19, 1.10, 10.46, 7.02, -2.33, 1.48, 2.80, 0.05099914426727198
No.233: 1.04, 0.91, 3.60, 4.19, 1.10, 10.46, 7.02, -2.33, 1.48, 2.80, 0.05099914426727198
No.234: 1.04, 0.91, 3.60, 4.19, 1.10, 10.46, 7.02, -2.33, 1.48, 2.80, 0.05099914426727198
No.235: 1.04, 0.91, 3.60, 4.19, 1.10, 10.46, 7.02, -2.33, 1.48, 2.80, 0.05099914426727198
No.236: 1.04, 0.91, 3.60, 4.19, 1.10, 10.46, 7.02, -2.33, 1.48, 2.80, 0.05099914426727198
No.237: 1.04, 0.91, 3.60, 4.19, 1.10, 10.46, 7.02, -2.33, 1.48, 2.80, 0.05099914426727198
No.238: 1.04, 0.91, 3.60, 4.19, 1.10, 10.46, 7.02, -2.33, 1.48, 2.80, 0.05099914426727198
No.239: 1.04, 0.91, 3.60, 4.19, 1.10, 10.46, 7.02, -2.33, 1.48, 2.80, 0.05099914426727198
No.240: 1.04, 0.91, 3.60, 4.19, 1.10, 10.46, 7.02, -2.33, 1.48, 2.80, 0.05099914426727198
No.241: 1.04, 0.91, 3.60, 4.19, 1.10, 10.46, 7.02, -2.33, 1.48, 2.80, 0.05099914426727198
No.242: 1.04, 0.91, 3.60, 4.19, 1.10, 10.46, 7.02, -2.33, 1.48, 2.80, 0.05099914426727198
No.243: 1.04, 0.91, 3.60, 4.19, 1.10, 10.46, 7.02, -2.33, 1.48, 2.80, 0.05099914426727198
No.244: 1.04, 0.91, 3.60, 4.19, 1.10, 10.46, 7.02, -2.33, 1.48, 2.80, 0.05099914426727198
No.245: 1.04, 0.91, 3.60, 4.19, 1.10, 10.46, 7.02, -2.33, 1.48, 2.80, 0.05099914426727198
No.246: 1.04, 0.91, 3.60, 4.19, 1.10, 10.46, 7.02, -2.33, 1.48, 2.80, 0.05099914426727198
No.247: 1.04, 0.91, 3.60, 4.19, 1.10, 10.46, 7.02, -2.33, 1.48, 2.80, 0.05099914426727198
No.248: 1.04, 0.91, 3.60, 4.19, 1.10, 10.46, 7.02, -2.33, 1.48, 2.80, 0.05099914426727198
No.249: 1.04, 0.91, 3.60, 4.19, 1.10, 10.46, 7.02, -2.33, 1.48, 2.80, 0.05099914426727198
No.250: 1.04, 0.91, 3.60, 4.19, 1.10, 10.46, 7.02, -2.33, 1.48, 2.80, 0.05099914426727198
No.251: 1.04, 0.91, 3.60, 4.19, 1.10, 10.46, 7.02, -2.33, 1.48, 2.80, 0.05099914426727198
No.252: 1.04, 0.91, 3.60, 4.19, 1.10, 10.46, 7.02, -2.33, 1.48, 2.80, 0.05099914426727198
No.253: 1.04, 0.91, 3.60, 4.19, 1.10, 10.46, 7.02, -2.33, 1.48, 2.80, 0.05099914426727198
No.254: 1.04, 0.91, 3.60, 4.19, 1.10, 10.46, 7.02, -2.33, 1.48, 2.80, 0.05099914426727198
No.255: 1.04, 0.91, 3.60, 4.19, 1.10, 10.46, 7.02, -2.33, 1.48, 2.80, 0.05099914426727198
No.256: 1.04, 0.91, 3.60, 4.19, 1.10, 10.46, 7.02, -2.33, 1.48, 2.80, 0.05099914426727198
No.257: 1.04, 0.91, 3.60, 4.19, 1.10, 10.46, 7.02, -2.33, 1.48, 2.80, 0.05099914426727198
No.258: 1.04, 0.91, 3.60, 4.19, 1.10, 10.46, 7.02, -2.33, 1.48, 2.80, 0.05099914426727198
No.259: 1.04, 0.91, 3.60, 4.19, 1.10, 10.46, 7.02, -2.33, 1.48, 2.80, 0.05099914426727198
No.260: 1.04, 0.91, 3.60, 4.19, 1.10, 10.46, 7.02, -2.33, 1.48, 2.80, 0.05099914426727198
No.261: 1.04, 0.91, 3.60, 4.19, 1.10, 10.46, 7.02, -2.33, 1.48, 2.80, 0.05099914426727198
No.262: 1.04, 0.91, 3.60, 4.19, 1.10, 10.46, 7.02, -2.33, 1.48, 2.80, 0.05099914426727198
No.263: 1.04, 0.91, 3.60, 4.19, 1.10, 10.46, 7.02, -2.33, 1.48, 2.80, 0.05099914426727198
No.264: 1.04, 0.91, 3.60, 4.19, 1.10, 10.46, 7.02, -2.33, 1.48, 2.80, 0.05099914426727198
No.265: 1.04, 0.91, 3.60, 4.19, 1.10, 10.46, 7.02, -2.33, 1.48, 2.80, 0.05099914426727198
No.266: 1.04, 0.91, 3.60, 4.19, 1.10, 10.46, 7.02, -2.33, 1.48, 2.80, 0.05099914426727198
No.267: 1.04, 0.91, 3.60, 4.19, 1.10, 10.46, 7.02, -2.33, 1.48, 2.80, 0.05099914426727198
No.268: 1.04, 0.91, 3.60, 4.19, 1.10, 10.46, 7.02, -2.33, 1.48, 2.80, 0.05099914426727198
No.269: 1.04, 0.91, 3.60, 4.19, 1.10, 10.46, 7.02, -2.33, 1.48, 2.80, 0.05099914426727198
No.270: 1.04, 0.91, 3.60, 4.19, 1.10, 10.46, 7.02, -2.33, 1.48, 2.80, 0.05099914426727198
No.271: 1.04, 0.91, 3.60, 4.19, 1.10, 10.46, 7.02, -2.33, 1.48, 2.80, 0.05099914426727198
No.272: 1.04, 0.91, 3.60, 4.19, 1.10, 10.46, 7.02, -2.33, 1.48, 2.80, 0.05099914426727198
No.273: 1.04, 0.91, 3.60, 4.19, 1.10, 10.46, 7.02, -2.33, 1.48, 2.80, 0.05099914426727198
No.274: 1.04, 0.91, 3.60, 4.19, 1.10, 10.46, 7.02, -2.33, 1.48, 2.80, 0.05099914426727198
No.275: 1.04, 0.91, 3.60, 4.19, 1.10, 10.46, 7.02, -2.33, 1.48, 2.80, 0.05099914426727198
No.276: 1.04, 0.91, 3.60, 4.19, 1.10, 10.46, 7.02, -2.33, 1.48, 2.80, 0.05099914426727198
No.277: 1.04, 0.91, 3.60, 4.19, 1.10, 10.46, 7.02, -2.33, 1.48, 2.80, 0.05099914426727198
No.278: 1.04, 0.91, 3.60, 4.19, 1.10, 10.46, 7.02, -2.33, 1.48, 2.80, 0.05099914426727198
No.279: 1.04, 0.91, 3.60, 4.19, 1.10, 10.46, 7.02, -2.33, 1.48, 2.80, 0.05099914426727198
No.280: 1.04, 0.91, 3.60, 4.19, 1.10, 10.46, 7.02, -2.33, 1.48, 2.80, 0.05099914426727198
No.281: 1.04, 0.91, 3.60, 4.19, 1.10, 10.46, 7.02, -2.33, 1.48, 2.80, 0.05099914426727198
No.282: 1.04, 0.91, 3.60, 4.19, 1.10, 10.46, 7.02, -2.33, 1.48, 2.80, 0.05099914426727198
No.283: 1.04, 0.91, 3.60, 4.19, 1.10, 10.46, 7.02, -2.33, 1.48, 2.80, 0.05099914426727198
No.284: 1.04, 0.91, 3.60, 4.19, 1.10, 10.46, 7.02, -2.33, 1.48, 2.80, 0.05099914426727198
No.285: 1.04, 0.91, 3.60, 4.19, 1.10, 10.46, 7.02, -2.33, 1.48, 2.80, 0.05099914426727198
No.286: 1.04, 0.91, 3.60, 4.19, 1.10, 10.46, 7.02, -2.33, 1.48, 2.80, 0.05099914426727198
No.287: 1.04, 0.91, 3.60, 4.19, 1.10, 10.46, 7.02, -2.33, 1.48, 2.80, 0.05099914426727198
No.288: 1.04, 0.91, 3.60, 4.19, 1.10, 10.46, 7.02, -2.33, 1.48, 2.80, 0.05099914426727198
No.289: 1.04, 0.91, 3.60, 4.19, 1.10, 10.46, 7.02, -2.33, 1.48, 2.80, 0.05099914426727198
No.290: 1.04, 0.91, 3.60, 4.19, 1.10, 10.46, 7.02, -2.33, 1.48, 2.80, 0.05099914426727198
No.291: 1.04, 0.91, 3.60, 4.19, 1.10, 10.46, 7.02, -2.33, 1.48, 2.80, 0.05099914426727198
No.292: 1.04, 0.91, 3.60, 4.19, 1.10, 10.46, 7.02, -2.33, 1.48, 2.80, 0.05099914426727198
No.293: 1.04, 0.91, 3.60, 4.19, 1.10, 10.46, 7.02, -2.33, 1.48, 2.80, 0.05099914426727198
No.294: 1.04, 0.91, 3.60, 4.19, 1.10, 10.46, 7.02, -2.33, 1.48, 2.80, 0.05099914426727198
No.295: 1.04, 0.91, 3.60, 4.19, 1.10, 10.46, 7.02, -2.33, 1.48, 2.80, 0.05099914426727198
No.296: 1.04, 0.91, 3.60, 4.19, 1.10, 10.46, 7.02, -2.33, 1.48, 2.80, 0.05099914426727198
No.297: 1.04, 0.91, 3.60, 4.19, 1.10, 10.46, 7.02, -2.33, 1.48, 2.80, 0.05099914426727198
No.298: 1.04, 0.91, 3.60, 4.19, 1.10, 10.46, 7.02, -2.33, 1.48, 2.80, 0.05099914426727198
No.299: 1.04, 0.91, 3.60, 4.19, 1.10, 10.46, 7.02, -2.33, 1.48, 2.80, 0.05099914426727198
No.300: 1.04, 0.91, 3.60, 4.19, 1.10, 10.46, 7.02, -2.33, 1.48, 2.80, 0.05099914426727198
No.301: 1.04, 0.91, 3.60, 4.19, 1.10, 10.46, 7.02, -2.33, 1.48, 2.80, 0.05099914426727198
No.302: 1.04, 0.91, 3.60, 4.19, 1.10, 10.46, 7.02, -2.33, 1.48, 2.80, 0.05099914426727198
No.303: 1.04, 0.91, 3.60, 4.19, 1.10, 10.46, 7.02, -2.33, 1.48, 2.80, 0.05099914426727198
No.304: 1.04, 0.91, 3.60, 4.19, 1.10, 10.46, 7.02, -2.33, 1.48, 2.80, 0.05099914426727198
No.305: 1.04, 0.91, 3.60, 4.19, 1.10, 10.46, 7.02, -2.33, 1.48, 2.80, 0.05099914426727198
No.306: 1.04, 0.91, 3.60, 4.19, 1.10, 10.46, 7.02, -2.33, 1.48, 2.80, 0.05099914426727198
No.307: 1.04, 0.91, 3.60, 4.19, 1.10, 10.46, 7.02, -2.33, 1.48, 2.80, 0.05099914426727198
No.308: 1.04, 0.91, 3.60, 4.19, 1.10, 10.46, 7.02, -2.33, 1.48, 2.80, 0.05099914426727198
No.309: 1.04, 0.91, 3.60, 4.19, 1.10, 10.46, 7.02, -2.33, 1.48, 2.80, 0.05099914426727198
No.310: 1.04, 0.91, 3.60, 4.19, 1.10, 10.46, 7.02, -2.33, 1.48, 2.80, 0.05099914426727198
No.311: 1.04, 0.91, 3.60, 4.19, 1.10, 10.46, 7.02, -2.33, 1.48, 2.80, 0.05099914426727198
No.312: 1.04, 0.91, 3.60, 4.19, 1.10, 10.46, 7.02, -2.33, 1.48, 2.80, 0.05099914426727198
No.313: 1.04, 0.91, 3.60, 4.19, 1.10, 10.46, 7.02, -2.33, 1.48, 2.80, 0.05099914426727198
No.314: 1.04, 0.91, 3.60, 4.19, 1.10, 10.46, 7.02, -2.33, 1.48, 2.80, 0.05099914426727198
No.315: 1.04, 0.91, 3.60, 4.19, 1.10, 10.46, 7.02, -2.33, 1.48, 2.80, 0.05099914426727198
No.316: 1.04, 0.91, 3.60, 4.19, 1.10, 10.46, 7.02, -2.33, 1.48, 2.80, 0.05099914426727198
No.317: 1.04, 0.91, 3.60, 4.19, 1.10, 10.46, 7.02, -2.33, 1.48, 2.80, 0.05099914426727198
No.318: 1.04, 0.91, 3.60, 4.19, 1.10, 10.46, 7.02, -2.33, 1.48, 2.80, 0.05099914426727198
No.319: 1.04, 0.91, 3.60, 4.19, 1.10, 10.46, 7.02, -2.33, 1.48, 2.80, 0.05099914426727198
No.320: 1.04, 0.91, 3.60, 4.19, 1.10, 10.46, 7.02, -2.33, 1.48, 2.80, 0.05099914426727198
No.321: 1.04, 0.91, 3.60, 4.19, 1.10, 10.46, 7.02, -2.33, 1.48, 2.80, 0.05099914426727198
No.322: 1.04, 0.91, 3.60, 4.19, 1.10, 10.46, 7.02, -2.33, 1.48, 2.80, 0.05099914426727198
No.323: 1.04, 0.91, 3.60, 4.19, 1.10, 10.46, 7.02, -2.33, 1.48, 2.80, 0.05099914426727198
No.324: 1.04, 0.91, 3.60, 4.19, 1.10, 10.46, 7.02, -2.33, 1.48, 2.80, 0.05099914426727198
No.325: 1.04, 0.91, 3.60, 4.19, 1.10, 10.46, 7.02, -2.33, 1.48, 2.80, 0.05099914426727198
No.326: 1.04, 0.91, 3.60, 4.19, 1.10, 10.46, 7.02, -2.33, 1.48, 2.80, 0.05099914426727198
No.327: 1.04, 0.91, 3.60, 4.19, 1.10, 10.46, 7.02, -2.33, 1.48, 2.80, 0.05099914426727198
No.328: 1.04, 0.91, 3.60, 4.19, 1.10, 10.46, 7.02, -2.33, 1.48, 2.80, 0.05099914426727198
No.329: 1.04, 0.91, 3.60, 4.19, 1.10, 10.46, 7.02, -2.33, 1.48, 2.80, 0.05099914426727198
No.330: 1.04, 0.91, 3.60, 4.19, 1.10, 10.46, 7.02, -2.33, 1.48, 2.80, 0.05099914426727198
No.331: 1.04, 0.91, 3.60, 4.19, 1.10, 10.46, 7.02, -2.33, 1.48, 2.80, 0.05099914426727198
No.332: 1.04, 0.91, 3.60, 4.19, 1.10, 10.46, 7.02, -2.33, 1.48, 2.80, 0.05099914426727198
No.333: 1.04, 0.91, 3.60, 4.19, 1.10, 10.46, 7.02, -2.33, 1.48, 2.80, 0.05099914426727198
No.334: 1.04, 0.91, 3.60, 4.19, 1.10, 10.46, 7.02, -2.33, 1.48, 2.80, 0.05099914426727198
No.335: 1.04, 0.91, 3.60, 4.19, 1.10, 10.46, 7.02, -2.33, 1.48, 2.80, 0.05099914426727198
No.336: 1.04, 0.91, 3.60, 4.19, 1.10, 10.46, 7.02, -2.33, 1.48, 2.80, 0.05099914426727198
No.337: 1.04, 0.91, 3.60, 4.19, 1.10, 10.46, 7.02, -2.33, 1.48, 2.80, 0.05099914426727198
No.338: 1.04, 0.91, 3.60, 4.19, 1.10, 10.46, 7.02, -2.33, 1.48, 2.80, 0.05099914426727198
No.339: 1.04, 0.91, 3.60, 4.19, 1.10, 10.46, 7.02, -2.33, 1.48, 2.80, 0.05099914426727198
No.340: 1.04, 0.91, 3.60, 4.19, 1.10, 10.46, 7.02, -2.33, 1.48, 2.80, 0.05099914426727198
No.341: 1.04, 0.91, 3.60, 4.19, 1.10, 10.46, 7.02, -2.33, 1.48, 2.80, 0.05099914426727198
No.342: 1.04, 0.91, 3.60, 4.19, 1.10, 10.46, 7.02, -2.33, 1.48, 2.80, 0.05099914426727198
No.343: 1.04, 0.91, 3.60, 4.19, 1.10, 10.46, 7.02, -2.33, 1.48, 2.80, 0.05099914426727198
No.344: 1.04, 0.91, 3.60, 4.19, 1.10, 10.46, 7.02, -2.33, 1.48, 2.80, 0.05099914426727198
No.345: 1.04, 0.91, 3.60, 4.19, 1.10, 10.46, 7.02, -2.33, 1.48, 2.80, 0.05099914426727198
No.346: 1.04, 0.91, 3.60, 4.19, 1.10, 10.46, 7.02, -2.33, 1.48, 2.80, 0.05099914426727198
No.347: 1.04, 0.91, 3.60, 4.19, 1.10, 10.46, 7.02, -2.33, 1.48, 2.80, 0.05099914426727198
No.348: 1.04, 0.91, 3.60, 4.19, 1.10, 10.46, 7.02, -2.33, 1.48, 2.80, 0.05099914426727198
No.349: 1.04, 0.91, 3.60, 4.19, 1.10, 10.46, 7.02, -2.33, 1.48, 2.80, 0.05099914426727198
No.350: 1.04, 0.91, 3.60, 4.19, 1.10, 10.46, 7.02, -2.33, 1.48, 2.80, 0.05099914426727198
No.351: 1.04, 0.91, 3.60, 4.19, 1.10, 10.46, 7.02, -2.33, 1.48, 2.80, 0.05099914426727198
No.352: 1.04, 0.91, 3.60, 4.19, 1.10, 10.46, 7.02, -2.33, 1.48, 2.80, 0.05099914426727198
No.353: 1.04, 0.91, 3.60, 4.19, 1.10, 10.46, 7.02, -2.33, 1.48, 2.80, 0.05099914426727198
No.354: 1.04, 0.91, 3.60, 4.19, 1.10, 10.46, 7.02, -2.33, 1.48, 2.80, 0.05099914426727198
No.355: 1.04, 0.91, 3.60, 4.19, 1.10, 10.46, 7.02, -2.33, 1.48, 2.80, 0.05099914426727198
No.356: 1.04, 0.91, 3.60, 4.19, 1.10, 10.46, 7.02, -2.33, 1.48, 2.80, 0.05099914426727198
No.357: 1.04, 0.91, 3.60, 4.19, 1.10, 10.46, 7.02, -2.33, 1.48, 2.80, 0.05099914426727198
No.358: 1.04, 0.91, 3.60, 4.19, 1.10, 10.46, 7.02, -2.33, 1.48, 2.80, 0.05099914426727198
No.359: 1.04, 0.91, 3.60, 4.19, 1.10, 10.46, 7.02, -2.33, 1.48, 2.80, 0.05099914426727198
No.360: 1.04, 0.91, 3.60, 4.19, 1.10, 10.46, 7.02, -2.33, 1.48, 2.80, 0.05099914426727198
No.361: 1.04, 0.91, 3.60, 4.19, 1.10, 10.46, 7.02, -2.33, 1.48, 2.80, 0.05099914426727198
No.362: 1.04, 0.91, 3.60, 4.19, 1.10, 10.46, 7.02, -2.33, 1.48, 2.80, 0.05099914426727198
No.363: 1.04, 0.91, 3.60, 4.19, 1.10, 10.46, 7.02, -2.33, 1.48, 2.80, 0.05099914426727198
No.364: 1.04, 0.91, 3.60, 4.19, 1.10, 10.46, 7.02, -2.33, 1.48, 2.80, 0.05099914426727198
No.365: 1.04, 0.91, 3.60, 4.19, 1.10, 10.46, 7.02, -2.33, 1.48, 2.80, 0.05099914426727198
No.366: 1.04, 0.91, 3.60, 4.19, 1.10, 10.46, 7.02, -2.33, 1.48, 2.80, 0.05099914426727198
No.367: 1.04, 0.91, 3.60, 4.19, 1.10, 10.46, 7.02, -2.33, 1.48, 2.80, 0.05099914426727198
No.368: 1.04, 0.91, 3.60, 4.19, 1.10, 10.46, 7.02, -2.33, 1.48, 2.80, 0.05099914426727198
No.369: 1.04, 0.91, 3.60, 4.19, 1.10, 10.46, 7.02, -2.33, 1.48, 2.80, 0.05099914426727198
No.370: 1.04, 0.91, 3.60, 4.19, 1.10, 10.46, 7.02, -2.33, 1.48, 2.80, 0.05099914426727198
No.371: 1.04, 0.91, 3.60, 4.19, 1.10, 10.46, 7.02, -2.33, 1.48, 2.80, 0.05099914426727198
No.372: 1.04, 0.91, 3.60, 4.19, 1.10, 10.46, 7.02, -2.33, 1.48, 2.80, 0.05099914426727198
No.373: 1.04, 0.91, 3.60, 4.19, 1.10, 10.46, 7.02, -2.33, 1.48, 2.80, 0.05099914426727198
No.374: 1.04, 0.91, 3.60, 4.19, 1.10, 10.46, 7.02, -2.33, 1.48, 2.80, 0.05099914426727198
No.375: 1.04, 0.91, 3.60, 4.19, 1.10, 10.46, 7.02, -2.33, 1.48, 2.80, 0.05099914426727198
No.376: 1.04, 0.91, 3.60, 4.19, 1.10, 10.46, 7.02, -2.33, 1.48, 2.80, 0.05099914426727198
No.377: 1.04, 0.91, 3.60, 4.19, 1.10, 10.46, 7.02, -2.33, 1.48, 2.80, 0.05099914426727198
No.378: 1.04, 0.91, 3.60, 4.19, 1.10, 10.46, 7.02, -2.33, 1.48, 2.80, 0.05099914426727198
No.379: 1.04, 0.91, 3.60, 4.19, 1.10, 10.46, 7.02, -2.33, 1.48, 2.80, 0.05099914426727198
No.380: 1.04, 0.91, 3.60, 4.19, 1.10, 10.46, 7.02, -2.33, 1.48, 2.80, 0.05099914426727198
No.381: 1.04, 0.91, 3.60, 4.19, 1.10, 10.46, 7.02, -2.33, 1.48, 2.80, 0.05099914426727198
No.382: 1.04, 0.91, 3.60, 4.19, 1.10, 10.46, 7.02, -2.33, 1.48, 2.80, 0.05099914426727198
No.383: 1.04, 0.91, 3.60, 4.19, 1.10, 10.46, 7.02, -2.33, 1.48, 2.80, 0.05099914426727198
No.384: 1.04, 0.91, 3.60, 4.19, 1.10, 10.46, 7.02, -2.33, 1.48, 2.80, 0.05099914426727198
No.385: 1.04, 0.91, 3.60, 4.19, 1.10, 10.46, 7.02, -2.33, 1.48, 2.80, 0.05099914426727198
No.386: 1.04, 0.91, 3.60, 4.19, 1.10, 10.46, 7.02, -2.33, 1.48, 2.80, 0.05099914426727198
No.387: 1.04, 0.91, 3.60, 4.19, 1.10, 10.46, 7.02, -2.33, 1.48, 2.80, 0.05099914426727198
No.388: 1.04, 0.91, 3.60, 4.19, 1.10, 10.46, 7.02, -2.33, 1.48, 2.80, 0.05099914426727198
No.389: 1.04, 0.91, 3.60, 4.19, 1.10, 10.46, 7.02, -2.33, 1.48, 2.80, 0.05099914426727198
No.390: 1.04, 0.91, 3.60, 4.19, 1.10, 10.46, 7.02, -2.33, 1.48, 2.80, 0.05099914426727198
No.391: 1.04, 0.91, 3.60, 4.19, 1.10, 10.46, 7.02, -2.33, 1.48, 2.80, 0.05099914426727198
No.392: 1.04, 0.91, 3.60, 4.19, 1.10, 10.46, 7.02, -2.33, 1.48, 2.80, 0.05099914426727198
No.393: 1.04, 0.91, 3.60, 4.19, 1.10, 10.46, 7.02, -2.33, 1.48, 2.80, 0.05099914426727198
No.394: 1.04, 0.91, 3.60, 4.19, 1.10, 10.46, 7.02, -2.33, 1.48, 2.80, 0.05099914426727198
No.395: 1.04, 0.91, 3.60, 4.19, 1.10, 10.46, 7.02, -2.33, 1.48, 2.80, 0.05099914426727198
No.396: 1.04, 0.91, 3.60, 4.19, 1.10, 10.46, 7.02, -2.33, 1.48, 2.80, 0.05099914426727198
No.397: 1.04, 0.91, 3.60, 4.19, 1.10, 10.46, 7.02, -2.33, 1.48, 2.80, 0.05099914426727198
No.398: 1.04, 0.91, 3.60, 4.19, 1.10, 10.46, 7.02, -2.33, 1.48, 2.80, 0.05099914426727198
No.399: 1.04, 0.91, 3.60, 4.19, 1.10, 10.46, 7.02, -2.33, 1.48, 2.80, 0.05099914426727198
No.400: 1.04, 0.91, 3.60, 4.19, 1.10, 10.46, 7.02, -2.33, 1.48, 2.80, 0.05099914426727198
No.401: 1.04, 0.91, 3.60, 4.19, 1.10, 10.46, 7.02, -2.33, 1.48, 2.80, 0.05099914426727198
No.402: 1.04, 0.91, 3.60, 4.19, 1.10, 10.46, 7.02, -2.33, 1.48, 2.80, 0.05099914426727198
No.403: 1.04, 0.91, 3.60, 4.19, 1.10, 10.46, 7.02, -2.33, 1.48, 2.80, 0.05099914426727198
No.404: 1.04, 0.91, 3.60, 4.19, 1.10, 10.46, 7.02, -2.33, 1.48, 2.80, 0.05099914426727198
No.405: 1.04, 0.91, 3.60, 4.19, 1.10, 10.46, 7.02, -2.33, 1.48, 2.80, 0.05099914426727198
No.406: 1.04, 0.91, 3.60, 4.19, 1.10, 10.46, 7.02, -2.33, 1.48, 2.80, 0.05099914426727198
No.407: 1.04, 0.91, 3.60, 4.19, 1.10, 10.46, 7.02, -2.33, 1.48, 2.80, 0.05099914426727198
No.408: 1.04, 0.91, 3.60, 4.19, 1.10, 10.46, 7.02, -2.33, 1.48, 2.80, 0.05099914426727198
No.409: 1.04, 0.91, 3.60, 4.19, 1.10, 10.46, 7.02, -2.33, 1.48, 2.80, 0.05099914426727198
No.410: 1.04, 0.91, 3.60, 4.19, 1.10, 10.46, 7.02, -2.33, 1.48, 2.80, 0.05099914426727198
No.411: 1.04, 0.91, 3.60, 4.19, 1.10, 10.46, 7.02, -2.33, 1.48, 2.80, 0.05099914426727198
No.412: 1.04, 0.91, 3.60, 4.19, 1.10, 10.46, 7.02, -2.33, 1.48, 2.80, 0.05099914426727198
No.413: 1.04, 0.91, 3.60, 4.19, 1.10, 10.46, 7.02, -2.33, 1.48, 2.80, 0.05099914426727198
No.414: 1.04, 0.91, 3.60, 4.19, 1.10, 10.46, 7.02, -2.33, 1.48, 2.80, 0.05099914426727198
No.415: 1.04, 0.91, 3.60, 4.19, 1.10, 10.46, 7.02, -2.33, 1.48, 2.80, 0.05099914426727198
No.416: 1.04, 0.91, 3.60, 4.19, 1.10, 10.46, 7.02, -2.33, 1.48, 2.80, 0.05099914426727198
No.417: 1.04, 0.91, 3.60, 4.19, 1.10, 10.46, 7.02, -2.33, 1.48, 2.80, 0.05099914426727198
No.418: 1.04, 0.91, 3.60, 4.19, 1.10, 10.46, 7.02, -2.33, 1.48, 2.80, 0.05099914426727198
No.419: 1.04, 0.91, 3.60, 4.19, 1.10, 10.46, 7.02, -2.33, 1.48, 2.80, 0.05099914426727198
No.420: 1.04, 0.91, 3.60, 4.19, 1.10, 10.46, 7.02, -2.33, 1.48, 2.80, 0.05099914426727198
