#| No.|Asub | b0  | b1  | b2  | b3  | t1  | t2  | t3  |Cmin |Cmax | evalulate_value (min value is recommendation) |
#|iter| x0  | x1  | x2  | x3  | x4  | x5  | x6  | x7  | x8  | x9  | evalulate_value (min value is reccomendation) |
No.1: 1.03, 4.58, 0.01, 1.82, 2.94, 1.39, 2.80, -11.77, 0.86, 1.97, 196014206.0620732
No.2: 1.03, 4.40, 1.23, 5.27, 0.55, 10.06, 6.26, -7.94, 0.37, 1.36, 1122203.5032788322
No.3: 1.15, 5.84, 1.89, 4.16, 17.53, 13.42, 1.28, -17.29, 0.43, 2.59, 451750864.96850884
No.4: 0.93, 3.05, 5.75, 3.20, 13.84, 4.74, 10.30, -2.97, 0.14, 2.36, 51220202.16064019
No.5: 1.20, 4.72, 1.69, 4.74, 2.07, 6.72, 13.63, -12.71, 0.65, 1.24, 19091359.55954487
No.6: 0.91, 4.37, 1.27, 1.60, 9.84, 0.81, 8.62, -15.35, 1.22, 2.26, 63403506.73651575
No.7: 0.94, 3.02, 4.17, 2.49, 1.00, 8.04, 9.96, -8.73, 1.90, 2.06, 35.860528430132455
No.8: 1.18, 1.61, 0.84, 4.85, 7.96, 2.49, 13.92, -11.74, 1.53, 2.31, 106302.56857365709
No.9: 1.17, 4.09, 4.51, 2.10, 5.40, 13.44, 6.43, -0.63, 1.37, 2.12, 15651119.554327609
No.10: 0.94, 5.75, 2.70, 3.48, 8.17, 3.56, 13.56, -7.67, 0.11, 2.12, 71988439.27871999
No.11: 1.00, 3.59, 5.32, 2.15, 18.18, 9.36, 0.24, -1.27, 1.42, 2.80, 1491587559.733563
No.12: 0.96, 1.60, 5.60, 4.19, 1.33, 11.34, 11.31, -1.38, 1.46, 2.80, 9.405367355791668
No.13: 0.91, 1.04, 0.17, 1.48, 17.21, 8.09, 8.30, -2.84, 0.34, 1.51, 44946.749236545475
No.14: 1.08, 5.85, 3.37, 0.12, 16.02, 3.50, 12.11, -11.01, 1.75, 2.35, 417309926.67032343
No.15: 1.07, 1.60, 0.36, 0.73, 0.90, 1.62, 3.39, -5.16, 1.17, 2.80, 4664901.462655589
No.16: 0.93, 5.84, 3.41, 1.22, 5.05, 11.16, 2.94, -7.53, 1.95, 2.53, 35182460.25762501
No.17: 0.98, 3.42, 3.72, 4.98, 3.14, 0.28, 1.06, -9.24, 1.26, 2.03, 110665496.52143365
No.18: 1.00, 5.95, 3.48, 2.29, 11.02, 11.19, 10.04, -13.23, 0.23, 1.67, 175717589.14055035
No.19: 1.09, 1.98, 4.52, 0.40, 5.21, 12.08, 2.91, -6.48, 1.10, 2.67, 15079029.292587692
No.20: 0.98, 1.24, 4.42, 4.64, 18.16, 13.98, 0.21, -13.78, 1.28, 2.71, 97616232.95476407
No.21: 1.19, 3.74, 5.50, 3.85, 7.81, 7.29, 9.07, -8.10, 1.86, 2.66, 1525764.8148512174
No.22: 1.02, 5.82, 1.05, 0.76, 2.71, 7.59, 0.33, -0.93, 1.68, 2.80, 3764159.60791993
No.23: 0.96, 2.60, 0.79, 4.86, 6.90, 14.11, 8.74, -2.18, 1.71, 2.63, 11.955639474768724
No.24: 1.04, 3.69, 4.80, 1.72, 9.81, 8.99, 0.24, -7.31, 0.93, 2.46, 215120438.43755108
No.25: 1.00, 5.46, 3.47, 1.11, 15.76, 9.19, 0.81, -10.43, 1.40, 2.66, 162053704.40470305
No.26: 0.91, 5.89, 2.26, 5.85, 12.10, 12.44, 8.63, -6.69, 0.65, 2.06, 1129909832.6635668
No.27: 1.13, 5.28, 4.54, 4.19, 17.29, 4.85, 10.07, -9.88, 0.83, 1.74, 107851217.15607359
No.28: 1.03, 2.52, 3.74, 2.59, 19.48, 10.17, 2.98, -10.31, 0.76, 2.44, 316941227.48384374
No.29: 1.17, 5.51, 3.98, 1.63, 5.05, 12.83, 7.92, -3.56, 1.19, 2.32, 131288307.46386129
No.30: 1.06, 4.84, 3.42, 2.80, 6.86, 1.03, 5.67, -16.56, 1.97, 2.80, 18911825.72068423
No.31: 1.15, 5.37, 4.14, 3.42, 3.22, 7.01, 5.18, -13.94, 1.23, 1.57, 25894062.22891334
No.32: 1.18, 5.54, 1.55, 0.67, 3.86, 7.50, 10.93, -14.25, 0.58, 2.54, 51855204.06320855
No.33: 1.03, 4.05, 1.41, 0.62, 10.32, 7.16, 2.30, -6.80, 1.14, 2.18, 483871797.6750792
No.34: 0.95, 4.74, 1.34, 3.12, 15.71, 0.34, 4.87, -2.28, 1.71, 1.97, 74794311.69338898
No.35: 1.16, 5.75, 4.96, 5.13, 1.98, 9.77, 10.56, -7.01, 1.62, 2.80, 403886.7709484374
No.36: 1.14, 4.64, 1.56, 1.55, 12.65, 5.18, 11.95, -9.96, 1.59, 2.79, 169487711.9152806
No.37: 1.00, 1.63, 5.41, 3.25, 19.50, 9.55, 14.91, -8.17, 1.11, 1.25, 257200979.0537748
No.38: 1.01, 1.04, 0.97, 4.48, 0.61, 5.50, 12.94, -5.53, 1.42, 2.80, 3.296347258110127
No.39: 1.04, 3.87, 5.94, 1.23, 4.96, 3.94, 11.26, -9.77, 0.21, 1.92, 12347149.092180634
No.40: 0.97, 4.98, 1.79, 0.17, 11.87, 12.66, 5.72, -4.50, 1.08, 1.98, 248376968.9837585
No.41: 1.19, 5.01, 0.20, 4.26, 9.31, 14.22, 3.33, -13.19, 0.26, 1.78, 74533737.32570839
No.42: 0.94, 4.14, 4.82, 4.19, 15.33, 5.14, 12.69, -10.28, 1.67, 2.13, 298028564.51003915
No.43: 0.95, 1.30, 0.11, 0.41, 9.18, 1.71, 0.42, -4.41, 0.86, 2.35, 75635.05600675925
No.44: 1.04, 3.20, 2.87, 2.85, 16.07, 6.04, 13.58, -17.33, 1.58, 2.80, 66188407.31140721
No.45: 1.09, 0.96, 3.24, 0.02, 19.03, 13.59, 11.94, -1.52, 0.38, 1.29, 26319.82734390252
No.46: 0.96, 4.08, 5.44, 5.94, 14.23, 10.98, 13.64, -10.78, 0.58, 1.32, 109405300.0338277
No.47: 0.94, 5.05, 0.89, 1.59, 16.39, 4.66, 14.74, -13.20, 1.12, 1.57, 306543108.14161795
No.48: 1.18, 2.77, 2.61, 3.08, 18.78, 0.47, 10.76, -1.96, 0.16, 1.94, 698486755.1182487
No.49: 1.00, 5.29, 3.36, 4.15, 9.06, 9.43, 4.36, -17.83, 1.20, 1.57, 115022669.05412528
No.50: 1.06, 5.58, 2.56, 1.49, 7.43, 13.98, 14.06, -2.80, 1.85, 2.80, 4046024.721165577
No.51: 0.97, 0.91, 0.35, 4.85, 0.01, 5.51, 13.77, -3.76, 1.55, 2.80, 0.6939635765142295
No.52: 0.96, 1.03, 0.52, 4.94, 0.12, 5.70, 13.83, -3.63, 1.53, 2.80, 0.37677286757976386
No.53: 0.91, 1.49, 0.40, 4.98, 0.16, 6.49, 13.88, -3.43, 1.19, 1.27, 0.21639175163840108
No.54: 0.93, 1.43, 0.64, 5.05, 0.26, 6.35, 13.93, -3.38, 1.31, 1.33, 0.2627136923788366
No.55: 0.92, 1.37, 0.25, 4.91, 0.06, 6.30, 13.84, -3.53, 1.23, 1.26, 0.20633761555026398
No.56: 0.91, 1.52, 0.32, 4.81, 0.08, 6.35, 14.04, -3.74, 1.06, 1.25, 0.17304615433856718
No.57: 0.91, 1.56, 0.17, 4.78, 0.01, 6.31, 14.36, -3.57, 0.97, 1.24, 0.1730385991970496
No.58: 0.91, 1.71, 0.21, 4.58, 0.01, 6.30, 14.01, -3.64, 0.59, 1.22, 0.24120467211504867
No.59: 0.91, 1.53, 0.08, 4.89, 0.01, 6.61, 14.38, -3.95, 1.24, 2.80, 0.4250576151784663
No.60: 0.91, 1.62, 0.43, 4.78, 0.01, 6.06, 14.18, -3.48, 1.02, 1.31, 0.16715827424168891
No.61: 0.91, 1.25, 0.44, 4.79, 0.11, 6.21, 14.24, -3.52, 0.83, 1.28, 0.1437651994365601
No.62: 0.91, 1.38, 0.35, 5.02, 0.28, 6.05, 14.25, -3.57, 0.77, 1.09, 0.19620962585305485
No.63: 0.91, 1.29, 0.43, 4.42, 0.27, 6.25, 14.29, -3.45, 1.01, 1.32, 0.1480671537467779
No.64: 0.91, 1.27, 0.73, 4.51, 0.01, 6.34, 14.36, -3.48, 0.93, 1.09, 0.16582033315425024
No.65: 0.91, 1.07, 0.37, 4.57, 0.01, 6.24, 14.49, -3.10, 0.81, 1.45, 0.14531033010483982
No.66: 0.91, 1.06, 0.47, 4.46, 0.01, 5.98, 14.69, -3.60, 0.75, 1.43, 0.14583081995799863
No.67: 0.91, 0.91, 0.59, 4.60, 0.44, 6.40, 14.78, -3.41, 0.70, 1.42, 0.1608687129396998
No.68: 0.91, 1.43, 0.62, 4.47, 0.25, 5.94, 15.01, -3.09, 0.71, 1.40, 0.1581599359546561
No.69: 0.91, 0.96, 0.81, 4.40, 0.36, 5.72, 14.51, -3.12, 0.73, 1.39, 0.17032313335171304
No.70: 0.91, 0.99, 0.11, 4.44, 0.44, 5.78, 15.01, -3.09, 0.93, 1.38, 0.15901521657849624
No.71: 0.91, 1.01, 0.52, 5.09, 0.01, 5.76, 15.01, -3.05, 0.75, 1.37, 0.2024724597287566
No.72: 0.91, 1.28, 0.18, 4.51, 1.03, 6.29, 14.93, -2.67, 0.76, 1.36, 0.1481905568555751
No.73: 0.91, 1.06, 0.20, 4.53, 0.93, 6.85, 14.30, -2.76, 0.76, 1.35, 0.15277907190266704
No.74: 0.91, 1.08, 0.23, 4.56, 0.85, 6.04, 14.24, -2.83, 0.77, 1.34, 0.15293218409229012
No.75: 0.91, 1.41, 0.25, 4.58, 0.47, 6.73, 14.75, -2.90, 0.78, 1.34, 0.1415861264004134
No.76: 0.91, 1.28, 0.08, 4.41, 0.24, 6.57, 15.01, -2.38, 0.73, 1.39, 0.156776130208073
No.77: 0.91, 1.53, 0.40, 4.42, 0.99, 7.13, 15.01, -2.43, 0.73, 1.38, 0.15658707972934133
No.78: 0.91, 1.52, 0.38, 4.44, 0.71, 6.50, 14.40, -2.48, 0.74, 1.38, 0.15710382394015063
No.79: 0.91, 1.51, 0.13, 4.45, 0.89, 7.05, 15.01, -3.28, 0.74, 1.37, 0.15453914106730368
No.80: 0.91, 1.50, 0.14, 4.47, 0.85, 6.44, 14.53, -3.19, 0.75, 1.37, 0.15428887399542188
No.81: 0.91, 1.33, 0.15, 4.68, 0.81, 6.99, 15.00, -2.62, 0.75, 1.37, 0.14171199650443
No.82: 0.91, 1.34, 0.16, 4.49, 0.16, 6.96, 14.52, -2.62, 0.75, 1.36, 0.15009545031242927
No.83: 0.91, 1.35, 0.17, 4.50, 0.19, 6.94, 14.95, -3.09, 0.75, 1.36, 0.14792925261448084
No.84: 0.91, 1.47, 0.32, 4.66, 0.22, 6.92, 14.93, -2.68, 0.76, 1.36, 0.14018511129846842
No.85: 0.91, 1.52, 0.38, 4.72, 0.43, 7.08, 14.78, -2.87, 0.74, 1.38, 0.13990278682278556
No.86: 0.91, 1.47, 0.44, 4.66, 0.28, 7.24, 14.89, -2.74, 0.72, 1.40, 0.14015395053522617
No.87: 0.91, 1.56, 0.33, 4.66, 0.56, 7.22, 14.68, -2.75, 0.72, 1.39, 0.1411309590371307
No.88: 0.91, 1.56, 0.43, 4.67, 0.55, 6.95, 14.86, -2.76, 0.72, 1.39, 0.14208883196635055
No.89: 0.91, 1.56, 0.34, 4.77, 0.32, 7.20, 14.86, -2.77, 0.73, 1.39, 0.1408627466414192
No.90: 0.91, 1.49, 0.34, 4.68, 0.53, 7.19, 14.85, -2.96, 0.75, 1.39, 0.13903183662517715
No.91: 0.91, 1.46, 0.37, 4.71, 0.61, 7.27, 14.91, -2.88, 0.74, 1.38, 0.13988059279435464
No.92: 0.91, 1.46, 0.31, 4.65, 0.45, 7.10, 14.90, -2.89, 0.74, 1.40, 0.1393720376016085
No.93: 0.91, 1.46, 0.31, 4.71, 0.60, 7.11, 14.80, -3.02, 0.74, 1.40, 0.13971680529104266
No.94: 0.91, 1.47, 0.32, 4.65, 0.47, 7.25, 14.80, -3.01, 0.74, 1.40, 0.13872222082908392
No.95: 0.91, 1.45, 0.34, 4.63, 0.52, 7.31, 14.77, -2.97, 0.75, 1.40, 0.13814634086204547
No.96: 0.91, 1.43, 0.32, 4.65, 0.48, 7.36, 14.73, -2.93, 0.75, 1.40, 0.13771259045729922
No.97: 0.91, 1.45, 0.31, 4.64, 0.46, 7.42, 14.77, -2.90, 0.76, 1.40, 0.13748891679259
No.98: 0.91, 1.46, 0.32, 4.65, 0.48, 7.47, 14.74, -2.93, 0.75, 1.40, 0.13741406451502228
No.99: 0.91, 1.45, 0.32, 4.64, 0.50, 7.53, 14.76, -2.91, 0.75, 1.40, 0.13744990926478945
No.100: 0.91, 1.45, 0.33, 4.65, 0.47, 7.52, 14.76, -2.95, 0.76, 1.41, 0.137498252413414
No.101: 0.91, 1.47, 0.33, 4.64, 0.47, 7.52, 14.72, -2.91, 0.75, 1.40, 0.13729320709736326
No.102: 0.91, 1.48, 0.32, 4.65, 0.46, 7.56, 14.71, -2.90, 0.75, 1.40, 0.13718828317264936
No.103: 0.91, 1.49, 0.32, 4.64, 0.44, 7.59, 14.72, -2.91, 0.75, 1.40, 0.13711260327529817
No.104: 0.91, 1.50, 0.32, 4.65, 0.46, 7.63, 14.73, -2.90, 0.75, 1.40, 0.13700531264635066
No.105: 0.91, 1.49, 0.33, 4.64, 0.45, 7.67, 14.72, -2.90, 0.75, 1.40, 0.13689219023443713
No.106: 0.91, 1.49, 0.32, 4.64, 0.45, 7.71, 14.72, -2.90, 0.75, 1.40, 0.13677824298125674
No.107: 0.91, 1.50, 0.32, 4.64, 0.45, 7.75, 14.72, -2.90, 0.75, 1.40, 0.13672612976935253
No.108: 0.91, 1.50, 0.32, 4.64, 0.45, 7.79, 14.72, -2.89, 0.75, 1.40, 0.136616135457515
No.109: 0.91, 1.50, 0.32, 4.64, 0.45, 7.82, 14.72, -2.90, 0.75, 1.40, 0.1365508521247651
No.110: 0.91, 1.50, 0.32, 4.64, 0.45, 7.86, 14.71, -2.90, 0.75, 1.41, 0.13628091463093223
No.111: 0.91, 1.50, 0.32, 4.64, 0.45, 7.90, 14.72, -2.89, 0.75, 1.41, 0.13626623405091098
No.112: 0.91, 1.50, 0.32, 4.64, 0.45, 7.94, 14.71, -2.89, 0.75, 1.41, 0.13615678205550888
No.113: 0.91, 1.50, 0.32, 4.64, 0.45, 7.98, 14.71, -2.89, 0.75, 1.41, 0.13600435839358785
No.114: 0.91, 1.50, 0.32, 4.64, 0.45, 8.02, 14.71, -2.89, 0.75, 1.41, 0.1359405169247624
No.115: 0.91, 1.50, 0.32, 4.64, 0.45, 8.05, 14.71, -2.89, 0.75, 1.41, 0.13589096720155047
No.116: 0.91, 1.51, 0.32, 4.64, 0.45, 8.09, 14.71, -2.89, 0.75, 1.41, 0.13581329913940754
No.117: 0.91, 1.50, 0.32, 4.64, 0.45, 8.13, 14.71, -2.89, 0.75, 1.41, 0.13572265363005223
No.118: 0.91, 1.50, 0.32, 4.64, 0.45, 8.17, 14.70, -2.89, 0.75, 1.41, 0.13560411827514013
No.119: 0.91, 1.50, 0.32, 4.64, 0.45, 8.21, 14.70, -2.89, 0.75, 1.41, 0.13552595739406512
No.120: 0.91, 1.50, 0.32, 4.64, 0.45, 8.25, 14.70, -2.89, 0.75, 1.41, 0.13541989123853382
No.121: 0.91, 1.50, 0.32, 4.64, 0.45, 8.28, 14.70, -2.89, 0.75, 1.41, 0.1354095414313399
No.122: 0.91, 1.50, 0.32, 4.64, 0.45, 8.32, 14.70, -2.89, 0.75, 1.41, 0.13532017817871073
No.123: 0.91, 1.50, 0.32, 4.64, 0.45, 8.36, 14.70, -2.89, 0.75, 1.41, 0.1352410395611239
No.124: 0.91, 1.50, 0.32, 4.64, 0.45, 8.40, 14.70, -2.89, 0.75, 1.41, 0.1351872993923469
No.125: 0.91, 1.50, 0.32, 4.64, 0.45, 8.44, 14.70, -2.89, 0.75, 1.41, 0.13511988207380426
No.126: 0.91, 1.50, 0.32, 4.64, 0.45, 8.48, 14.70, -2.89, 0.75, 1.41, 0.13501214073851725
No.127: 0.91, 1.50, 0.32, 4.64, 0.46, 8.51, 14.70, -2.89, 0.75, 1.41, 0.13504434084153383
No.128: 0.91, 1.50, 0.32, 4.64, 0.46, 8.51, 14.70, -2.89, 0.75, 1.41, 0.13504434084153383
No.129: 0.91, 1.50, 0.32, 4.64, 0.45, 8.51, 14.70, -2.89, 0.75, 1.41, 0.13500220359377546
No.130: 0.91, 1.50, 0.32, 4.64, 0.45, 8.53, 14.70, -2.89, 0.75, 1.41, 0.1349156989167348
No.131: 0.91, 1.50, 0.32, 4.64, 0.45, 8.56, 14.70, -2.89, 0.75, 1.41, 0.13490528376253397
No.132: 0.91, 1.50, 0.32, 4.64, 0.45, 8.59, 14.70, -2.89, 0.75, 1.41, 0.1348834534634468
No.133: 0.91, 1.50, 0.32, 4.64, 0.45, 8.61, 14.70, -2.89, 0.75, 1.41, 0.13480419080592687
No.134: 0.91, 1.50, 0.32, 4.64, 0.45, 8.64, 14.70, -2.89, 0.75, 1.41, 0.13471740021317186
No.135: 0.91, 1.50, 0.32, 4.64, 0.45, 8.67, 14.70, -2.89, 0.75, 1.41, 0.13476960129890184
No.136: 0.91, 1.50, 0.32, 4.64, 0.45, 8.66, 14.70, -2.89, 0.75, 1.41, 0.13480146212584648
No.137: 0.91, 1.50, 0.32, 4.64, 0.45, 8.66, 14.70, -2.89, 0.75, 1.41, 0.13480146212584648
No.138: 0.91, 1.50, 0.32, 4.64, 0.45, 8.66, 14.70, -2.89, 0.75, 1.41, 0.13480146212584648
No.139: 0.91, 1.50, 0.32, 4.64, 0.45, 8.66, 14.70, -2.89, 0.75, 1.41, 0.13480146212584648
No.140: 0.91, 1.50, 0.32, 4.64, 0.45, 8.65, 14.70, -2.89, 0.75, 1.41, 0.13474960568620978
No.141: 0.91, 1.50, 0.32, 4.64, 0.45, 8.63, 14.70, -2.89, 0.75, 1.41, 0.13479642248262305
No.142: 0.91, 1.50, 0.32, 4.64, 0.45, 8.65, 14.70, -2.89, 0.75, 1.41, 0.13474960568620978
No.143: 0.91, 1.50, 0.32, 4.64, 0.45, 8.65, 14.70, -2.89, 0.75, 1.41, 0.13474960568620978
No.144: 0.91, 1.50, 0.32, 4.64, 0.45, 8.63, 14.70, -2.89, 0.75, 1.41, 0.13479642248262305
No.145: 0.91, 1.50, 0.32, 4.64, 0.45, 8.65, 14.70, -2.89, 0.75, 1.41, 0.13474960568620978
No.146: 0.91, 1.50, 0.32, 4.64, 0.45, 8.65, 14.70, -2.89, 0.75, 1.41, 0.13474960568620978
No.147: 0.91, 1.50, 0.32, 4.64, 0.45, 8.65, 14.70, -2.89, 0.75, 1.41, 0.13474960568620978
No.148: 0.91, 1.50, 0.32, 4.64, 0.45, 8.65, 14.70, -2.89, 0.75, 1.41, 0.13474960568620978
No.149: 0.91, 1.50, 0.32, 4.64, 0.45, 8.63, 14.70, -2.89, 0.75, 1.41, 0.13479642248262305
No.150: 0.91, 1.50, 0.32, 4.64, 0.45, 8.64, 14.70, -2.89, 0.75, 1.41, 0.13471740021317186
No.151: 0.91, 1.50, 0.32, 4.64, 0.45, 8.64, 14.70, -2.89, 0.75, 1.41, 0.13471740021317186
No.152: 0.91, 1.50, 0.32, 4.64, 0.45, 8.64, 14.70, -2.89, 0.75, 1.41, 0.13471740021317186
No.153: 0.91, 1.50, 0.32, 4.64, 0.45, 8.63, 14.70, -2.89, 0.75, 1.41, 0.13479642248262305
No.154: 0.91, 1.50, 0.32, 4.64, 0.45, 8.64, 14.70, -2.89, 0.75, 1.41, 0.13471740021317186
No.155: 0.91, 1.50, 0.32, 4.64, 0.45, 8.64, 14.70, -2.89, 0.75, 1.41, 0.13471740021317186
No.156: 0.91, 1.50, 0.32, 4.64, 0.45, 8.64, 14.70, -2.89, 0.75, 1.41, 0.13471740021317186
No.157: 0.91, 1.50, 0.32, 4.64, 0.45, 8.64, 14.70, -2.89, 0.75, 1.41, 0.13471740021317186
No.158: 0.91, 1.50, 0.32, 4.64, 0.45, 8.64, 14.70, -2.89, 0.75, 1.41, 0.13471740021317186
No.159: 0.91, 1.50, 0.32, 4.64, 0.45, 8.64, 14.70, -2.89, 0.75, 1.41, 0.13471740021317186
No.160: 0.91, 1.50, 0.32, 4.64, 0.45, 8.64, 14.70, -2.89, 0.75, 1.41, 0.13471740021317186
No.161: 0.91, 1.50, 0.32, 4.64, 0.45, 8.64, 14.70, -2.89, 0.75, 1.41, 0.13471740021317186
No.162: 0.91, 1.50, 0.32, 4.64, 0.45, 8.64, 14.70, -2.89, 0.75, 1.41, 0.13471740021317186
No.163: 0.91, 1.50, 0.32, 4.64, 0.45, 8.64, 14.70, -2.89, 0.75, 1.41, 0.13471740021317186
No.164: 0.91, 1.50, 0.32, 4.64, 0.45, 8.64, 14.70, -2.89, 0.75, 1.41, 0.13471740021317186
No.165: 0.91, 1.50, 0.32, 4.64, 0.45, 8.64, 14.70, -2.89, 0.75, 1.41, 0.13471740021317186
No.166: 0.91, 1.50, 0.32, 4.64, 0.45, 8.64, 14.70, -2.89, 0.75, 1.41, 0.13471740021317186
No.167: 0.91, 1.50, 0.32, 4.64, 0.45, 8.64, 14.70, -2.89, 0.75, 1.41, 0.13471740021317186
No.168: 0.91, 1.50, 0.32, 4.64, 0.45, 8.64, 14.70, -2.89, 0.75, 1.41, 0.13471740021317186
No.169: 0.91, 1.50, 0.32, 4.64, 0.45, 8.64, 14.70, -2.89, 0.75, 1.41, 0.13471740021317186
No.170: 0.91, 1.50, 0.32, 4.64, 0.45, 8.64, 14.70, -2.89, 0.75, 1.41, 0.13471740021317186
No.171: 0.91, 1.50, 0.32, 4.64, 0.45, 8.64, 14.70, -2.89, 0.75, 1.41, 0.13471740021317186
No.172: 0.91, 1.50, 0.32, 4.64, 0.45, 8.64, 14.70, -2.89, 0.75, 1.41, 0.13471740021317186
No.173: 0.91, 1.50, 0.32, 4.64, 0.45, 8.64, 14.70, -2.89, 0.75, 1.41, 0.13471740021317186
No.174: 0.91, 1.50, 0.32, 4.64, 0.45, 8.64, 14.70, -2.89, 0.75, 1.41, 0.13471740021317186
No.175: 0.91, 1.50, 0.32, 4.64, 0.45, 8.64, 14.70, -2.89, 0.75, 1.41, 0.13471740021317186
No.176: 0.91, 1.50, 0.32, 4.64, 0.45, 8.64, 14.70, -2.89, 0.75, 1.41, 0.13471740021317186
No.177: 0.91, 1.50, 0.32, 4.64, 0.45, 8.64, 14.70, -2.89, 0.75, 1.41, 0.13471740021317186
No.178: 0.91, 1.50, 0.32, 4.64, 0.45, 8.64, 14.70, -2.89, 0.75, 1.41, 0.13471740021317186
No.179: 0.91, 1.50, 0.32, 4.64, 0.45, 8.64, 14.70, -2.89, 0.75, 1.41, 0.13471740021317186
No.180: 0.91, 1.50, 0.32, 4.64, 0.45, 8.64, 14.70, -2.89, 0.75, 1.41, 0.13471740021317186
No.181: 0.91, 1.50, 0.32, 4.64, 0.45, 8.64, 14.70, -2.89, 0.75, 1.41, 0.13471740021317186
No.182: 0.91, 1.50, 0.32, 4.64, 0.45, 8.64, 14.70, -2.89, 0.75, 1.41, 0.13471740021317186
No.183: 0.91, 1.50, 0.32, 4.64, 0.45, 8.64, 14.70, -2.89, 0.75, 1.41, 0.13471740021317186
No.184: 0.91, 1.50, 0.32, 4.64, 0.45, 8.64, 14.70, -2.89, 0.75, 1.41, 0.13471740021317186
No.185: 0.91, 1.50, 0.32, 4.64, 0.45, 8.64, 14.70, -2.89, 0.75, 1.41, 0.13471740021317186
No.186: 0.91, 1.50, 0.32, 4.64, 0.45, 8.64, 14.70, -2.89, 0.75, 1.41, 0.13471740021317186
No.187: 0.91, 1.50, 0.32, 4.64, 0.45, 8.64, 14.70, -2.89, 0.75, 1.41, 0.13471740021317186
No.188: 0.91, 1.50, 0.32, 4.64, 0.45, 8.64, 14.70, -2.89, 0.75, 1.41, 0.13471740021317186
No.189: 0.91, 1.50, 0.32, 4.64, 0.45, 8.64, 14.70, -2.89, 0.75, 1.41, 0.13471740021317186
No.190: 0.91, 1.50, 0.32, 4.64, 0.45, 8.64, 14.70, -2.89, 0.75, 1.41, 0.13471740021317186
No.191: 0.91, 1.50, 0.32, 4.64, 0.45, 8.64, 14.70, -2.89, 0.75, 1.41, 0.13471740021317186
No.192: 0.91, 1.50, 0.32, 4.64, 0.45, 8.64, 14.70, -2.89, 0.75, 1.41, 0.13471740021317186
No.193: 0.91, 1.50, 0.32, 4.64, 0.45, 8.64, 14.70, -2.89, 0.75, 1.41, 0.13471740021317186
No.194: 0.91, 1.50, 0.32, 4.64, 0.45, 8.64, 14.70, -2.89, 0.75, 1.41, 0.13471740021317186
No.195: 0.91, 1.50, 0.32, 4.64, 0.45, 8.64, 14.70, -2.89, 0.75, 1.41, 0.13471740021317186
No.196: 0.91, 1.50, 0.32, 4.64, 0.45, 8.64, 14.70, -2.89, 0.75, 1.41, 0.13471740021317186
No.197: 0.91, 1.50, 0.32, 4.64, 0.45, 8.64, 14.70, -2.89, 0.75, 1.41, 0.13471740021317186
No.198: 0.91, 1.50, 0.32, 4.64, 0.45, 8.64, 14.70, -2.89, 0.75, 1.41, 0.13471740021317186
No.199: 0.91, 1.50, 0.32, 4.64, 0.45, 8.64, 14.70, -2.89, 0.75, 1.41, 0.13471740021317186
No.200: 0.91, 1.50, 0.32, 4.64, 0.45, 8.64, 14.70, -2.89, 0.75, 1.41, 0.13471740021317186
No.201: 0.91, 1.50, 0.32, 4.64, 0.45, 8.64, 14.70, -2.89, 0.75, 1.41, 0.13471740021317186
No.202: 0.91, 1.50, 0.32, 4.64, 0.45, 8.64, 14.70, -2.89, 0.75, 1.41, 0.13471740021317186
No.203: 0.91, 1.50, 0.32, 4.64, 0.45, 8.64, 14.70, -2.89, 0.75, 1.41, 0.13471740021317186
No.204: 0.91, 1.50, 0.32, 4.64, 0.45, 8.64, 14.70, -2.89, 0.75, 1.41, 0.13471740021317186
No.205: 0.91, 1.50, 0.32, 4.64, 0.45, 8.64, 14.70, -2.89, 0.75, 1.41, 0.13471740021317186
No.206: 0.91, 1.50, 0.32, 4.64, 0.45, 8.64, 14.70, -2.89, 0.75, 1.41, 0.13471740021317186
No.207: 0.91, 1.50, 0.32, 4.64, 0.45, 8.64, 14.70, -2.89, 0.75, 1.41, 0.13471740021317186
No.208: 0.91, 1.50, 0.32, 4.64, 0.45, 8.64, 14.70, -2.89, 0.75, 1.41, 0.13471740021317186
No.209: 0.91, 1.50, 0.32, 4.64, 0.45, 8.64, 14.70, -2.89, 0.75, 1.41, 0.13471740021317186
No.210: 0.91, 1.50, 0.32, 4.64, 0.45, 8.64, 14.70, -2.89, 0.75, 1.41, 0.13471740021317186
No.211: 0.91, 1.50, 0.32, 4.64, 0.45, 8.64, 14.70, -2.89, 0.75, 1.41, 0.13471740021317186
No.212: 0.91, 1.50, 0.32, 4.64, 0.45, 8.64, 14.70, -2.89, 0.75, 1.41, 0.13471740021317186
No.213: 0.91, 1.50, 0.32, 4.64, 0.45, 8.64, 14.70, -2.89, 0.75, 1.41, 0.13471740021317186
No.214: 0.91, 1.50, 0.32, 4.64, 0.45, 8.64, 14.70, -2.89, 0.75, 1.41, 0.13471740021317186
No.215: 0.91, 1.50, 0.32, 4.64, 0.45, 8.64, 14.70, -2.89, 0.75, 1.41, 0.13471740021317186
No.216: 0.91, 1.50, 0.32, 4.64, 0.45, 8.64, 14.70, -2.89, 0.75, 1.41, 0.13471740021317186
No.217: 0.91, 1.50, 0.32, 4.64, 0.45, 8.64, 14.70, -2.89, 0.75, 1.41, 0.13471740021317186
No.218: 0.91, 1.50, 0.32, 4.64, 0.45, 8.64, 14.70, -2.89, 0.75, 1.41, 0.13471740021317186
No.219: 0.91, 1.50, 0.32, 4.64, 0.45, 8.64, 14.70, -2.89, 0.75, 1.41, 0.13471740021317186
No.220: 0.91, 1.50, 0.32, 4.64, 0.45, 8.64, 14.70, -2.89, 0.75, 1.41, 0.13471740021317186
No.221: 0.91, 1.50, 0.32, 4.64, 0.45, 8.64, 14.70, -2.89, 0.75, 1.41, 0.13471740021317186
No.222: 0.91, 1.50, 0.32, 4.64, 0.45, 8.64, 14.70, -2.89, 0.75, 1.41, 0.13471740021317186
No.223: 0.91, 1.50, 0.32, 4.64, 0.45, 8.64, 14.70, -2.89, 0.75, 1.41, 0.13471740021317186
No.224: 0.91, 1.50, 0.32, 4.64, 0.45, 8.64, 14.70, -2.89, 0.75, 1.41, 0.13471740021317186
No.225: 0.91, 1.50, 0.32, 4.64, 0.45, 8.64, 14.70, -2.89, 0.75, 1.41, 0.13471740021317186
No.226: 0.91, 1.50, 0.32, 4.64, 0.45, 8.64, 14.70, -2.89, 0.75, 1.41, 0.13471740021317186
No.227: 0.91, 1.50, 0.32, 4.64, 0.45, 8.64, 14.70, -2.89, 0.75, 1.41, 0.13471740021317186
No.228: 0.91, 1.50, 0.32, 4.64, 0.45, 8.64, 14.70, -2.89, 0.75, 1.41, 0.13471740021317186
No.229: 0.91, 1.50, 0.32, 4.64, 0.45, 8.64, 14.70, -2.89, 0.75, 1.41, 0.13471740021317186
No.230: 0.91, 1.50, 0.32, 4.64, 0.45, 8.64, 14.70, -2.89, 0.75, 1.41, 0.13471740021317186
No.231: 0.91, 1.50, 0.32, 4.64, 0.45, 8.64, 14.70, -2.89, 0.75, 1.41, 0.13471740021317186
No.232: 0.91, 1.50, 0.32, 4.64, 0.45, 8.64, 14.70, -2.89, 0.75, 1.41, 0.13471740021317186
No.233: 0.91, 1.50, 0.32, 4.64, 0.45, 8.64, 14.70, -2.89, 0.75, 1.41, 0.13471740021317186
No.234: 0.91, 1.50, 0.32, 4.64, 0.45, 8.64, 14.70, -2.89, 0.75, 1.41, 0.13471740021317186
No.235: 0.91, 1.50, 0.32, 4.64, 0.45, 8.64, 14.70, -2.89, 0.75, 1.41, 0.13471740021317186
No.236: 0.91, 1.50, 0.32, 4.64, 0.45, 8.64, 14.70, -2.89, 0.75, 1.41, 0.13471740021317186
No.237: 0.91, 1.50, 0.32, 4.64, 0.45, 8.64, 14.70, -2.89, 0.75, 1.41, 0.13471740021317186
No.238: 0.91, 1.50, 0.32, 4.64, 0.45, 8.64, 14.70, -2.89, 0.75, 1.41, 0.13471740021317186
No.239: 0.91, 1.50, 0.32, 4.64, 0.45, 8.64, 14.70, -2.89, 0.75, 1.41, 0.13471740021317186
No.240: 0.91, 1.50, 0.32, 4.64, 0.45, 8.64, 14.70, -2.89, 0.75, 1.41, 0.13471740021317186
No.241: 0.91, 1.50, 0.32, 4.64, 0.45, 8.64, 14.70, -2.89, 0.75, 1.41, 0.13471740021317186
No.242: 0.91, 1.50, 0.32, 4.64, 0.45, 8.64, 14.70, -2.89, 0.75, 1.41, 0.13471740021317186
No.243: 0.91, 1.50, 0.32, 4.64, 0.45, 8.64, 14.70, -2.89, 0.75, 1.41, 0.13471740021317186
No.244: 0.91, 1.50, 0.32, 4.64, 0.45, 8.64, 14.70, -2.89, 0.75, 1.41, 0.13471740021317186
No.245: 0.91, 1.50, 0.32, 4.64, 0.45, 8.64, 14.70, -2.89, 0.75, 1.41, 0.13471740021317186
No.246: 0.91, 1.50, 0.32, 4.64, 0.45, 8.64, 14.70, -2.89, 0.75, 1.41, 0.13471740021317186
No.247: 0.91, 1.50, 0.32, 4.64, 0.45, 8.64, 14.70, -2.89, 0.75, 1.41, 0.13471740021317186
No.248: 0.91, 1.50, 0.32, 4.64, 0.45, 8.64, 14.70, -2.89, 0.75, 1.41, 0.13471740021317186
No.249: 0.91, 1.50, 0.32, 4.64, 0.45, 8.64, 14.70, -2.89, 0.75, 1.41, 0.13471740021317186
No.250: 0.91, 1.50, 0.32, 4.64, 0.45, 8.64, 14.70, -2.89, 0.75, 1.41, 0.13471740021317186
No.251: 0.91, 1.50, 0.32, 4.64, 0.45, 8.64, 14.70, -2.89, 0.75, 1.41, 0.13471740021317186
No.252: 0.91, 1.50, 0.32, 4.64, 0.45, 8.64, 14.70, -2.89, 0.75, 1.41, 0.13471740021317186
No.253: 0.91, 1.50, 0.32, 4.64, 0.45, 8.64, 14.70, -2.89, 0.75, 1.41, 0.13471740021317186
No.254: 0.91, 1.50, 0.32, 4.64, 0.45, 8.64, 14.70, -2.89, 0.75, 1.41, 0.13471740021317186
No.255: 0.91, 1.50, 0.32, 4.64, 0.45, 8.64, 14.70, -2.89, 0.75, 1.41, 0.13471740021317186
No.256: 0.91, 1.50, 0.32, 4.64, 0.45, 8.64, 14.70, -2.89, 0.75, 1.41, 0.13471740021317186
No.257: 0.91, 1.50, 0.32, 4.64, 0.45, 8.64, 14.70, -2.89, 0.75, 1.41, 0.13471740021317186
No.258: 0.91, 1.50, 0.32, 4.64, 0.45, 8.64, 14.70, -2.89, 0.75, 1.41, 0.13471740021317186
No.259: 0.91, 1.50, 0.32, 4.64, 0.45, 8.64, 14.70, -2.89, 0.75, 1.41, 0.13471740021317186
No.260: 0.91, 1.50, 0.32, 4.64, 0.45, 8.64, 14.70, -2.89, 0.75, 1.41, 0.13471740021317186
No.261: 0.91, 1.50, 0.32, 4.64, 0.45, 8.64, 14.70, -2.89, 0.75, 1.41, 0.13471740021317186
No.262: 0.91, 1.50, 0.32, 4.64, 0.45, 8.64, 14.70, -2.89, 0.75, 1.41, 0.13471740021317186
No.263: 0.91, 1.50, 0.32, 4.64, 0.45, 8.64, 14.70, -2.89, 0.75, 1.41, 0.13471740021317186
No.264: 0.91, 1.50, 0.32, 4.64, 0.45, 8.64, 14.70, -2.89, 0.75, 1.41, 0.13471740021317186
No.265: 0.91, 1.50, 0.32, 4.64, 0.45, 8.64, 14.70, -2.89, 0.75, 1.41, 0.13471740021317186
No.266: 0.91, 1.50, 0.32, 4.64, 0.45, 8.64, 14.70, -2.89, 0.75, 1.41, 0.13471740021317186
No.267: 0.91, 1.50, 0.32, 4.64, 0.45, 8.64, 14.70, -2.89, 0.75, 1.41, 0.13471740021317186
No.268: 0.91, 1.50, 0.32, 4.64, 0.45, 8.64, 14.70, -2.89, 0.75, 1.41, 0.13471740021317186
No.269: 0.91, 1.50, 0.32, 4.64, 0.45, 8.64, 14.70, -2.89, 0.75, 1.41, 0.13471740021317186
No.270: 0.91, 1.50, 0.32, 4.64, 0.45, 8.64, 14.70, -2.89, 0.75, 1.41, 0.13471740021317186
No.271: 0.91, 1.50, 0.32, 4.64, 0.45, 8.64, 14.70, -2.89, 0.75, 1.41, 0.13471740021317186
No.272: 0.91, 1.50, 0.32, 4.64, 0.45, 8.64, 14.70, -2.89, 0.75, 1.41, 0.13471740021317186
No.273: 0.91, 1.50, 0.32, 4.64, 0.45, 8.64, 14.70, -2.89, 0.75, 1.41, 0.13471740021317186
No.274: 0.91, 1.50, 0.32, 4.64, 0.45, 8.64, 14.70, -2.89, 0.75, 1.41, 0.13471740021317186
No.275: 0.91, 1.50, 0.32, 4.64, 0.45, 8.64, 14.70, -2.89, 0.75, 1.41, 0.13471740021317186
No.276: 0.91, 1.50, 0.32, 4.64, 0.45, 8.64, 14.70, -2.89, 0.75, 1.41, 0.13471740021317186
No.277: 0.91, 1.50, 0.32, 4.64, 0.45, 8.64, 14.70, -2.89, 0.75, 1.41, 0.13471740021317186
No.278: 0.91, 1.50, 0.32, 4.64, 0.45, 8.64, 14.70, -2.89, 0.75, 1.41, 0.13471740021317186
No.279: 0.91, 1.50, 0.32, 4.64, 0.45, 8.64, 14.70, -2.89, 0.75, 1.41, 0.13471740021317186
No.280: 0.91, 1.50, 0.32, 4.64, 0.45, 8.64, 14.70, -2.89, 0.75, 1.41, 0.13471740021317186
No.281: 0.91, 1.50, 0.32, 4.64, 0.45, 8.64, 14.70, -2.89, 0.75, 1.41, 0.13471740021317186
No.282: 0.91, 1.50, 0.32, 4.64, 0.45, 8.64, 14.70, -2.89, 0.75, 1.41, 0.13471740021317186
No.283: 0.91, 1.50, 0.32, 4.64, 0.45, 8.64, 14.70, -2.89, 0.75, 1.41, 0.13471740021317186
No.284: 0.91, 1.50, 0.32, 4.64, 0.45, 8.64, 14.70, -2.89, 0.75, 1.41, 0.13471740021317186
No.285: 0.91, 1.50, 0.32, 4.64, 0.45, 8.64, 14.70, -2.89, 0.75, 1.41, 0.13471740021317186
No.286: 0.91, 1.50, 0.32, 4.64, 0.45, 8.64, 14.70, -2.89, 0.75, 1.41, 0.13471740021317186
No.287: 0.91, 1.50, 0.32, 4.64, 0.45, 8.64, 14.70, -2.89, 0.75, 1.41, 0.13471740021317186
No.288: 0.91, 1.50, 0.32, 4.64, 0.45, 8.64, 14.70, -2.89, 0.75, 1.41, 0.13471740021317186
No.289: 0.91, 1.50, 0.32, 4.64, 0.45, 8.64, 14.70, -2.89, 0.75, 1.41, 0.13471740021317186
No.290: 0.91, 1.50, 0.32, 4.64, 0.45, 8.64, 14.70, -2.89, 0.75, 1.41, 0.13471740021317186
No.291: 0.91, 1.50, 0.32, 4.64, 0.45, 8.64, 14.70, -2.89, 0.75, 1.41, 0.13471740021317186
No.292: 0.91, 1.50, 0.32, 4.64, 0.45, 8.64, 14.70, -2.89, 0.75, 1.41, 0.13471740021317186
No.293: 0.91, 1.50, 0.32, 4.64, 0.45, 8.64, 14.70, -2.89, 0.75, 1.41, 0.13471740021317186
No.294: 0.91, 1.50, 0.32, 4.64, 0.45, 8.64, 14.70, -2.89, 0.75, 1.41, 0.13471740021317186
No.295: 0.91, 1.50, 0.32, 4.64, 0.45, 8.64, 14.70, -2.89, 0.75, 1.41, 0.13471740021317186
No.296: 0.91, 1.50, 0.32, 4.64, 0.45, 8.64, 14.70, -2.89, 0.75, 1.41, 0.13471740021317186
No.297: 0.91, 1.50, 0.32, 4.64, 0.45, 8.64, 14.70, -2.89, 0.75, 1.41, 0.13471740021317186
No.298: 0.91, 1.50, 0.32, 4.64, 0.45, 8.64, 14.70, -2.89, 0.75, 1.41, 0.13471740021317186
No.299: 0.91, 1.50, 0.32, 4.64, 0.45, 8.64, 14.70, -2.89, 0.75, 1.41, 0.13471740021317186
No.300: 0.91, 1.50, 0.32, 4.64, 0.45, 8.64, 14.70, -2.89, 0.75, 1.41, 0.13471740021317186
No.301: 0.91, 1.50, 0.32, 4.64, 0.45, 8.64, 14.70, -2.89, 0.75, 1.41, 0.13471740021317186
No.302: 0.91, 1.50, 0.32, 4.64, 0.45, 8.64, 14.70, -2.89, 0.75, 1.41, 0.13471740021317186
No.303: 0.91, 1.50, 0.32, 4.64, 0.45, 8.64, 14.70, -2.89, 0.75, 1.41, 0.13471740021317186
No.304: 0.91, 1.50, 0.32, 4.64, 0.45, 8.64, 14.70, -2.89, 0.75, 1.41, 0.13471740021317186
No.305: 0.91, 1.50, 0.32, 4.64, 0.45, 8.64, 14.70, -2.89, 0.75, 1.41, 0.13471740021317186
No.306: 0.91, 1.50, 0.32, 4.64, 0.45, 8.64, 14.70, -2.89, 0.75, 1.41, 0.13471740021317186
No.307: 0.91, 1.50, 0.32, 4.64, 0.45, 8.64, 14.70, -2.89, 0.75, 1.41, 0.13471740021317186
No.308: 0.91, 1.50, 0.32, 4.64, 0.45, 8.64, 14.70, -2.89, 0.75, 1.41, 0.13471740021317186
No.309: 0.91, 1.50, 0.32, 4.64, 0.45, 8.64, 14.70, -2.89, 0.75, 1.41, 0.13471740021317186
No.310: 0.91, 1.50, 0.32, 4.64, 0.45, 8.64, 14.70, -2.89, 0.75, 1.41, 0.13471740021317186
No.311: 0.91, 1.50, 0.32, 4.64, 0.45, 8.64, 14.70, -2.89, 0.75, 1.41, 0.13471740021317186
No.312: 0.91, 1.50, 0.32, 4.64, 0.45, 8.64, 14.70, -2.89, 0.75, 1.41, 0.13471740021317186
No.313: 0.91, 1.50, 0.32, 4.64, 0.45, 8.64, 14.70, -2.89, 0.75, 1.41, 0.13471740021317186
No.314: 0.91, 1.50, 0.32, 4.64, 0.45, 8.64, 14.70, -2.89, 0.75, 1.41, 0.13471740021317186
No.315: 0.91, 1.50, 0.32, 4.64, 0.45, 8.64, 14.70, -2.89, 0.75, 1.41, 0.13471740021317186
No.316: 0.91, 1.50, 0.32, 4.64, 0.45, 8.64, 14.70, -2.89, 0.75, 1.41, 0.13471740021317186
No.317: 0.91, 1.50, 0.32, 4.64, 0.45, 8.64, 14.70, -2.89, 0.75, 1.41, 0.13471740021317186
No.318: 0.91, 1.50, 0.32, 4.64, 0.45, 8.64, 14.70, -2.89, 0.75, 1.41, 0.13471740021317186
No.319: 0.91, 1.50, 0.32, 4.64, 0.45, 8.64, 14.70, -2.89, 0.75, 1.41, 0.13471740021317186
No.320: 0.91, 1.50, 0.32, 4.64, 0.45, 8.64, 14.70, -2.89, 0.75, 1.41, 0.13471740021317186
No.321: 0.91, 1.50, 0.32, 4.64, 0.45, 8.64, 14.70, -2.89, 0.75, 1.41, 0.13471740021317186
No.322: 0.91, 1.50, 0.32, 4.64, 0.45, 8.64, 14.70, -2.89, 0.75, 1.41, 0.13471740021317186
No.323: 0.91, 1.50, 0.32, 4.64, 0.45, 8.64, 14.70, -2.89, 0.75, 1.41, 0.13471740021317186
No.324: 0.91, 1.50, 0.32, 4.64, 0.45, 8.64, 14.70, -2.89, 0.75, 1.41, 0.13471740021317186
No.325: 0.91, 1.50, 0.32, 4.64, 0.45, 8.64, 14.70, -2.89, 0.75, 1.41, 0.13471740021317186
No.326: 0.91, 1.50, 0.32, 4.64, 0.45, 8.64, 14.70, -2.89, 0.75, 1.41, 0.13471740021317186
No.327: 0.91, 1.50, 0.32, 4.64, 0.45, 8.64, 14.70, -2.89, 0.75, 1.41, 0.13471740021317186
No.328: 0.91, 1.50, 0.32, 4.64, 0.45, 8.64, 14.70, -2.89, 0.75, 1.41, 0.13471740021317186
No.329: 0.91, 1.50, 0.32, 4.64, 0.45, 8.64, 14.70, -2.89, 0.75, 1.41, 0.13471740021317186
No.330: 0.91, 1.50, 0.32, 4.64, 0.45, 8.64, 14.70, -2.89, 0.75, 1.41, 0.13471740021317186
No.331: 0.91, 1.50, 0.32, 4.64, 0.45, 8.64, 14.70, -2.89, 0.75, 1.41, 0.13471740021317186
No.332: 0.91, 1.50, 0.32, 4.64, 0.45, 8.64, 14.70, -2.89, 0.75, 1.41, 0.13471740021317186
No.333: 0.91, 1.50, 0.32, 4.64, 0.45, 8.64, 14.70, -2.89, 0.75, 1.41, 0.13471740021317186
No.334: 0.91, 1.50, 0.32, 4.64, 0.45, 8.64, 14.70, -2.89, 0.75, 1.41, 0.13471740021317186
No.335: 0.91, 1.50, 0.32, 4.64, 0.45, 8.64, 14.70, -2.89, 0.75, 1.41, 0.13471740021317186
No.336: 0.91, 1.50, 0.32, 4.64, 0.45, 8.64, 14.70, -2.89, 0.75, 1.41, 0.13471740021317186
No.337: 0.91, 1.50, 0.32, 4.64, 0.45, 8.64, 14.70, -2.89, 0.75, 1.41, 0.13471740021317186
No.338: 0.91, 1.50, 0.32, 4.64, 0.45, 8.64, 14.70, -2.89, 0.75, 1.41, 0.13471740021317186
No.339: 0.91, 1.50, 0.32, 4.64, 0.45, 8.64, 14.70, -2.89, 0.75, 1.41, 0.13471740021317186
No.340: 0.91, 1.50, 0.32, 4.64, 0.45, 8.64, 14.70, -2.89, 0.75, 1.41, 0.13471740021317186
No.341: 0.91, 1.50, 0.32, 4.64, 0.45, 8.64, 14.70, -2.89, 0.75, 1.41, 0.13471740021317186
No.342: 0.91, 1.50, 0.32, 4.64, 0.45, 8.64, 14.70, -2.89, 0.75, 1.41, 0.13471740021317186
No.343: 0.91, 1.50, 0.32, 4.64, 0.45, 8.64, 14.70, -2.89, 0.75, 1.41, 0.13471740021317186
No.344: 0.91, 1.50, 0.32, 4.64, 0.45, 8.64, 14.70, -2.89, 0.75, 1.41, 0.13471740021317186
No.345: 0.91, 1.50, 0.32, 4.64, 0.45, 8.64, 14.70, -2.89, 0.75, 1.41, 0.13471740021317186
No.346: 0.91, 1.50, 0.32, 4.64, 0.45, 8.64, 14.70, -2.89, 0.75, 1.41, 0.13471740021317186
No.347: 0.91, 1.50, 0.32, 4.64, 0.45, 8.64, 14.70, -2.89, 0.75, 1.41, 0.13471740021317186
No.348: 0.91, 1.50, 0.32, 4.64, 0.45, 8.64, 14.70, -2.89, 0.75, 1.41, 0.13471740021317186
No.349: 0.91, 1.50, 0.32, 4.64, 0.45, 8.64, 14.70, -2.89, 0.75, 1.41, 0.13471740021317186
No.350: 0.91, 1.50, 0.32, 4.64, 0.45, 8.64, 14.70, -2.89, 0.75, 1.41, 0.13471740021317186
No.351: 0.91, 1.50, 0.32, 4.64, 0.45, 8.64, 14.70, -2.89, 0.75, 1.41, 0.13471740021317186
No.352: 0.91, 1.50, 0.32, 4.64, 0.45, 8.64, 14.70, -2.89, 0.75, 1.41, 0.13471740021317186
No.353: 0.91, 1.50, 0.32, 4.64, 0.45, 8.64, 14.70, -2.89, 0.75, 1.41, 0.13471740021317186
No.354: 0.91, 1.50, 0.32, 4.64, 0.45, 8.64, 14.70, -2.89, 0.75, 1.41, 0.13471740021317186
No.355: 0.91, 1.50, 0.32, 4.64, 0.45, 8.64, 14.70, -2.89, 0.75, 1.41, 0.13471740021317186
No.356: 0.91, 1.50, 0.32, 4.64, 0.45, 8.64, 14.70, -2.89, 0.75, 1.41, 0.13471740021317186
No.357: 0.91, 1.50, 0.32, 4.64, 0.45, 8.64, 14.70, -2.89, 0.75, 1.41, 0.13471740021317186
No.358: 0.91, 1.50, 0.32, 4.64, 0.45, 8.64, 14.70, -2.89, 0.75, 1.41, 0.13471740021317186
No.359: 0.91, 1.50, 0.32, 4.64, 0.45, 8.64, 14.70, -2.89, 0.75, 1.41, 0.13471740021317186
No.360: 0.91, 1.50, 0.32, 4.64, 0.45, 8.64, 14.70, -2.89, 0.75, 1.41, 0.13471740021317186
No.361: 0.91, 1.50, 0.32, 4.64, 0.45, 8.64, 14.70, -2.89, 0.75, 1.41, 0.13471740021317186
No.362: 0.91, 1.50, 0.32, 4.64, 0.45, 8.64, 14.70, -2.89, 0.75, 1.41, 0.13471740021317186
No.363: 0.91, 1.50, 0.32, 4.64, 0.45, 8.64, 14.70, -2.89, 0.75, 1.41, 0.13471740021317186
No.364: 0.91, 1.50, 0.32, 4.64, 0.45, 8.64, 14.70, -2.89, 0.75, 1.41, 0.13471740021317186
No.365: 0.91, 1.50, 0.32, 4.64, 0.45, 8.64, 14.70, -2.89, 0.75, 1.41, 0.13471740021317186
No.366: 0.91, 1.50, 0.32, 4.64, 0.45, 8.64, 14.70, -2.89, 0.75, 1.41, 0.13471740021317186
No.367: 0.91, 1.50, 0.32, 4.64, 0.45, 8.64, 14.70, -2.89, 0.75, 1.41, 0.13471740021317186
No.368: 0.91, 1.50, 0.32, 4.64, 0.45, 8.64, 14.70, -2.89, 0.75, 1.41, 0.13471740021317186
No.369: 0.91, 1.50, 0.32, 4.64, 0.45, 8.64, 14.70, -2.89, 0.75, 1.41, 0.13471740021317186
No.370: 0.91, 1.50, 0.32, 4.64, 0.45, 8.64, 14.70, -2.89, 0.75, 1.41, 0.13471740021317186
No.371: 0.91, 1.50, 0.32, 4.64, 0.45, 8.64, 14.70, -2.89, 0.75, 1.41, 0.13471740021317186
No.372: 0.91, 1.50, 0.32, 4.64, 0.45, 8.64, 14.70, -2.89, 0.75, 1.41, 0.13471740021317186
No.373: 0.91, 1.50, 0.32, 4.64, 0.45, 8.64, 14.70, -2.89, 0.75, 1.41, 0.13471740021317186
No.374: 0.91, 1.50, 0.32, 4.64, 0.45, 8.64, 14.70, -2.89, 0.75, 1.41, 0.13471740021317186
No.375: 0.91, 1.50, 0.32, 4.64, 0.45, 8.64, 14.70, -2.89, 0.75, 1.41, 0.13471740021317186
No.376: 0.91, 1.50, 0.32, 4.64, 0.45, 8.64, 14.70, -2.89, 0.75, 1.41, 0.13471740021317186
No.377: 0.91, 1.50, 0.32, 4.64, 0.45, 8.64, 14.70, -2.89, 0.75, 1.41, 0.13471740021317186
No.378: 0.91, 1.50, 0.32, 4.64, 0.45, 8.64, 14.70, -2.89, 0.75, 1.41, 0.13471740021317186
No.379: 0.91, 1.50, 0.32, 4.64, 0.45, 8.64, 14.70, -2.89, 0.75, 1.41, 0.13471740021317186
No.380: 0.91, 1.50, 0.32, 4.64, 0.45, 8.64, 14.70, -2.89, 0.75, 1.41, 0.13471740021317186
No.381: 0.91, 1.50, 0.32, 4.64, 0.45, 8.64, 14.70, -2.89, 0.75, 1.41, 0.13471740021317186
No.382: 0.91, 1.50, 0.32, 4.64, 0.45, 8.64, 14.70, -2.89, 0.75, 1.41, 0.13471740021317186
No.383: 0.91, 1.50, 0.32, 4.64, 0.45, 8.64, 14.70, -2.89, 0.75, 1.41, 0.13471740021317186
No.384: 0.91, 1.50, 0.32, 4.64, 0.45, 8.64, 14.70, -2.89, 0.75, 1.41, 0.13471740021317186
No.385: 0.91, 1.50, 0.32, 4.64, 0.45, 8.64, 14.70, -2.89, 0.75, 1.41, 0.13471740021317186
No.386: 0.91, 1.50, 0.32, 4.64, 0.45, 8.64, 14.70, -2.89, 0.75, 1.41, 0.13471740021317186
No.387: 0.91, 1.50, 0.32, 4.64, 0.45, 8.64, 14.70, -2.89, 0.75, 1.41, 0.13471740021317186
No.388: 0.91, 1.50, 0.32, 4.64, 0.45, 8.64, 14.70, -2.89, 0.75, 1.41, 0.13471740021317186
No.389: 0.91, 1.50, 0.32, 4.64, 0.45, 8.64, 14.70, -2.89, 0.75, 1.41, 0.13471740021317186
No.390: 0.91, 1.50, 0.32, 4.64, 0.45, 8.64, 14.70, -2.89, 0.75, 1.41, 0.13471740021317186
No.391: 0.91, 1.50, 0.32, 4.64, 0.45, 8.64, 14.70, -2.89, 0.75, 1.41, 0.13471740021317186
No.392: 0.91, 1.50, 0.32, 4.64, 0.45, 8.64, 14.70, -2.89, 0.75, 1.41, 0.13471740021317186
No.393: 0.91, 1.50, 0.32, 4.64, 0.45, 8.64, 14.70, -2.89, 0.75, 1.41, 0.13471740021317186
No.394: 0.91, 1.50, 0.32, 4.64, 0.45, 8.64, 14.70, -2.89, 0.75, 1.41, 0.13471740021317186
No.395: 0.91, 1.50, 0.32, 4.64, 0.45, 8.64, 14.70, -2.89, 0.75, 1.41, 0.13471740021317186
No.396: 0.91, 1.50, 0.32, 4.64, 0.45, 8.64, 14.70, -2.89, 0.75, 1.41, 0.13471740021317186
No.397: 0.91, 1.50, 0.32, 4.64, 0.45, 8.64, 14.70, -2.89, 0.75, 1.41, 0.13471740021317186
No.398: 0.91, 1.50, 0.32, 4.64, 0.45, 8.64, 14.70, -2.89, 0.75, 1.41, 0.13471740021317186
No.399: 0.91, 1.50, 0.32, 4.64, 0.45, 8.64, 14.70, -2.89, 0.75, 1.41, 0.13471740021317186
No.400: 0.91, 1.50, 0.32, 4.64, 0.45, 8.64, 14.70, -2.89, 0.75, 1.41, 0.13471740021317186
No.401: 0.91, 1.50, 0.32, 4.64, 0.45, 8.64, 14.70, -2.89, 0.75, 1.41, 0.13471740021317186
No.402: 0.91, 1.50, 0.32, 4.64, 0.45, 8.64, 14.70, -2.89, 0.75, 1.41, 0.13471740021317186
No.403: 0.91, 1.50, 0.32, 4.64, 0.45, 8.64, 14.70, -2.89, 0.75, 1.41, 0.13471740021317186
No.404: 0.91, 1.50, 0.32, 4.64, 0.45, 8.64, 14.70, -2.89, 0.75, 1.41, 0.13471740021317186
No.405: 0.91, 1.50, 0.32, 4.64, 0.45, 8.64, 14.70, -2.89, 0.75, 1.41, 0.13471740021317186
No.406: 0.91, 1.50, 0.32, 4.64, 0.45, 8.64, 14.70, -2.89, 0.75, 1.41, 0.13471740021317186
No.407: 0.91, 1.50, 0.32, 4.64, 0.45, 8.64, 14.70, -2.89, 0.75, 1.41, 0.13471740021317186
No.408: 0.91, 1.50, 0.32, 4.64, 0.45, 8.64, 14.70, -2.89, 0.75, 1.41, 0.13471740021317186
No.409: 0.91, 1.50, 0.32, 4.64, 0.45, 8.64, 14.70, -2.89, 0.75, 1.41, 0.13471740021317186
No.410: 0.91, 1.50, 0.32, 4.64, 0.45, 8.64, 14.70, -2.89, 0.75, 1.41, 0.13471740021317186
No.411: 0.91, 1.50, 0.32, 4.64, 0.45, 8.64, 14.70, -2.89, 0.75, 1.41, 0.13471740021317186
