#| No.|Asub | b0  | b1  | b2  | b3  | t1  | t2  | t3  |Cmin |Cmax | evalulate_value (min value is recommendation) |
#|iter| x0  | x1  | x2  | x3  | x4  | x5  | x6  | x7  | x8  | x9  | evalulate_value (min value is reccomendation) |
No.1: 1.14, 6.17, 2.71, 4.80, 2.60, 1.10, 2.30, 2.21, 0.69, 1.70, 11900017082664.723
No.2: 1.20, 6.17, 2.71, 4.80, 2.60, 1.10, 2.30, 2.21, 0.69, 1.70, 13038869485275.492
No.3: 1.14, 6.48, 2.71, 4.80, 2.60, 1.10, 2.30, 2.21, 0.69, 1.70, 51952288707475.3
No.4: 1.14, 6.17, 2.84, 4.80, 2.60, 1.10, 2.30, 2.21, 0.69, 1.70, 12793933060671.531
No.5: 1.14, 6.17, 2.71, 5.04, 2.60, 1.10, 2.30, 2.21, 0.69, 1.70, 5873825927125.217
No.6: 1.14, 6.17, 2.71, 4.80, 2.74, 1.10, 2.30, 2.21, 0.69, 1.70, 11936910848278.38
No.7: 1.14, 6.17, 2.71, 4.80, 2.60, 1.16, 2.30, 2.21, 0.69, 1.70, 13011559761716.002
No.8: 1.14, 6.17, 2.71, 4.80, 2.60, 1.10, 2.42, 2.21, 0.69, 1.70, 13774956497750.717
No.9: 1.14, 6.17, 2.71, 4.80, 2.60, 1.10, 2.30, 2.32, 0.69, 1.70, 11945929907990.533
No.10: 1.14, 6.17, 2.71, 4.80, 2.60, 1.10, 2.30, 2.21, 0.72, 1.70, 11262004408286.328
No.11: 1.14, 6.17, 2.71, 4.80, 2.60, 1.10, 2.30, 2.21, 0.69, 1.79, 12017178023782.324
No.12: 1.16, 5.87, 2.73, 4.85, 2.63, 1.12, 2.33, 2.23, 0.69, 1.72, 1072249879045.3047
No.13: 1.16, 5.80, 2.73, 4.86, 2.63, 1.12, 2.33, 2.23, 0.69, 1.72, 521175544075.491
No.14: 1.16, 6.10, 2.74, 4.86, 2.64, 1.12, 2.20, 2.23, 0.69, 1.73, 7332242210955.216
No.15: 1.09, 6.09, 2.74, 4.88, 2.64, 1.12, 2.29, 2.24, 0.69, 1.73, 5298194242963.081
No.16: 1.14, 6.07, 2.75, 4.89, 2.65, 1.06, 2.28, 2.24, 0.70, 1.73, 5172154307237.559
No.17: 1.14, 6.05, 2.60, 4.91, 2.66, 1.10, 2.28, 2.25, 0.70, 1.74, 4193148101147.7285
No.18: 1.14, 6.02, 2.71, 4.93, 2.67, 1.10, 2.28, 2.26, 0.70, 1.65, 2739854040649.021
No.19: 1.14, 5.99, 2.72, 4.95, 2.68, 1.10, 2.27, 2.14, 0.71, 1.72, 1932884633469.5334
No.20: 1.13, 5.95, 2.72, 4.98, 2.54, 1.10, 2.26, 2.24, 0.71, 1.72, 1112270832697.099
No.21: 1.13, 5.91, 2.72, 5.01, 2.66, 1.10, 2.25, 2.24, 0.71, 1.73, 538675113761.45917
No.22: 1.13, 5.86, 2.72, 5.06, 2.67, 1.10, 2.24, 2.25, 0.68, 1.73, 112326295849.68024
No.23: 1.13, 5.82, 2.73, 5.08, 2.68, 1.10, 2.24, 2.26, 0.68, 1.73, 42660607381.83525
No.24: 1.11, 5.88, 2.69, 5.04, 2.65, 1.09, 2.36, 2.23, 0.70, 1.71, 116096031966.78581
No.25: 1.12, 5.74, 2.72, 4.86, 2.69, 1.10, 2.26, 2.26, 0.71, 1.73, 267495492465.06027
No.26: 1.17, 5.76, 2.67, 5.03, 2.66, 1.07, 2.28, 2.23, 0.71, 1.71, 21078575803.197628
No.27: 1.18, 5.73, 2.67, 5.04, 2.66, 1.07, 2.28, 2.23, 0.71, 1.71, 9586410696.50932
No.28: 1.13, 5.71, 2.65, 5.04, 2.66, 1.14, 2.28, 2.22, 0.71, 1.70, 5956302128.975857
No.29: 1.13, 5.68, 2.64, 5.06, 2.66, 1.15, 2.28, 2.22, 0.71, 1.69, 1490109069.5495837
No.30: 1.13, 5.66, 2.81, 5.06, 2.65, 1.10, 2.28, 2.21, 0.71, 1.68, 583807523.3209753
No.31: 1.13, 5.62, 2.83, 5.07, 2.65, 1.10, 2.28, 2.21, 0.71, 1.67, 126650787.38149036
No.32: 1.14, 5.60, 2.72, 5.07, 2.63, 1.10, 2.29, 2.19, 0.71, 1.78, 1138520.0276340384
No.33: 1.14, 5.56, 2.72, 5.08, 2.63, 1.10, 2.29, 2.18, 0.71, 1.79, 2759110.197361539
No.34: 1.14, 5.56, 2.71, 5.06, 2.61, 1.10, 2.30, 2.32, 0.70, 1.72, 3297270.905823935
No.35: 1.14, 5.51, 2.71, 5.05, 2.76, 1.10, 2.31, 2.24, 0.70, 1.72, 4128906.847214274
No.36: 1.14, 5.48, 2.71, 5.02, 2.66, 1.10, 2.33, 2.23, 0.69, 1.71, 2463430.0992532116
No.37: 1.11, 5.52, 2.69, 5.21, 2.70, 1.08, 2.26, 2.25, 0.71, 1.71, 1490242.9202905057
No.38: 1.15, 5.54, 2.70, 5.28, 2.64, 1.10, 2.32, 2.22, 0.69, 1.70, 2297201.6397946104
No.39: 1.17, 5.34, 2.73, 5.15, 2.68, 1.12, 2.21, 2.24, 0.70, 1.72, 11289910841.46295
No.40: 1.16, 5.29, 2.69, 5.12, 2.65, 1.10, 2.33, 2.22, 0.73, 1.69, 7453291.273607586
No.41: 1.12, 5.77, 2.68, 5.05, 2.64, 1.09, 2.38, 2.22, 0.71, 1.70, 7150672040.332786
No.42: 1.09, 5.38, 2.75, 5.16, 2.65, 1.14, 2.34, 2.23, 0.70, 1.72, 5798905525.847985
No.43: 1.15, 5.27, 2.75, 5.17, 2.68, 1.13, 2.23, 2.24, 0.70, 1.72, 6352738.626384183
No.44: 1.19, 5.63, 2.68, 5.07, 2.67, 1.08, 2.24, 2.24, 0.71, 1.71, 196493248.37067786
No.45: 1.16, 5.33, 2.80, 5.17, 2.67, 1.06, 2.30, 2.25, 0.70, 1.74, 7797743.932905043
No.46: 1.10, 5.31, 2.78, 5.18, 2.66, 1.12, 2.34, 2.24, 0.70, 1.73, 1008415.4758631358
No.47: 1.09, 5.28, 2.79, 5.19, 2.66, 1.12, 2.35, 2.24, 0.70, 1.73, 899750.2260416225
No.48: 1.14, 5.26, 2.63, 5.20, 2.68, 1.10, 2.32, 2.27, 0.69, 1.77, 13495856.311817685
No.49: 1.14, 5.31, 2.66, 5.18, 2.68, 1.10, 2.31, 2.26, 0.70, 1.76, 6692043.108940788
No.50: 1.12, 5.54, 2.63, 5.11, 2.66, 1.16, 2.31, 2.23, 0.71, 1.71, 2989194.423382271
No.51: 1.10, 5.63, 2.72, 5.15, 2.68, 1.12, 2.27, 2.27, 0.67, 1.76, 3931278.4183108304
No.52: 1.12, 5.68, 2.77, 5.08, 2.66, 1.12, 2.28, 2.22, 0.70, 1.70, 660247126.0070767
No.53: 1.14, 5.37, 2.67, 5.17, 2.67, 1.10, 2.31, 2.26, 0.70, 1.75, 7171147.043987847
No.54: 1.13, 5.57, 2.72, 5.08, 2.63, 1.10, 2.29, 2.19, 0.71, 1.78, 2968402.4941742113
No.55: 1.11, 5.50, 2.70, 5.21, 2.69, 1.09, 2.27, 2.25, 0.71, 1.71, 501318046890.88
No.56: 1.15, 5.51, 2.71, 5.27, 2.64, 1.11, 2.32, 2.22, 0.69, 1.70, 2490565.3998811953
No.57: 1.14, 5.46, 2.72, 5.04, 2.66, 1.10, 2.33, 2.23, 0.69, 1.71, 5420049.5681540845
No.58: 1.11, 5.52, 2.64, 5.11, 2.66, 1.15, 2.31, 2.23, 0.70, 1.71, 2449403.901491976
No.59: 1.13, 5.53, 2.72, 5.08, 2.61, 1.10, 2.30, 2.31, 0.70, 1.72, 4426470.283340777
No.60: 1.10, 5.60, 2.72, 5.15, 2.68, 1.12, 2.28, 2.27, 0.67, 1.75, 3094396.2790612224
No.61: 1.13, 5.49, 2.72, 5.07, 2.75, 1.10, 2.32, 2.24, 0.70, 1.72, 2359905.4466921785
No.62: 1.15, 5.27, 2.75, 5.17, 2.67, 1.13, 2.24, 2.24, 0.70, 1.72, 5966298.988901667
No.63: 1.14, 5.31, 2.67, 5.18, 2.68, 1.10, 2.32, 2.26, 0.70, 1.75, 6801583.322188168
No.64: 1.14, 5.41, 2.74, 5.06, 2.64, 1.14, 2.35, 2.24, 0.68, 1.75, 1327246.45209851
No.65: 1.12, 5.62, 2.78, 5.06, 2.65, 1.13, 2.30, 2.22, 0.69, 1.71, 129588063.45464666
No.66: 1.13, 5.35, 2.69, 5.16, 2.67, 1.11, 2.32, 2.25, 0.70, 1.75, 6961675.45387837
No.67: 1.14, 5.40, 2.74, 5.07, 2.64, 1.14, 2.35, 2.24, 0.68, 1.74, 989404674.6272726
No.68: 1.13, 5.47, 2.73, 5.08, 2.74, 1.11, 2.32, 2.24, 0.70, 1.72, 2635401.7846826687
No.69: 1.11, 5.49, 2.66, 5.12, 2.66, 1.15, 2.32, 2.23, 0.70, 1.72, 2449956.7923964076
No.70: 1.14, 5.49, 2.72, 5.27, 2.64, 1.11, 2.33, 2.22, 0.69, 1.70, 781744.9169360182
No.71: 1.13, 5.54, 2.73, 5.09, 2.64, 1.11, 2.30, 2.20, 0.70, 1.77, 2419368.4540900276
No.72: 1.10, 5.57, 2.73, 5.16, 2.68, 1.12, 2.28, 2.26, 0.68, 1.75, 8415888.570613494
No.73: 1.13, 5.50, 2.73, 5.09, 2.62, 1.11, 2.31, 2.30, 0.70, 1.72, 2138560.1909600375
No.74: 1.13, 5.44, 2.72, 5.06, 2.66, 1.11, 2.34, 2.23, 0.69, 1.72, 2006071.6811035422
No.75: 1.14, 5.27, 2.76, 5.18, 2.67, 1.13, 2.25, 2.24, 0.70, 1.72, 6498098.550966535
No.76: 1.13, 5.31, 2.68, 5.18, 2.67, 1.11, 2.32, 2.26, 0.70, 1.75, 6757779.956009003
No.77: 1.11, 5.47, 2.71, 5.21, 2.69, 1.09, 2.27, 2.25, 0.71, 1.71, 765652802387.6367
No.78: 1.13, 5.41, 2.74, 5.09, 2.65, 1.13, 2.34, 2.24, 0.69, 1.74, 1761917393021.511
No.79: 1.09, 5.30, 2.78, 5.20, 2.65, 1.12, 2.35, 2.23, 0.70, 1.72, 1069036.0546352088
No.80: 1.13, 5.45, 2.72, 5.08, 2.66, 1.11, 2.33, 2.23, 0.69, 1.71, 3299452.3916536164
No.81: 1.13, 5.50, 2.73, 5.11, 2.62, 1.11, 2.31, 2.30, 0.70, 1.72, 2467276.1802788307
No.82: 1.13, 5.54, 2.73, 5.11, 2.64, 1.11, 2.30, 2.20, 0.70, 1.76, 2991482.67844904
No.83: 1.11, 5.49, 2.66, 5.14, 2.66, 1.15, 2.32, 2.23, 0.70, 1.71, 2875951.3970330507
No.84: 1.13, 5.47, 2.73, 5.10, 2.73, 1.11, 2.32, 2.24, 0.70, 1.72, 2185951.677915494
No.85: 1.14, 5.29, 2.75, 5.19, 2.67, 1.13, 2.26, 2.24, 0.70, 1.72, 7706855.584882254
No.86: 1.13, 5.32, 2.69, 5.19, 2.67, 1.11, 2.32, 2.25, 0.70, 1.75, 6505930.315747402
No.87: 1.10, 5.56, 2.73, 5.17, 2.68, 1.12, 2.29, 2.26, 0.68, 1.75, 3547084.71568362
No.88: 1.14, 5.41, 2.74, 5.09, 2.64, 1.14, 2.35, 2.24, 0.68, 1.74, 1151825094.2400124
No.89: 1.11, 5.48, 2.71, 5.22, 2.68, 1.09, 2.28, 2.24, 0.71, 1.71, 3219304917978.7065
No.90: 1.13, 5.42, 2.73, 5.11, 2.65, 1.13, 2.34, 2.24, 0.69, 1.74, 1228674021631.1606
No.91: 1.10, 5.32, 2.78, 5.21, 2.65, 1.12, 2.35, 2.23, 0.70, 1.72, 1102670.617267184
No.92: 1.13, 5.47, 2.72, 5.11, 2.72, 1.11, 2.32, 2.24, 0.70, 1.72, 2549817.360455014
No.93: 1.13, 5.50, 2.73, 5.12, 2.62, 1.11, 2.31, 2.29, 0.70, 1.72, 3043458.875935424
No.94: 1.12, 5.49, 2.67, 5.15, 2.66, 1.14, 2.32, 2.23, 0.70, 1.71, 2298225.683478695
No.95: 1.13, 5.53, 2.73, 5.12, 2.64, 1.11, 2.31, 2.20, 0.70, 1.76, 2421939.3786121383
No.96: 1.13, 5.45, 2.72, 5.10, 2.66, 1.11, 2.33, 2.23, 0.69, 1.71, 2700032.9060832225
No.97: 1.11, 5.55, 2.73, 5.18, 2.67, 1.12, 2.29, 2.25, 0.68, 1.74, 4052787.57354624
No.98: 1.13, 5.34, 2.69, 5.20, 2.67, 1.11, 2.32, 2.25, 0.69, 1.74, 7702989.58801939
No.99: 1.14, 5.31, 2.75, 5.19, 2.67, 1.13, 2.26, 2.24, 0.69, 1.72, 7734967.071730362
No.100: 1.14, 5.42, 2.74, 5.11, 2.64, 1.13, 2.34, 2.24, 0.68, 1.74, 741983.7594963177
No.101: 1.11, 5.60, 2.70, 5.12, 2.65, 1.10, 2.38, 2.24, 0.69, 1.73, 5105533.452261855
No.102: 1.11, 5.63, 2.76, 5.10, 2.64, 1.12, 2.33, 2.22, 0.69, 1.71, 26394984.351335473
No.103: 1.13, 5.38, 2.70, 5.18, 2.66, 1.11, 2.32, 2.25, 0.69, 1.74, 9205393.709808985
No.104: 1.14, 5.48, 2.72, 5.25, 2.64, 1.11, 2.33, 2.22, 0.69, 1.71, 1073763.9983230394
No.105: 1.10, 5.33, 2.77, 5.20, 2.65, 1.12, 2.35, 2.23, 0.70, 1.72, 5716114.157168756
No.106: 1.12, 5.49, 2.68, 5.15, 2.65, 1.14, 2.32, 2.23, 0.70, 1.72, 2678543.283570506
No.107: 1.13, 5.52, 2.73, 5.12, 2.64, 1.11, 2.31, 2.21, 0.70, 1.76, 2252504.0097500803
No.108: 1.13, 5.47, 2.73, 5.11, 2.71, 1.11, 2.32, 2.24, 0.69, 1.72, 3014639.623449306
No.109: 1.13, 5.45, 2.72, 5.10, 2.66, 1.11, 2.33, 2.23, 0.69, 1.72, 3636268.089056892
No.110: 1.13, 5.49, 2.73, 5.12, 2.62, 1.11, 2.31, 2.28, 0.70, 1.72, 2167074.9098136574
No.111: 1.11, 5.54, 2.73, 5.17, 2.67, 1.12, 2.30, 2.25, 0.68, 1.74, 2944563.617214204
No.112: 1.11, 5.58, 2.70, 5.12, 2.65, 1.11, 2.38, 2.24, 0.69, 1.73, 4873923.955126858
No.113: 1.13, 5.35, 2.69, 5.19, 2.67, 1.11, 2.33, 2.25, 0.69, 1.74, 7973111.753376518
No.114: 1.12, 5.61, 2.75, 5.10, 2.64, 1.13, 2.33, 2.22, 0.69, 1.71, 8648275.944904212
No.115: 1.13, 5.39, 2.70, 5.18, 2.66, 1.11, 2.33, 2.25, 0.69, 1.74, 7438080.394392522
No.116: 1.12, 5.57, 2.75, 5.11, 2.65, 1.12, 2.33, 2.23, 0.69, 1.72, 3446397.9138492765
No.117: 1.15, 5.67, 2.67, 5.07, 2.65, 1.11, 2.31, 2.24, 0.69, 1.73, 481795527.81826246
No.118: 1.11, 5.38, 2.76, 5.18, 2.65, 1.12, 2.34, 2.23, 0.69, 1.72, 7300617.934507726
No.119: 1.14, 5.48, 2.72, 5.24, 2.64, 1.11, 2.33, 2.22, 0.69, 1.71, 1200204.3494795356
No.120: 1.13, 5.49, 2.73, 5.12, 2.62, 1.11, 2.32, 2.28, 0.70, 1.72, 2132250.3330707788
No.121: 1.13, 5.51, 2.73, 5.12, 2.64, 1.11, 2.31, 2.21, 0.70, 1.75, 2218311.207934465
No.122: 1.12, 5.48, 2.68, 5.14, 2.65, 1.14, 2.32, 2.23, 0.70, 1.72, 2277383.873449014
No.123: 1.11, 5.53, 2.73, 5.16, 2.67, 1.12, 2.30, 2.25, 0.68, 1.74, 3752170.2139063557
No.124: 1.13, 5.46, 2.73, 5.11, 2.71, 1.11, 2.33, 2.24, 0.69, 1.72, 2245015.7105877814
No.125: 1.12, 5.55, 2.74, 5.11, 2.64, 1.12, 2.33, 2.23, 0.69, 1.72, 5390176.416265666
No.126: 1.13, 5.44, 2.72, 5.10, 2.65, 1.11, 2.34, 2.23, 0.69, 1.72, 1663584.8540008683
No.127: 1.12, 5.57, 2.70, 5.12, 2.65, 1.11, 2.37, 2.24, 0.69, 1.73, 5716229.199404276
No.128: 1.11, 5.34, 2.77, 5.19, 2.65, 1.12, 2.35, 2.23, 0.69, 1.73, 7646638.818207049
No.129: 1.15, 5.64, 2.68, 5.08, 2.65, 1.11, 2.31, 2.24, 0.69, 1.73, 141243503.1454782
No.130: 1.11, 5.39, 2.76, 5.17, 2.65, 1.12, 2.34, 2.23, 0.69, 1.73, 8106094.733054249
No.131: 1.14, 5.47, 2.72, 5.22, 2.64, 1.12, 2.33, 2.22, 0.69, 1.71, 956811.5296012249
No.132: 1.13, 5.44, 2.73, 5.10, 2.65, 1.11, 2.34, 2.23, 0.69, 1.72, 1872882.7225979671
No.133: 1.13, 5.48, 2.73, 5.12, 2.63, 1.11, 2.32, 2.27, 0.70, 1.72, 2400678.553687347
No.134: 1.13, 5.50, 2.73, 5.12, 2.64, 1.11, 2.32, 2.21, 0.70, 1.75, 2255160.0660759555
No.135: 1.13, 5.46, 2.73, 5.11, 2.70, 1.11, 2.33, 2.24, 0.69, 1.72, 2359488.0131186475
No.136: 1.12, 5.47, 2.69, 5.14, 2.65, 1.14, 2.32, 2.23, 0.70, 1.72, 645195.5892293359
No.137: 1.12, 5.52, 2.73, 5.16, 2.66, 1.12, 2.31, 2.25, 0.68, 1.74, 3053026.4822323434
No.138: 1.12, 5.54, 2.74, 5.11, 2.64, 1.13, 2.34, 2.23, 0.69, 1.72, 5559357.932519126
No.139: 1.12, 5.55, 2.71, 5.12, 2.65, 1.11, 2.37, 2.24, 0.69, 1.74, 4384920.868023809
No.140: 1.11, 5.35, 2.77, 5.18, 2.65, 1.12, 2.35, 2.23, 0.69, 1.73, 6993945.3003782155
No.141: 1.15, 5.62, 2.68, 5.08, 2.65, 1.12, 2.32, 2.24, 0.69, 1.73, 35256587.010963455
No.142: 1.11, 5.39, 2.75, 5.17, 2.65, 1.12, 2.34, 2.23, 0.69, 1.73, 7553807.804099393
No.143: 1.14, 5.42, 2.73, 5.11, 2.64, 1.13, 2.34, 2.24, 0.69, 1.74, 615618561486.2122
No.144: 1.14, 5.47, 2.72, 5.21, 2.64, 1.12, 2.33, 2.22, 0.69, 1.71, 873838.5652766266
No.145: 1.13, 5.44, 2.72, 5.10, 2.65, 1.12, 2.34, 2.23, 0.69, 1.72, 2363723.6501018824
No.146: 1.13, 5.50, 2.73, 5.12, 2.64, 1.12, 2.32, 2.21, 0.70, 1.75, 2107603.236605996
No.147: 1.13, 5.46, 2.72, 5.12, 2.69, 1.12, 2.33, 2.24, 0.69, 1.72, 2310756.167795011
No.148: 1.13, 5.48, 2.73, 5.12, 2.63, 1.12, 2.32, 2.27, 0.70, 1.72, 2095994.78661248
No.149: 1.12, 5.51, 2.73, 5.16, 2.66, 1.12, 2.31, 2.25, 0.68, 1.74, 3889506.33043789
No.150: 1.12, 5.54, 2.70, 5.12, 2.65, 1.12, 2.37, 2.24, 0.69, 1.73, 4071153.39835022
No.151: 1.12, 5.53, 2.74, 5.11, 2.65, 1.13, 2.33, 2.23, 0.69, 1.72, 7974400.940421659
No.152: 1.11, 5.36, 2.76, 5.18, 2.65, 1.13, 2.35, 2.23, 0.69, 1.73, 7565115.140012277
No.153: 1.12, 5.53, 2.71, 5.16, 2.66, 1.11, 2.32, 2.24, 0.70, 1.72, 2534236.555468482
No.154: 1.13, 5.42, 2.70, 5.17, 2.66, 1.11, 2.32, 2.24, 0.69, 1.73, 994480415098.1785
No.155: 1.12, 5.52, 2.73, 5.12, 2.65, 1.12, 2.33, 2.23, 0.69, 1.72, 4666029.534265539
No.156: 1.14, 5.63, 2.68, 5.10, 2.66, 1.11, 2.31, 2.24, 0.69, 1.73, 28557580.64969803
No.157: 1.11, 5.40, 2.75, 5.16, 2.65, 1.12, 2.34, 2.23, 0.69, 1.73, 8081521.450955677
No.158: 1.14, 5.47, 2.72, 5.21, 2.64, 1.12, 2.33, 2.23, 0.69, 1.71, 716619.5340725685
No.159: 1.13, 5.48, 2.72, 5.12, 2.63, 1.12, 2.32, 2.27, 0.70, 1.72, 2219592.861286196
No.160: 1.13, 5.50, 2.72, 5.12, 2.64, 1.12, 2.32, 2.22, 0.70, 1.75, 2088306.5381214735
No.161: 1.13, 5.46, 2.72, 5.12, 2.69, 1.12, 2.33, 2.23, 0.69, 1.72, 2791450.0521866484
No.162: 1.13, 5.45, 2.72, 5.11, 2.65, 1.12, 2.33, 2.23, 0.69, 1.72, 4517192.3587981565
No.163: 1.12, 5.53, 2.71, 5.16, 2.66, 1.11, 2.32, 2.24, 0.70, 1.72, 2534236.555468482
No.164: 1.12, 5.51, 2.72, 5.15, 2.66, 1.12, 2.31, 2.25, 0.68, 1.74, 3600483.7813763297
No.165: 1.12, 5.54, 2.70, 5.12, 2.65, 1.12, 2.36, 2.24, 0.69, 1.73, 4479346.362888505
No.166: 1.12, 5.51, 2.73, 5.12, 2.65, 1.13, 2.33, 2.23, 0.69, 1.72, 2785449.4971107678
No.167: 1.11, 5.37, 2.75, 5.17, 2.65, 1.13, 2.34, 2.23, 0.69, 1.73, 6987038.716014935
No.168: 1.14, 5.61, 2.68, 5.10, 2.66, 1.12, 2.31, 2.24, 0.69, 1.73, 10057740.452991134
No.169: 1.12, 5.41, 2.74, 5.16, 2.65, 1.13, 2.34, 2.23, 0.69, 1.73, 1818032224660.1191
No.170: 1.14, 5.47, 2.71, 5.20, 2.64, 1.12, 2.33, 2.23, 0.69, 1.72, 982568.0736277951
No.171: 1.13, 5.49, 2.72, 5.12, 2.64, 1.12, 2.32, 2.22, 0.70, 1.74, 3759328.252726479
No.172: 1.13, 5.48, 2.72, 5.12, 2.63, 1.12, 2.32, 2.26, 0.70, 1.72, 2495070.905654679
No.173: 1.12, 5.52, 2.71, 5.16, 2.66, 1.11, 2.32, 2.24, 0.70, 1.72, 3494772.6064714654
No.174: 1.12, 5.51, 2.72, 5.13, 2.65, 1.13, 2.33, 2.23, 0.69, 1.72, 2661935.6175232693
No.175: 1.13, 5.46, 2.72, 5.12, 2.69, 1.12, 2.33, 2.23, 0.69, 1.72, 2791450.0521866484
No.176: 1.12, 5.50, 2.72, 5.15, 2.66, 1.13, 2.31, 2.24, 0.68, 1.74, 2621990.101184086
No.177: 1.12, 5.53, 2.70, 5.12, 2.65, 1.12, 2.36, 2.24, 0.69, 1.73, 3979986.9510774333
No.178: 1.13, 5.45, 2.72, 5.11, 2.65, 1.12, 2.33, 2.23, 0.69, 1.72, 4517192.3587981565
No.179: 1.11, 5.38, 2.75, 5.17, 2.65, 1.13, 2.34, 2.23, 0.69, 1.72, 7876490.513525013
No.180: 1.14, 5.60, 2.68, 5.11, 2.66, 1.12, 2.31, 2.24, 0.69, 1.73, 3637161.5814706027
No.181: 1.12, 5.56, 2.70, 5.16, 2.65, 1.13, 2.32, 2.24, 0.70, 1.73, 2924340.975886189
No.182: 1.13, 5.48, 2.72, 5.16, 2.66, 1.13, 2.28, 2.24, 0.70, 1.72, 2092410.3089772707
No.183: 1.12, 5.52, 2.70, 5.17, 2.67, 1.13, 2.32, 2.26, 0.69, 1.70, 2875886.636351123
No.184: 1.11, 5.40, 2.74, 5.20, 2.66, 1.13, 2.32, 2.24, 0.69, 1.72, 2666321311.690752
No.185: 1.13, 5.57, 2.69, 5.12, 2.66, 1.12, 2.32, 2.24, 0.69, 1.72, 5822882.058398811
No.186: 1.13, 5.47, 2.71, 5.19, 2.65, 1.12, 2.33, 2.23, 0.69, 1.72, 946027.6197584304
No.187: 1.13, 5.48, 2.71, 5.16, 2.66, 1.13, 2.29, 2.24, 0.70, 1.72, 3125564.1742081908
No.188: 1.13, 5.48, 2.71, 5.13, 2.64, 1.12, 2.32, 2.26, 0.70, 1.72, 3980763.610441059
No.189: 1.12, 5.50, 2.72, 5.15, 2.66, 1.13, 2.31, 2.24, 0.69, 1.73, 2707948.465995821
No.190: 1.12, 5.50, 2.72, 5.13, 2.65, 1.13, 2.33, 2.23, 0.69, 1.72, 2553508.459362345
No.191: 1.13, 5.46, 2.71, 5.12, 2.68, 1.12, 2.33, 2.23, 0.69, 1.72, 3783364.799982488
No.192: 1.12, 5.51, 2.70, 5.16, 2.67, 1.13, 2.32, 2.26, 0.69, 1.70, 3274965.233305306
No.193: 1.12, 5.55, 2.70, 5.16, 2.65, 1.13, 2.32, 2.24, 0.70, 1.73, 3225254.866732222
No.194: 1.12, 5.52, 2.71, 5.16, 2.66, 1.12, 2.32, 2.23, 0.70, 1.72, 3629749.249167007
No.195: 1.14, 5.58, 2.68, 5.11, 2.65, 1.12, 2.31, 2.24, 0.69, 1.72, 1752809.2021477006
No.196: 1.12, 5.53, 2.69, 5.17, 2.68, 1.13, 2.32, 2.21, 0.69, 1.72, 2951758.299813447
No.197: 1.12, 5.56, 2.69, 5.19, 2.63, 1.13, 2.31, 2.24, 0.69, 1.72, 4124664.73336702
No.198: 1.13, 5.48, 2.71, 5.13, 2.68, 1.12, 2.32, 2.23, 0.69, 1.72, 2673564.972393893
No.199: 1.14, 5.50, 2.70, 5.14, 2.66, 1.14, 2.31, 2.24, 0.69, 1.72, 2788614.949013858
No.200: 1.13, 5.50, 2.71, 5.13, 2.65, 1.13, 2.32, 2.21, 0.69, 1.74, 2767864.492112352
No.201: 1.14, 5.46, 2.71, 5.13, 2.66, 1.13, 2.32, 2.22, 0.69, 1.72, 2573129.5699740425
No.202: 1.12, 5.52, 2.69, 5.13, 2.66, 1.13, 2.35, 2.22, 0.69, 1.73, 2870568.9369358555
No.203: 1.13, 5.46, 2.71, 5.11, 2.63, 1.13, 2.33, 2.24, 0.69, 1.73, 3286102.0816256963
No.204: 1.12, 5.52, 2.70, 5.16, 2.67, 1.13, 2.32, 2.22, 0.69, 1.72, 3992163.188916953
No.205: 1.13, 5.47, 2.71, 5.19, 2.65, 1.13, 2.33, 2.23, 0.69, 1.72, 961228.4974110099
No.206: 1.14, 5.57, 2.68, 5.11, 2.65, 1.12, 2.32, 2.24, 0.69, 1.72, 4673042.597817665
No.207: 1.12, 5.50, 2.72, 5.13, 2.65, 1.13, 2.33, 2.23, 0.69, 1.72, 2553508.459362345
No.208: 1.13, 5.46, 2.71, 5.13, 2.66, 1.13, 2.32, 2.22, 0.69, 1.72, 2197899.8963903086
No.209: 1.13, 5.48, 2.71, 5.13, 2.67, 1.13, 2.32, 2.23, 0.69, 1.72, 2456246.2506532287
No.210: 1.12, 5.50, 2.71, 5.15, 2.66, 1.13, 2.31, 2.24, 0.69, 1.73, 2923208.5713083697
No.211: 1.13, 5.50, 2.71, 5.13, 2.65, 1.13, 2.32, 2.21, 0.69, 1.74, 2767864.492112352
No.212: 1.13, 5.50, 2.70, 5.14, 2.66, 1.14, 2.32, 2.23, 0.69, 1.72, 2941491.8316440647
No.213: 1.12, 5.52, 2.69, 5.13, 2.66, 1.13, 2.35, 2.22, 0.69, 1.73, 2870568.9369358555
No.214: 1.12, 5.53, 2.69, 5.17, 2.68, 1.13, 2.32, 2.22, 0.69, 1.72, 2992376.402357539
No.215: 1.12, 5.41, 2.72, 5.18, 2.66, 1.14, 2.33, 2.22, 0.69, 1.72, 833049407706.2786
No.216: 1.13, 5.55, 2.69, 5.12, 2.66, 1.12, 2.32, 2.23, 0.69, 1.72, 5222156.038849213
No.217: 1.13, 5.47, 2.71, 5.18, 2.65, 1.13, 2.33, 2.23, 0.69, 1.72, 989837.8266270282
No.218: 1.13, 5.46, 2.70, 5.13, 2.66, 1.13, 2.32, 2.22, 0.69, 1.72, 2342101.8350176793
No.219: 1.13, 5.48, 2.71, 5.13, 2.67, 1.13, 2.32, 2.23, 0.69, 1.72, 2456246.2506532287
No.220: 1.12, 5.50, 2.71, 5.13, 2.65, 1.13, 2.33, 2.23, 0.69, 1.72, 2574458.8670679
No.221: 1.13, 5.50, 2.70, 5.14, 2.65, 1.13, 2.32, 2.21, 0.69, 1.74, 2732873.866853783
No.222: 1.12, 5.51, 2.69, 5.13, 2.66, 1.13, 2.35, 2.22, 0.69, 1.73, 2670685.7739435406
No.223: 1.12, 5.50, 2.71, 5.15, 2.66, 1.13, 2.32, 2.24, 0.69, 1.73, 2475270.1980584543
No.224: 1.13, 5.50, 2.70, 5.14, 2.66, 1.14, 2.32, 2.23, 0.69, 1.72, 2941491.8316440647
No.225: 1.12, 5.52, 2.69, 5.17, 2.68, 1.13, 2.32, 2.22, 0.69, 1.72, 2621996.116473488
No.226: 1.13, 5.56, 2.68, 5.12, 2.65, 1.12, 2.32, 2.24, 0.69, 1.72, 5059750.773072915
No.227: 1.12, 5.42, 2.72, 5.17, 2.66, 1.14, 2.33, 2.22, 0.69, 1.72, 3340682349413.7197
No.228: 1.13, 5.54, 2.69, 5.12, 2.66, 1.13, 2.32, 2.23, 0.69, 1.72, 5126162.218349671
No.229: 1.13, 5.47, 2.70, 5.18, 2.65, 1.13, 2.33, 2.23, 0.69, 1.72, 959742.9650096113
No.230: 1.13, 5.46, 2.70, 5.13, 2.66, 1.13, 2.32, 2.22, 0.69, 1.72, 2342101.8350176793
No.231: 1.13, 5.48, 2.70, 5.13, 2.67, 1.13, 2.32, 2.23, 0.69, 1.72, 2542518.409564683
No.232: 1.12, 5.49, 2.71, 5.15, 2.66, 1.13, 2.32, 2.24, 0.69, 1.73, 2301545.112924129
No.233: 1.12, 5.50, 2.71, 5.13, 2.65, 1.13, 2.33, 2.23, 0.69, 1.72, 2574458.8670679
No.234: 1.12, 5.52, 2.69, 5.16, 2.67, 1.13, 2.32, 2.22, 0.69, 1.72, 2830869.688840084
No.235: 1.12, 5.51, 2.69, 5.13, 2.66, 1.13, 2.34, 2.22, 0.69, 1.73, 2926539.6532090553
No.236: 1.13, 5.49, 2.70, 5.14, 2.65, 1.13, 2.32, 2.22, 0.69, 1.74, 2492770.9444693225
No.237: 1.13, 5.49, 2.70, 5.14, 2.66, 1.14, 2.32, 2.23, 0.69, 1.72, 2967483.966398499
No.238: 1.13, 5.55, 2.68, 5.12, 2.65, 1.13, 2.32, 2.24, 0.69, 1.72, 4699516.445497887
No.239: 1.12, 5.42, 2.72, 5.17, 2.66, 1.14, 2.33, 2.22, 0.69, 1.72, 3340682349413.7197
No.240: 1.13, 5.53, 2.69, 5.13, 2.66, 1.13, 2.32, 2.23, 0.69, 1.72, 5597852.119869092
No.241: 1.13, 5.47, 2.70, 5.17, 2.65, 1.13, 2.33, 2.23, 0.69, 1.72, 1743381.1897028387
No.242: 1.12, 5.49, 2.71, 5.15, 2.66, 1.13, 2.32, 2.24, 0.69, 1.73, 2301545.112924129
No.243: 1.13, 5.46, 2.70, 5.13, 2.66, 1.13, 2.32, 2.23, 0.69, 1.72, 2178221.9918650193
No.244: 1.13, 5.49, 2.70, 5.14, 2.65, 1.13, 2.32, 2.22, 0.69, 1.73, 2448027.4814127097
No.245: 1.13, 5.48, 2.70, 5.13, 2.67, 1.13, 2.32, 2.23, 0.69, 1.72, 2542518.409564683
No.246: 1.12, 5.49, 2.71, 5.13, 2.65, 1.13, 2.33, 2.23, 0.69, 1.72, 3261107.427563422
No.247: 1.12, 5.51, 2.69, 5.16, 2.67, 1.13, 2.32, 2.22, 0.69, 1.72, 3100351.161590782
No.248: 1.12, 5.50, 2.69, 5.13, 2.66, 1.13, 2.34, 2.23, 0.69, 1.73, 4548538.858182913
No.249: 1.13, 5.49, 2.69, 5.14, 2.66, 1.14, 2.32, 2.23, 0.69, 1.72, 3226506.322100162
No.250: 1.13, 5.55, 2.68, 5.12, 2.65, 1.13, 2.32, 2.24, 0.69, 1.72, 4699516.445497887
No.251: 1.12, 5.43, 2.71, 5.17, 2.66, 1.14, 2.33, 2.22, 0.69, 1.72, 15252972323.28093
No.252: 1.13, 5.53, 2.69, 5.13, 2.65, 1.13, 2.32, 2.23, 0.69, 1.72, 5592232.696207122
No.253: 1.13, 5.47, 2.70, 5.17, 2.65, 1.13, 2.33, 2.23, 0.69, 1.72, 1743381.1897028387
No.254: 1.13, 5.46, 2.70, 5.13, 2.66, 1.13, 2.32, 2.23, 0.69, 1.72, 2178221.9918650193
No.255: 1.12, 5.49, 2.70, 5.15, 2.66, 1.13, 2.32, 2.24, 0.69, 1.73, 2440218.6801233054
No.256: 1.13, 5.49, 2.70, 5.14, 2.65, 1.13, 2.32, 2.22, 0.69, 1.73, 2448027.4814127097
No.257: 1.13, 5.48, 2.70, 5.13, 2.67, 1.13, 2.32, 2.23, 0.69, 1.72, 2542518.409564683
No.258: 1.12, 5.51, 2.69, 5.16, 2.67, 1.13, 2.32, 2.22, 0.69, 1.72, 3100351.161590782
No.259: 1.13, 5.49, 2.69, 5.14, 2.66, 1.14, 2.32, 2.23, 0.69, 1.72, 3226506.322100162
No.260: 1.12, 5.49, 2.71, 5.13, 2.65, 1.13, 2.33, 2.23, 0.69, 1.72, 3261107.427563422
No.261: 1.12, 5.50, 2.69, 5.13, 2.66, 1.13, 2.34, 2.23, 0.69, 1.72, 2642006.232327293
No.262: 1.13, 5.54, 2.68, 5.12, 2.65, 1.13, 2.32, 2.23, 0.69, 1.72, 5387545.32176265
No.263: 1.12, 5.43, 2.71, 5.16, 2.66, 1.14, 2.33, 2.22, 0.69, 1.72, 364547133410.46375
No.264: 1.13, 5.52, 2.69, 5.13, 2.65, 1.13, 2.32, 2.23, 0.69, 1.72, 4565133.51434783
No.265: 1.12, 5.45, 2.71, 5.16, 2.66, 1.14, 2.33, 2.23, 0.69, 1.72, 236210386791.91046
No.266: 1.13, 5.51, 2.69, 5.13, 2.66, 1.13, 2.32, 2.23, 0.69, 1.72, 3078816.5503900307
No.267: 1.13, 5.48, 2.68, 5.15, 2.66, 1.13, 2.32, 2.23, 0.69, 1.72, 3522501.8003757354
No.268: 1.12, 5.49, 2.70, 5.13, 2.65, 1.13, 2.33, 2.23, 0.69, 1.72, 3985164.7145688506
No.269: 1.13, 5.47, 2.70, 5.17, 2.65, 1.13, 2.33, 2.23, 0.69, 1.72, 1743381.1897028387
No.270: 1.13, 5.46, 2.70, 5.13, 2.66, 1.14, 2.32, 2.23, 0.69, 1.72, 1626397.6427414082
No.271: 1.12, 5.49, 2.70, 5.15, 2.66, 1.13, 2.32, 2.24, 0.69, 1.73, 2440218.6801233054
No.272: 1.13, 5.49, 2.70, 5.14, 2.65, 1.13, 2.32, 2.22, 0.69, 1.73, 2448027.4814127097
No.273: 1.12, 5.48, 2.70, 5.13, 2.66, 1.13, 2.32, 2.23, 0.69, 1.72, 2356966.932200957
No.274: 1.12, 5.50, 2.69, 5.13, 2.66, 1.13, 2.34, 2.23, 0.69, 1.72, 2642006.232327293
No.275: 1.13, 5.51, 2.69, 5.13, 2.65, 1.13, 2.32, 2.23, 0.69, 1.72, 3023992.1448446237
No.276: 1.12, 5.51, 2.69, 5.16, 2.67, 1.13, 2.32, 2.22, 0.69, 1.72, 3100351.161590782
No.277: 1.13, 5.49, 2.69, 5.14, 2.66, 1.14, 2.32, 2.23, 0.69, 1.72, 3226506.322100162
No.278: 1.12, 5.49, 2.70, 5.13, 2.65, 1.13, 2.33, 2.23, 0.69, 1.72, 3985164.7145688506
No.279: 1.13, 5.48, 2.68, 5.15, 2.66, 1.14, 2.32, 2.23, 0.69, 1.72, 2737808.2629457633
No.280: 1.12, 5.48, 2.69, 5.14, 2.66, 1.13, 2.33, 2.22, 0.70, 1.72, 2447418.051683305
No.281: 1.13, 5.46, 2.70, 5.13, 2.65, 1.13, 2.33, 2.23, 0.69, 1.73, 2366587.0378934755
No.282: 1.12, 5.45, 2.70, 5.15, 2.66, 1.14, 2.33, 2.23, 0.69, 1.72, 1581856.5271885744
No.283: 1.12, 5.47, 2.71, 5.13, 2.65, 1.13, 2.33, 2.23, 0.69, 1.72, 1916889.9446298783
No.284: 1.13, 5.45, 2.71, 5.15, 2.65, 1.13, 2.31, 2.23, 0.70, 1.72, 1024837694261.4271
No.285: 1.12, 5.49, 2.69, 5.14, 2.66, 1.13, 2.33, 2.23, 0.69, 1.72, 3279723.1669133375
No.286: 1.12, 5.45, 2.70, 5.15, 2.66, 1.14, 2.33, 2.23, 0.69, 1.72, 1581856.5271885744
No.287: 1.13, 5.47, 2.70, 5.13, 2.66, 1.14, 2.32, 2.23, 0.69, 1.72, 2375985.590414229
No.288: 1.13, 5.47, 2.70, 5.16, 2.65, 1.13, 2.33, 2.23, 0.69, 1.72, 1984950.6985542648
No.289: 1.12, 5.47, 2.71, 5.13, 2.65, 1.13, 2.33, 2.23, 0.70, 1.72, 1182773.6148657927
No.290: 1.12, 5.48, 2.70, 5.13, 2.66, 1.13, 2.32, 2.23, 0.70, 1.72, 2105227.644206069
No.291: 1.13, 5.46, 2.70, 5.13, 2.65, 1.13, 2.33, 2.23, 0.69, 1.73, 2366587.0378934755
No.292: 1.12, 5.49, 2.70, 5.14, 2.66, 1.13, 2.32, 2.24, 0.69, 1.73, 2675958.4747925745
No.293: 1.12, 5.48, 2.69, 5.14, 2.66, 1.13, 2.33, 2.22, 0.70, 1.72, 2447418.051683305
No.294: 1.13, 5.49, 2.70, 5.14, 2.65, 1.13, 2.32, 2.22, 0.70, 1.73, 2733989.249212122
No.295: 1.12, 5.50, 2.69, 5.13, 2.66, 1.14, 2.34, 2.23, 0.69, 1.72, 2566319.43773236
No.296: 1.12, 5.46, 2.70, 5.14, 2.66, 1.13, 2.33, 2.24, 0.69, 1.71, 1999303.8785410994
No.297: 1.13, 5.45, 2.69, 5.14, 2.65, 1.13, 2.34, 2.22, 0.70, 1.72, 1977537886066.4456
No.298: 1.12, 5.48, 2.70, 5.14, 2.66, 1.13, 2.32, 2.24, 0.69, 1.72, 3296393.8857000205
No.299: 1.12, 5.47, 2.70, 5.13, 2.65, 1.13, 2.33, 2.23, 0.70, 1.72, 1826544.476230921
No.300: 1.12, 5.45, 2.70, 5.15, 2.66, 1.14, 2.33, 2.23, 0.69, 1.72, 1581856.5271885744
No.301: 1.13, 5.47, 2.70, 5.16, 2.65, 1.13, 2.33, 2.23, 0.69, 1.72, 1984950.6985542648
No.302: 1.12, 5.46, 2.70, 5.14, 2.66, 1.13, 2.33, 2.24, 0.69, 1.71, 1999303.8785410994
No.303: 1.12, 5.48, 2.70, 5.14, 2.66, 1.13, 2.32, 2.23, 0.70, 1.72, 3225894.9281404926
No.304: 1.13, 5.46, 2.70, 5.13, 2.65, 1.13, 2.33, 2.23, 0.69, 1.72, 2736647.706989145
No.305: 1.13, 5.47, 2.70, 5.13, 2.66, 1.14, 2.32, 2.23, 0.69, 1.72, 2375985.590414229
No.306: 1.12, 5.48, 2.69, 5.14, 2.66, 1.13, 2.33, 2.23, 0.70, 1.72, 1701151.0622649842
No.307: 1.12, 5.49, 2.69, 5.13, 2.66, 1.14, 2.34, 2.23, 0.69, 1.72, 2825663.0481603197
No.308: 1.12, 5.48, 2.70, 5.14, 2.66, 1.13, 2.32, 2.24, 0.69, 1.73, 2928770.2331968965
No.309: 1.12, 5.47, 2.69, 5.15, 2.64, 1.14, 2.33, 2.23, 0.69, 1.72, 1456611.3838482664
No.310: 1.13, 5.46, 2.69, 5.14, 2.65, 1.14, 2.34, 2.22, 0.70, 1.72, 508446404.78176856
No.311: 1.12, 5.48, 2.70, 5.14, 2.65, 1.13, 2.32, 2.23, 0.69, 1.72, 2406992.52274823
No.312: 1.12, 5.44, 2.70, 5.15, 2.65, 1.13, 2.32, 2.23, 0.70, 1.72, 2309408400764.2373
No.313: 1.12, 5.49, 2.69, 5.14, 2.65, 1.14, 2.33, 2.23, 0.69, 1.72, 5117187.9990934245
No.314: 1.12, 5.47, 2.69, 5.15, 2.64, 1.14, 2.33, 2.23, 0.69, 1.72, 1456611.3838482664
No.315: 1.12, 5.46, 2.70, 5.15, 2.65, 1.14, 2.33, 2.23, 0.69, 1.72, 1226965.5658278475
No.316: 1.12, 5.48, 2.69, 5.14, 2.66, 1.13, 2.33, 2.23, 0.70, 1.72, 1701151.0622649842
No.317: 1.12, 5.47, 2.70, 5.13, 2.65, 1.13, 2.33, 2.23, 0.70, 1.72, 1826544.476230921
No.318: 1.13, 5.47, 2.70, 5.16, 2.65, 1.13, 2.33, 2.23, 0.69, 1.72, 1984950.6985542648
No.319: 1.12, 5.46, 2.69, 5.14, 2.66, 1.13, 2.33, 2.24, 0.69, 1.72, 3582026.0803181357
No.320: 1.13, 5.47, 2.69, 5.14, 2.66, 1.14, 2.32, 2.23, 0.69, 1.72, 3348279.3370343307
No.321: 1.12, 5.48, 2.70, 5.14, 2.65, 1.14, 2.32, 2.23, 0.69, 1.72, 3141427.388024387
No.322: 1.13, 5.46, 2.69, 5.13, 2.65, 1.13, 2.33, 2.23, 0.69, 1.72, 2448000.276778248
No.323: 1.12, 5.49, 2.69, 5.13, 2.65, 1.14, 2.33, 2.23, 0.69, 1.72, 3258970.0782016846
No.324: 1.12, 5.48, 2.69, 5.14, 2.65, 1.14, 2.32, 2.22, 0.69, 1.73, 3020169.9116444304
No.325: 1.12, 5.48, 2.69, 5.15, 2.65, 1.13, 2.33, 2.23, 0.70, 1.73, 301065420.65874803
No.326: 1.13, 5.47, 2.69, 5.14, 2.66, 1.14, 2.32, 2.23, 0.69, 1.72, 3348279.3370343307
No.327: 1.12, 5.46, 2.70, 5.15, 2.65, 1.14, 2.33, 2.23, 0.69, 1.72, 1226965.5658278475
No.328: 1.12, 5.47, 2.69, 5.15, 2.65, 1.14, 2.33, 2.23, 0.69, 1.72, 2318925.985848136
No.329: 1.12, 5.48, 2.69, 5.14, 2.66, 1.13, 2.33, 2.23, 0.70, 1.72, 1701151.0622649842
No.330: 1.12, 5.47, 2.70, 5.13, 2.65, 1.13, 2.33, 2.23, 0.70, 1.72, 1826544.476230921
No.331: 1.13, 5.47, 2.69, 5.16, 2.65, 1.13, 2.33, 2.23, 0.69, 1.72, 2244917.3744583214
No.332: 1.13, 5.47, 2.69, 5.13, 2.65, 1.14, 2.33, 2.23, 0.69, 1.72, 2508803.9958079914
No.333: 1.12, 5.48, 2.69, 5.14, 2.65, 1.14, 2.32, 2.22, 0.70, 1.73, 1112633.5699043607
No.334: 1.12, 5.48, 2.70, 5.14, 2.65, 1.14, 2.32, 2.23, 0.69, 1.72, 3141427.388024387
No.335: 1.12, 5.49, 2.69, 5.13, 2.65, 1.14, 2.33, 2.23, 0.69, 1.72, 3258970.0782016846
No.336: 1.13, 5.47, 2.69, 5.14, 2.66, 1.14, 2.32, 2.23, 0.69, 1.72, 3348279.3370343307
No.337: 1.12, 5.48, 2.69, 5.15, 2.65, 1.14, 2.33, 2.23, 0.70, 1.73, 713579.6804046921
No.338: 1.12, 5.46, 2.70, 5.15, 2.65, 1.14, 2.32, 2.23, 0.70, 1.72, 297819983169.1854
No.339: 1.12, 5.48, 2.69, 5.14, 2.65, 1.14, 2.33, 2.23, 0.69, 1.72, 3789682.4243104444
No.340: 1.12, 5.48, 2.69, 5.15, 2.65, 1.14, 2.33, 2.23, 0.70, 1.72, 1141680.5636493864
No.341: 1.12, 5.48, 2.69, 5.14, 2.65, 1.14, 2.32, 2.22, 0.70, 1.73, 1112633.5699043607
No.342: 1.12, 5.46, 2.69, 5.15, 2.65, 1.14, 2.33, 2.23, 0.69, 1.72, 2787269.796281292
No.343: 1.12, 5.48, 2.69, 5.14, 2.66, 1.13, 2.33, 2.23, 0.70, 1.72, 1701151.0622649842
No.344: 1.12, 5.47, 2.70, 5.13, 2.65, 1.14, 2.33, 2.23, 0.70, 1.72, 746023.3992444171
No.345: 1.13, 5.47, 2.69, 5.16, 2.65, 1.13, 2.33, 2.23, 0.69, 1.72, 2244917.3744583214
No.346: 1.12, 5.47, 2.69, 5.14, 2.65, 1.14, 2.33, 2.23, 0.69, 1.72, 1878871.0882616942
No.347: 1.13, 5.47, 2.69, 5.13, 2.65, 1.14, 2.33, 2.23, 0.69, 1.72, 2508803.9958079914
No.348: 1.12, 5.48, 2.69, 5.14, 2.65, 1.14, 2.32, 2.23, 0.69, 1.72, 2526640.42702126
No.349: 1.12, 5.49, 2.69, 5.13, 2.65, 1.14, 2.33, 2.23, 0.69, 1.72, 3258970.0782016846
No.350: 1.12, 5.46, 2.70, 5.15, 2.65, 1.14, 2.32, 2.23, 0.70, 1.72, 297819983169.1854
No.351: 1.12, 5.48, 2.69, 5.14, 2.65, 1.14, 2.33, 2.23, 0.69, 1.72, 3789682.4243104444
No.352: 1.12, 5.47, 2.70, 5.13, 2.65, 1.14, 2.33, 2.23, 0.70, 1.72, 746023.3992444171
No.353: 1.12, 5.48, 2.69, 5.14, 2.65, 1.14, 2.32, 2.22, 0.70, 1.73, 1112633.5699043607
No.354: 1.12, 5.48, 2.69, 5.14, 2.65, 1.14, 2.33, 2.23, 0.70, 1.72, 2045534.5617399397
No.355: 1.12, 5.48, 2.69, 5.14, 2.66, 1.13, 2.33, 2.23, 0.70, 1.72, 1701151.0622649842
No.356: 1.12, 5.47, 2.69, 5.14, 2.65, 1.14, 2.33, 2.23, 0.69, 1.72, 1878871.0882616942
No.357: 1.13, 5.47, 2.69, 5.15, 2.65, 1.14, 2.33, 2.23, 0.69, 1.72, 2247787.386171711
No.358: 1.12, 5.47, 2.69, 5.13, 2.65, 1.14, 2.33, 2.23, 0.70, 1.72, 1092805.782190724
No.359: 1.12, 5.48, 2.69, 5.14, 2.65, 1.14, 2.32, 2.23, 0.69, 1.72, 2526640.42702126
No.360: 1.12, 5.46, 2.69, 5.14, 2.65, 1.14, 2.33, 2.23, 0.69, 1.72, 1125603.6048550676
No.361: 1.12, 5.49, 2.69, 5.14, 2.65, 1.14, 2.33, 2.23, 0.69, 1.72, 5117187.9990934245
No.362: 1.12, 5.46, 2.70, 5.15, 2.65, 1.14, 2.32, 2.23, 0.70, 1.72, 297819983169.1854
No.363: 1.12, 5.48, 2.69, 5.14, 2.65, 1.14, 2.33, 2.23, 0.69, 1.72, 3789682.4243104444
No.364: 1.12, 5.46, 2.70, 5.15, 2.65, 1.14, 2.32, 2.23, 0.70, 1.72, 297819983169.1854
No.365: 1.12, 5.48, 2.69, 5.14, 2.65, 1.14, 2.33, 2.23, 0.69, 1.72, 3789682.4243104444
No.366: 1.12, 5.47, 2.70, 5.13, 2.65, 1.14, 2.33, 2.23, 0.70, 1.72, 746023.3992444171
No.367: 1.12, 5.47, 2.69, 5.13, 2.65, 1.14, 2.33, 2.23, 0.70, 1.72, 1092805.782190724
No.368: 1.12, 5.48, 2.69, 5.14, 2.65, 1.14, 2.32, 2.23, 0.70, 1.73, 868011.3148425925
No.369: 1.12, 5.46, 2.69, 5.14, 2.65, 1.14, 2.33, 2.23, 0.69, 1.72, 1125603.6048550676
No.370: 1.12, 5.48, 2.69, 5.14, 2.65, 1.13, 2.33, 2.23, 0.70, 1.72, 1896334.5255289464
No.371: 1.12, 5.47, 2.69, 5.14, 2.65, 1.14, 2.33, 2.23, 0.69, 1.72, 1878871.0882616942
No.372: 1.12, 5.48, 2.69, 5.14, 2.65, 1.14, 2.33, 2.23, 0.70, 1.72, 2045534.5617399397
No.373: 1.12, 5.47, 2.69, 5.15, 2.65, 1.14, 2.33, 2.23, 0.70, 1.72, 388691204.9377771
No.374: 1.12, 5.48, 2.69, 5.14, 2.65, 1.14, 2.32, 2.23, 0.69, 1.72, 2526640.42702126
No.375: 1.12, 5.48, 2.69, 5.14, 2.65, 1.14, 2.33, 2.23, 0.69, 1.72, 3789682.4243104444
No.376: 1.12, 5.47, 2.69, 5.13, 2.65, 1.14, 2.33, 2.23, 0.70, 1.73, 1716560.9795993704
No.377: 1.12, 5.46, 2.69, 5.14, 2.65, 1.14, 2.32, 2.23, 0.70, 1.72, 1584301938925.6106
No.378: 1.12, 5.48, 2.69, 5.14, 2.65, 1.14, 2.33, 2.23, 0.69, 1.72, 3789682.4243104444
No.379: 1.12, 5.47, 2.70, 5.13, 2.65, 1.14, 2.33, 2.23, 0.70, 1.72, 746023.3992444171
No.380: 1.12, 5.48, 2.69, 5.14, 2.65, 1.14, 2.32, 2.23, 0.70, 1.72, 2413754.100284069
No.381: 1.12, 5.47, 2.69, 5.13, 2.65, 1.14, 2.33, 2.23, 0.70, 1.72, 1092805.782190724
No.382: 1.12, 5.46, 2.69, 5.14, 2.65, 1.14, 2.33, 2.23, 0.70, 1.72, 700067073257.1366
No.383: 1.12, 5.47, 2.69, 5.13, 2.65, 1.14, 2.33, 2.23, 0.70, 1.73, 1716560.9795993704
No.384: 1.12, 5.47, 2.69, 5.14, 2.65, 1.14, 2.33, 2.23, 0.69, 1.72, 1878871.0882616942
No.385: 1.12, 5.48, 2.69, 5.14, 2.65, 1.14, 2.33, 2.23, 0.70, 1.72, 2045534.5617399397
No.386: 1.12, 5.48, 2.69, 5.14, 2.65, 1.14, 2.33, 2.23, 0.70, 1.72, 2045534.5617399397
No.387: 1.12, 5.48, 2.69, 5.14, 2.65, 1.14, 2.32, 2.23, 0.69, 1.72, 2526640.42702126
No.388: 1.12, 5.48, 2.69, 5.14, 2.65, 1.14, 2.33, 2.23, 0.69, 1.72, 3789682.4243104444
No.389: 1.12, 5.49, 2.69, 5.13, 2.65, 1.14, 2.33, 2.23, 0.70, 1.72, 3591772.47665793
No.390: 1.12, 5.47, 2.69, 5.14, 2.65, 1.14, 2.32, 2.23, 0.70, 1.72, 645195.5892293359
No.391: 1.12, 5.46, 2.69, 5.14, 2.65, 1.14, 2.32, 2.23, 0.70, 1.72, 1584301938925.6106
No.392: 1.12, 5.48, 2.69, 5.13, 2.65, 1.14, 2.33, 2.23, 0.70, 1.72, 1944968.0433217126
No.393: 1.12, 5.47, 2.69, 5.13, 2.65, 1.14, 2.33, 2.23, 0.70, 1.72, 1092805.782190724
No.394: 1.12, 5.47, 2.69, 5.13, 2.65, 1.14, 2.33, 2.24, 0.70, 1.72, 724994.3699859252
No.395: 1.12, 5.47, 2.69, 5.13, 2.65, 1.14, 2.32, 2.23, 0.70, 1.72, 1140340.998863161
No.396: 1.12, 5.47, 2.69, 5.13, 2.64, 1.14, 2.33, 2.23, 0.70, 1.72, 1939254.451471377
No.397: 1.12, 5.46, 2.69, 5.13, 2.65, 1.14, 2.33, 2.23, 0.70, 1.72, 33715982.08553273
No.398: 1.12, 5.48, 2.69, 5.13, 2.65, 1.14, 2.33, 2.23, 0.70, 1.72, 1944968.0433217126
No.399: 1.12, 5.47, 2.69, 5.14, 2.65, 1.14, 2.32, 2.23, 0.70, 1.72, 645195.5892293359
No.400: 1.12, 5.47, 2.69, 5.14, 2.65, 1.14, 2.33, 2.24, 0.70, 1.72, 9896555353.930895
No.401: 1.12, 5.47, 2.70, 5.14, 2.65, 1.14, 2.33, 2.23, 0.70, 1.72, 18626948280.94415
No.402: 1.12, 5.47, 2.69, 5.13, 2.65, 1.14, 2.33, 2.23, 0.70, 1.72, 1092805.782190724
No.403: 1.12, 5.47, 2.69, 5.13, 2.65, 1.14, 2.33, 2.23, 0.70, 1.72, 1092805.782190724
No.404: 1.12, 5.47, 2.69, 5.13, 2.65, 1.14, 2.32, 2.23, 0.70, 1.72, 1140340.998863161
No.405: 1.12, 5.47, 2.69, 5.13, 2.65, 1.14, 2.33, 2.23, 0.70, 1.72, 1092805.782190724
No.406: 1.12, 5.47, 2.69, 5.14, 2.65, 1.14, 2.33, 2.23, 0.69, 1.72, 1878871.0882616942
No.407: 1.12, 5.47, 2.69, 5.13, 2.65, 1.14, 2.33, 2.23, 0.70, 1.72, 1092805.782190724
No.408: 1.12, 5.48, 2.69, 5.13, 2.65, 1.14, 2.33, 2.23, 0.70, 1.72, 1944968.0433217126
No.409: 1.12, 5.47, 2.68, 5.13, 2.65, 1.14, 2.33, 2.23, 0.70, 1.72, 3749080.1403958146
No.410: 1.12, 5.47, 2.69, 5.13, 2.65, 1.14, 2.32, 2.23, 0.70, 1.72, 1140340.998863161
No.411: 1.12, 5.47, 2.70, 5.13, 2.65, 1.14, 2.33, 2.23, 0.70, 1.72, 746023.3992444171
No.412: 1.12, 5.46, 2.69, 5.13, 2.65, 1.14, 2.33, 2.23, 0.70, 1.72, 33715982.08553273
No.413: 1.12, 5.48, 2.69, 5.13, 2.65, 1.14, 2.33, 2.23, 0.70, 1.72, 1944968.0433217126
No.414: 1.12, 5.47, 2.69, 5.14, 2.65, 1.14, 2.32, 2.23, 0.70, 1.72, 645195.5892293359
No.415: 1.12, 5.47, 2.69, 5.14, 2.65, 1.14, 2.33, 2.23, 0.70, 1.72, 86593185924.75827
No.416: 1.12, 5.47, 2.69, 5.13, 2.65, 1.14, 2.33, 2.23, 0.70, 1.72, 1092805.782190724
No.417: 1.12, 5.47, 2.69, 5.13, 2.65, 1.14, 2.33, 2.23, 0.70, 1.72, 1092805.782190724
No.418: 1.12, 5.47, 2.69, 5.13, 2.65, 1.14, 2.33, 2.23, 0.70, 1.72, 1092805.782190724
No.419: 1.12, 5.47, 2.69, 5.13, 2.65, 1.14, 2.33, 2.23, 0.70, 1.72, 1092805.782190724
No.420: 1.12, 5.47, 2.69, 5.13, 2.65, 1.14, 2.32, 2.23, 0.70, 1.72, 1140340.998863161
No.421: 1.12, 5.47, 2.69, 5.13, 2.65, 1.14, 2.32, 2.23, 0.70, 1.72, 1140340.998863161
No.422: 1.12, 5.47, 2.69, 5.14, 2.65, 1.14, 2.33, 2.23, 0.69, 1.72, 1878871.0882616942
No.423: 1.12, 5.48, 2.69, 5.13, 2.65, 1.14, 2.33, 2.23, 0.70, 1.72, 1944968.0433217126
No.424: 1.12, 5.47, 2.69, 5.13, 2.65, 1.14, 2.33, 2.23, 0.70, 1.72, 1092805.782190724
No.425: 1.12, 5.46, 2.69, 5.13, 2.65, 1.14, 2.32, 2.23, 0.70, 1.72, 51938219.830917604
No.426: 1.12, 5.48, 2.69, 5.13, 2.65, 1.14, 2.33, 2.23, 0.70, 1.72, 1944968.0433217126
No.427: 1.12, 5.47, 2.69, 5.14, 2.65, 1.14, 2.32, 2.23, 0.70, 1.72, 645195.5892293359
No.428: 1.12, 5.47, 2.69, 5.13, 2.65, 1.14, 2.33, 2.23, 0.70, 1.72, 1092805.782190724
No.429: 1.12, 5.47, 2.69, 5.13, 2.65, 1.14, 2.33, 2.23, 0.70, 1.72, 1092805.782190724
No.430: 1.12, 5.47, 2.69, 5.13, 2.65, 1.14, 2.33, 2.23, 0.70, 1.72, 1092805.782190724
No.431: 1.12, 5.47, 2.69, 5.13, 2.65, 1.14, 2.33, 2.23, 0.70, 1.72, 1092805.782190724
No.432: 1.12, 5.47, 2.69, 5.13, 2.65, 1.14, 2.33, 2.23, 0.70, 1.72, 1092805.782190724
No.433: 1.12, 5.47, 2.69, 5.13, 2.65, 1.14, 2.32, 2.23, 0.70, 1.72, 1140340.998863161
No.434: 1.12, 5.47, 2.69, 5.13, 2.65, 1.14, 2.32, 2.23, 0.70, 1.72, 1140340.998863161
No.435: 1.12, 5.47, 2.69, 5.14, 2.65, 1.14, 2.33, 2.23, 0.69, 1.72, 1878871.0882616942
No.436: 1.12, 5.48, 2.69, 5.14, 2.65, 1.14, 2.33, 2.23, 0.70, 1.72, 2045534.5617399397
No.437: 1.12, 5.46, 2.69, 5.13, 2.65, 1.14, 2.32, 2.23, 0.70, 1.72, 51938219.830917604
No.438: 1.12, 5.48, 2.69, 5.14, 2.65, 1.14, 2.33, 2.23, 0.70, 1.72, 2045534.5617399397
No.439: 1.12, 5.47, 2.69, 5.14, 2.65, 1.14, 2.32, 2.23, 0.70, 1.72, 645195.5892293359
No.440: 1.12, 5.47, 2.69, 5.14, 2.65, 1.14, 2.33, 2.23, 0.70, 1.72, 86593185924.75827
No.441: 1.12, 5.47, 2.69, 5.14, 2.65, 1.14, 2.33, 2.23, 0.70, 1.72, 86593185924.75827
No.442: 1.12, 5.47, 2.69, 5.13, 2.65, 1.14, 2.33, 2.23, 0.70, 1.72, 1092805.782190724
No.443: 1.12, 5.47, 2.69, 5.13, 2.65, 1.14, 2.33, 2.23, 0.70, 1.72, 1092805.782190724
No.444: 1.12, 5.47, 2.69, 5.13, 2.65, 1.14, 2.33, 2.23, 0.70, 1.72, 1092805.782190724
No.445: 1.12, 5.47, 2.69, 5.13, 2.65, 1.14, 2.32, 2.23, 0.70, 1.72, 1140340.998863161
No.446: 1.12, 5.47, 2.69, 5.13, 2.65, 1.14, 2.32, 2.23, 0.70, 1.72, 1140340.998863161
No.447: 1.12, 5.47, 2.69, 5.14, 2.65, 1.14, 2.33, 2.23, 0.70, 1.72, 86593185924.75827
No.448: 1.12, 5.48, 2.69, 5.14, 2.65, 1.14, 2.33, 2.23, 0.70, 1.72, 2045534.5617399397
No.449: 1.12, 5.47, 2.69, 5.13, 2.65, 1.14, 2.32, 2.23, 0.70, 1.72, 1140340.998863161
No.450: 1.12, 5.47, 2.69, 5.13, 2.65, 1.14, 2.32, 2.23, 0.70, 1.72, 1140340.998863161
No.451: 1.12, 5.48, 2.69, 5.13, 2.65, 1.14, 2.32, 2.23, 0.70, 1.72, 1924485.92645961
No.452: 1.12, 5.47, 2.69, 5.13, 2.65, 1.14, 2.32, 2.23, 0.70, 1.72, 1140340.998863161
No.453: 1.12, 5.47, 2.69, 5.13, 2.65, 1.14, 2.33, 2.23, 0.70, 1.72, 1092805.782190724
No.454: 1.12, 5.48, 2.69, 5.14, 2.65, 1.14, 2.33, 2.23, 0.70, 1.72, 2045534.5617399397
No.455: 1.12, 5.47, 2.69, 5.13, 2.65, 1.14, 2.32, 2.23, 0.70, 1.72, 1140340.998863161
No.456: 1.12, 5.47, 2.69, 5.14, 2.65, 1.14, 2.32, 2.23, 0.70, 1.72, 645195.5892293359
No.457: 1.12, 5.47, 2.69, 5.13, 2.65, 1.14, 2.33, 2.23, 0.70, 1.72, 1092805.782190724
No.458: 1.12, 5.47, 2.69, 5.13, 2.65, 1.14, 2.33, 2.23, 0.70, 1.72, 1092805.782190724
No.459: 1.12, 5.47, 2.69, 5.14, 2.65, 1.14, 2.33, 2.23, 0.70, 1.72, 86593185924.75827
No.460: 1.12, 5.47, 2.69, 5.13, 2.65, 1.14, 2.33, 2.23, 0.70, 1.72, 1092805.782190724
No.461: 1.12, 5.47, 2.69, 5.13, 2.65, 1.14, 2.32, 2.23, 0.70, 1.72, 1140340.998863161
No.462: 1.12, 5.47, 2.69, 5.13, 2.65, 1.14, 2.32, 2.23, 0.70, 1.72, 1140340.998863161
No.463: 1.12, 5.47, 2.69, 5.13, 2.65, 1.14, 2.32, 2.23, 0.70, 1.72, 1140340.998863161
No.464: 1.12, 5.47, 2.69, 5.13, 2.65, 1.14, 2.32, 2.23, 0.70, 1.72, 1140340.998863161
No.465: 1.12, 5.47, 2.69, 5.13, 2.65, 1.14, 2.32, 2.23, 0.70, 1.72, 1140340.998863161
No.466: 1.12, 5.47, 2.69, 5.13, 2.65, 1.14, 2.32, 2.23, 0.70, 1.72, 1140340.998863161
No.467: 1.12, 5.47, 2.69, 5.13, 2.65, 1.14, 2.32, 2.23, 0.70, 1.72, 1140340.998863161
No.468: 1.12, 5.47, 2.69, 5.13, 2.65, 1.14, 2.32, 2.23, 0.70, 1.72, 1140340.998863161
No.469: 1.12, 5.47, 2.69, 5.13, 2.65, 1.14, 2.32, 2.23, 0.70, 1.72, 1140340.998863161
No.470: 1.12, 5.47, 2.69, 5.14, 2.65, 1.14, 2.32, 2.23, 0.70, 1.72, 645195.5892293359
No.471: 1.12, 5.47, 2.69, 5.13, 2.65, 1.14, 2.33, 2.23, 0.70, 1.72, 1092805.782190724
No.472: 1.12, 5.47, 2.69, 5.13, 2.65, 1.14, 2.33, 2.23, 0.70, 1.72, 1092805.782190724
No.473: 1.12, 5.47, 2.69, 5.14, 2.65, 1.14, 2.33, 2.23, 0.70, 1.72, 86593185924.75827
No.474: 1.12, 5.47, 2.69, 5.13, 2.65, 1.14, 2.32, 2.23, 0.70, 1.72, 1140340.998863161
No.475: 1.12, 5.47, 2.69, 5.14, 2.65, 1.14, 2.32, 2.23, 0.70, 1.72, 645195.5892293359
No.476: 1.12, 5.47, 2.69, 5.13, 2.65, 1.14, 2.32, 2.23, 0.70, 1.72, 1140340.998863161
No.477: 1.12, 5.47, 2.69, 5.13, 2.65, 1.14, 2.32, 2.23, 0.70, 1.72, 1140340.998863161
No.478: 1.12, 5.47, 2.69, 5.13, 2.65, 1.14, 2.32, 2.23, 0.70, 1.72, 1140340.998863161
No.479: 1.12, 5.47, 2.69, 5.13, 2.65, 1.14, 2.32, 2.23, 0.70, 1.72, 1140340.998863161
No.480: 1.12, 5.48, 2.69, 5.13, 2.65, 1.14, 2.32, 2.23, 0.70, 1.72, 1924485.92645961
No.481: 1.12, 5.47, 2.69, 5.13, 2.65, 1.14, 2.32, 2.23, 0.70, 1.72, 1140340.998863161
No.482: 1.12, 5.47, 2.69, 5.13, 2.65, 1.14, 2.32, 2.23, 0.70, 1.72, 1140340.998863161
No.483: 1.12, 5.47, 2.69, 5.13, 2.65, 1.14, 2.32, 2.23, 0.70, 1.72, 1140340.998863161
No.484: 1.12, 5.47, 2.69, 5.14, 2.65, 1.14, 2.32, 2.23, 0.70, 1.72, 645195.5892293359
No.485: 1.12, 5.47, 2.69, 5.14, 2.65, 1.14, 2.32, 2.23, 0.70, 1.72, 645195.5892293359
No.486: 1.12, 5.47, 2.69, 5.13, 2.65, 1.14, 2.33, 2.23, 0.70, 1.72, 1092805.782190724
No.487: 1.12, 5.47, 2.69, 5.13, 2.65, 1.14, 2.33, 2.23, 0.70, 1.72, 1092805.782190724
No.488: 1.12, 5.47, 2.69, 5.13, 2.65, 1.14, 2.32, 2.23, 0.70, 1.72, 1140340.998863161
No.489: 1.12, 5.47, 2.69, 5.13, 2.65, 1.14, 2.32, 2.23, 0.70, 1.72, 1140340.998863161
No.490: 1.12, 5.47, 2.69, 5.13, 2.65, 1.14, 2.32, 2.23, 0.70, 1.72, 1140340.998863161
No.491: 1.12, 5.47, 2.69, 5.13, 2.65, 1.14, 2.32, 2.23, 0.70, 1.72, 1140340.998863161
No.492: 1.12, 5.47, 2.69, 5.13, 2.65, 1.14, 2.32, 2.23, 0.70, 1.72, 1140340.998863161
No.493: 1.12, 5.47, 2.69, 5.13, 2.65, 1.14, 2.32, 2.23, 0.70, 1.72, 1140340.998863161
No.494: 1.12, 5.47, 2.69, 5.14, 2.65, 1.14, 2.32, 2.23, 0.70, 1.72, 645195.5892293359
No.495: 1.12, 5.47, 2.69, 5.14, 2.65, 1.14, 2.32, 2.23, 0.70, 1.72, 645195.5892293359
No.496: 1.12, 5.48, 2.69, 5.14, 2.65, 1.14, 2.33, 2.23, 0.70, 1.72, 2045534.5617399397
No.497: 1.12, 5.47, 2.69, 5.13, 2.65, 1.14, 2.32, 2.23, 0.70, 1.72, 1140340.998863161
No.498: 1.12, 5.47, 2.69, 5.14, 2.65, 1.14, 2.32, 2.23, 0.70, 1.72, 645195.5892293359
No.499: 1.12, 5.47, 2.69, 5.14, 2.65, 1.14, 2.32, 2.23, 0.70, 1.72, 645195.5892293359
No.500: 1.12, 5.47, 2.69, 5.14, 2.65, 1.14, 2.32, 2.23, 0.70, 1.72, 645195.5892293359
No.501: 1.12, 5.47, 2.69, 5.14, 2.65, 1.14, 2.32, 2.23, 0.70, 1.72, 645195.5892293359
No.502: 1.12, 5.47, 2.69, 5.13, 2.65, 1.14, 2.33, 2.23, 0.70, 1.72, 1092805.782190724
No.503: 1.12, 5.47, 2.69, 5.13, 2.65, 1.14, 2.33, 2.23, 0.70, 1.72, 1092805.782190724
No.504: 1.12, 5.47, 2.69, 5.13, 2.65, 1.14, 2.32, 2.23, 0.70, 1.72, 1140340.998863161
No.505: 1.12, 5.47, 2.69, 5.13, 2.65, 1.14, 2.32, 2.23, 0.70, 1.72, 1140340.998863161
No.506: 1.12, 5.47, 2.69, 5.13, 2.65, 1.14, 2.32, 2.23, 0.70, 1.72, 1140340.998863161
No.507: 1.12, 5.47, 2.69, 5.13, 2.65, 1.14, 2.32, 2.23, 0.70, 1.72, 1140340.998863161
No.508: 1.12, 5.48, 2.69, 5.14, 2.65, 1.14, 2.33, 2.23, 0.70, 1.72, 2045534.5617399397
No.509: 1.12, 5.47, 2.69, 5.13, 2.65, 1.14, 2.32, 2.23, 0.70, 1.72, 1140340.998863161
No.510: 1.12, 5.47, 2.69, 5.14, 2.65, 1.14, 2.32, 2.23, 0.70, 1.72, 645195.5892293359
No.511: 1.12, 5.47, 2.69, 5.14, 2.65, 1.14, 2.32, 2.23, 0.70, 1.72, 645195.5892293359
No.512: 1.12, 5.47, 2.69, 5.14, 2.65, 1.14, 2.32, 2.23, 0.70, 1.72, 645195.5892293359
No.513: 1.12, 5.47, 2.69, 5.14, 2.65, 1.14, 2.32, 2.23, 0.70, 1.72, 645195.5892293359
No.514: 1.12, 5.47, 2.69, 5.13, 2.65, 1.14, 2.33, 2.23, 0.70, 1.72, 1092805.782190724
No.515: 1.12, 5.47, 2.69, 5.13, 2.65, 1.14, 2.33, 2.23, 0.70, 1.72, 1092805.782190724
No.516: 1.12, 5.47, 2.69, 5.13, 2.65, 1.14, 2.32, 2.23, 0.70, 1.72, 1140340.998863161
No.517: 1.12, 5.47, 2.69, 5.13, 2.65, 1.14, 2.32, 2.23, 0.70, 1.72, 1140340.998863161
No.518: 1.12, 5.47, 2.69, 5.13, 2.65, 1.14, 2.32, 2.23, 0.70, 1.72, 1140340.998863161
No.519: 1.12, 5.47, 2.69, 5.13, 2.65, 1.14, 2.32, 2.23, 0.70, 1.72, 1140340.998863161
No.520: 1.12, 5.48, 2.69, 5.14, 2.65, 1.14, 2.33, 2.23, 0.70, 1.72, 2045534.5617399397
No.521: 1.12, 5.47, 2.69, 5.13, 2.65, 1.14, 2.32, 2.23, 0.70, 1.72, 1140340.998863161
No.522: 1.12, 5.47, 2.69, 5.14, 2.65, 1.14, 2.32, 2.23, 0.70, 1.72, 645195.5892293359
No.523: 1.12, 5.47, 2.69, 5.14, 2.65, 1.14, 2.32, 2.23, 0.70, 1.72, 645195.5892293359
No.524: 1.12, 5.47, 2.69, 5.14, 2.65, 1.14, 2.32, 2.23, 0.70, 1.72, 645195.5892293359
No.525: 1.12, 5.47, 2.69, 5.14, 2.65, 1.14, 2.32, 2.23, 0.70, 1.72, 645195.5892293359
No.526: 1.12, 5.47, 2.69, 5.13, 2.65, 1.14, 2.33, 2.23, 0.70, 1.72, 1092805.782190724
No.527: 1.12, 5.47, 2.69, 5.13, 2.65, 1.14, 2.33, 2.23, 0.70, 1.72, 1092805.782190724
No.528: 1.12, 5.47, 2.69, 5.13, 2.65, 1.14, 2.32, 2.23, 0.70, 1.72, 1140340.998863161
No.529: 1.12, 5.47, 2.69, 5.13, 2.65, 1.14, 2.32, 2.23, 0.70, 1.72, 1140340.998863161
No.530: 1.12, 5.47, 2.69, 5.14, 2.65, 1.14, 2.32, 2.23, 0.70, 1.72, 645195.5892293359
No.531: 1.12, 5.47, 2.69, 5.13, 2.65, 1.14, 2.32, 2.23, 0.70, 1.72, 1140340.998863161
No.532: 1.12, 5.48, 2.69, 5.14, 2.65, 1.14, 2.33, 2.23, 0.70, 1.72, 2045534.5617399397
No.533: 1.12, 5.47, 2.69, 5.13, 2.65, 1.14, 2.32, 2.23, 0.70, 1.72, 1140340.998863161
No.534: 1.12, 5.47, 2.69, 5.14, 2.65, 1.14, 2.32, 2.23, 0.70, 1.72, 645195.5892293359
No.535: 1.12, 5.47, 2.69, 5.14, 2.65, 1.14, 2.32, 2.23, 0.70, 1.72, 645195.5892293359
No.536: 1.12, 5.47, 2.69, 5.14, 2.65, 1.14, 2.32, 2.23, 0.70, 1.72, 645195.5892293359
No.537: 1.12, 5.47, 2.69, 5.14, 2.65, 1.14, 2.32, 2.23, 0.70, 1.72, 645195.5892293359
No.538: 1.12, 5.47, 2.69, 5.14, 2.65, 1.14, 2.32, 2.23, 0.70, 1.72, 645195.5892293359
No.539: 1.12, 5.47, 2.69, 5.13, 2.65, 1.14, 2.33, 2.23, 0.70, 1.72, 1092805.782190724
No.540: 1.12, 5.47, 2.69, 5.14, 2.65, 1.14, 2.33, 2.23, 0.70, 1.72, 86593185924.75827
No.541: 1.12, 5.47, 2.69, 5.14, 2.65, 1.14, 2.32, 2.23, 0.70, 1.72, 645195.5892293359
No.542: 1.12, 5.47, 2.69, 5.13, 2.65, 1.14, 2.32, 2.23, 0.70, 1.72, 1140340.998863161
No.543: 1.12, 5.47, 2.69, 5.13, 2.65, 1.14, 2.32, 2.23, 0.70, 1.72, 1140340.998863161
No.544: 1.12, 5.47, 2.69, 5.14, 2.65, 1.14, 2.32, 2.23, 0.70, 1.72, 645195.5892293359
No.545: 1.12, 5.48, 2.69, 5.14, 2.65, 1.14, 2.32, 2.23, 0.70, 1.72, 2413754.100284069
No.546: 1.12, 5.47, 2.69, 5.14, 2.65, 1.14, 2.32, 2.23, 0.70, 1.72, 645195.5892293359
No.547: 1.12, 5.47, 2.69, 5.14, 2.65, 1.14, 2.32, 2.23, 0.70, 1.72, 645195.5892293359
No.548: 1.12, 5.47, 2.69, 5.14, 2.65, 1.14, 2.32, 2.23, 0.70, 1.72, 645195.5892293359
No.549: 1.12, 5.47, 2.69, 5.14, 2.65, 1.14, 2.32, 2.23, 0.70, 1.72, 645195.5892293359
No.550: 1.12, 5.47, 2.69, 5.14, 2.65, 1.14, 2.33, 2.23, 0.70, 1.72, 86593185924.75827
No.551: 1.12, 5.47, 2.69, 5.14, 2.65, 1.14, 2.32, 2.23, 0.70, 1.72, 645195.5892293359
No.552: 1.12, 5.47, 2.69, 5.14, 2.65, 1.14, 2.32, 2.23, 0.70, 1.72, 645195.5892293359
No.553: 1.12, 5.47, 2.69, 5.14, 2.65, 1.14, 2.32, 2.23, 0.70, 1.72, 645195.5892293359
No.554: 1.12, 5.47, 2.69, 5.14, 2.65, 1.14, 2.32, 2.23, 0.70, 1.72, 645195.5892293359
No.555: 1.12, 5.47, 2.69, 5.14, 2.65, 1.14, 2.32, 2.23, 0.70, 1.72, 645195.5892293359
No.556: 1.12, 5.47, 2.69, 5.14, 2.65, 1.14, 2.32, 2.23, 0.70, 1.72, 645195.5892293359
No.557: 1.12, 5.47, 2.69, 5.14, 2.65, 1.14, 2.32, 2.23, 0.70, 1.72, 645195.5892293359
No.558: 1.12, 5.47, 2.69, 5.14, 2.65, 1.14, 2.32, 2.23, 0.70, 1.72, 645195.5892293359
No.559: 1.12, 5.47, 2.69, 5.14, 2.65, 1.14, 2.32, 2.23, 0.70, 1.72, 645195.5892293359
No.560: 1.12, 5.47, 2.69, 5.14, 2.65, 1.14, 2.32, 2.23, 0.70, 1.72, 645195.5892293359
No.561: 1.12, 5.47, 2.69, 5.14, 2.65, 1.14, 2.32, 2.23, 0.70, 1.72, 645195.5892293359
No.562: 1.12, 5.47, 2.69, 5.14, 2.65, 1.14, 2.33, 2.23, 0.70, 1.72, 86593185924.75827
No.563: 1.12, 5.47, 2.69, 5.14, 2.65, 1.14, 2.32, 2.23, 0.70, 1.72, 645195.5892293359
No.564: 1.12, 5.47, 2.69, 5.14, 2.65, 1.14, 2.32, 2.23, 0.70, 1.72, 645195.5892293359
No.565: 1.12, 5.47, 2.69, 5.14, 2.65, 1.14, 2.32, 2.23, 0.70, 1.72, 645195.5892293359
No.566: 1.12, 5.47, 2.69, 5.14, 2.65, 1.14, 2.32, 2.23, 0.70, 1.72, 645195.5892293359
No.567: 1.12, 5.47, 2.69, 5.14, 2.65, 1.14, 2.32, 2.23, 0.70, 1.72, 645195.5892293359
No.568: 1.12, 5.47, 2.69, 5.14, 2.65, 1.14, 2.32, 2.23, 0.70, 1.72, 645195.5892293359
No.569: 1.12, 5.47, 2.69, 5.14, 2.65, 1.14, 2.32, 2.23, 0.70, 1.72, 645195.5892293359
No.570: 1.12, 5.47, 2.69, 5.14, 2.65, 1.14, 2.32, 2.23, 0.70, 1.72, 645195.5892293359
No.571: 1.12, 5.47, 2.69, 5.14, 2.65, 1.14, 2.32, 2.23, 0.70, 1.72, 645195.5892293359
No.572: 1.12, 5.47, 2.69, 5.14, 2.65, 1.14, 2.32, 2.23, 0.70, 1.72, 645195.5892293359
No.573: 1.12, 5.47, 2.69, 5.14, 2.65, 1.14, 2.32, 2.23, 0.70, 1.72, 645195.5892293359
No.574: 1.12, 5.47, 2.69, 5.14, 2.65, 1.14, 2.33, 2.23, 0.70, 1.72, 86593185924.75827
No.575: 1.12, 5.47, 2.69, 5.14, 2.65, 1.14, 2.32, 2.23, 0.70, 1.72, 645195.5892293359
No.576: 1.12, 5.47, 2.69, 5.14, 2.65, 1.14, 2.32, 2.23, 0.70, 1.72, 645195.5892293359
No.577: 1.12, 5.47, 2.69, 5.14, 2.65, 1.14, 2.32, 2.23, 0.70, 1.72, 645195.5892293359
No.578: 1.12, 5.47, 2.69, 5.14, 2.65, 1.14, 2.32, 2.23, 0.70, 1.72, 645195.5892293359
No.579: 1.12, 5.47, 2.69, 5.14, 2.65, 1.14, 2.32, 2.23, 0.70, 1.72, 645195.5892293359
No.580: 1.12, 5.47, 2.69, 5.14, 2.65, 1.14, 2.32, 2.23, 0.70, 1.72, 645195.5892293359
No.581: 1.12, 5.47, 2.69, 5.14, 2.65, 1.14, 2.32, 2.23, 0.70, 1.72, 645195.5892293359
No.582: 1.12, 5.47, 2.69, 5.14, 2.65, 1.14, 2.32, 2.23, 0.70, 1.72, 645195.5892293359
No.583: 1.12, 5.47, 2.69, 5.14, 2.65, 1.14, 2.32, 2.23, 0.70, 1.72, 645195.5892293359
No.584: 1.12, 5.47, 2.69, 5.14, 2.65, 1.14, 2.32, 2.23, 0.70, 1.72, 645195.5892293359
No.585: 1.12, 5.47, 2.69, 5.14, 2.65, 1.14, 2.32, 2.23, 0.70, 1.72, 645195.5892293359
No.586: 1.12, 5.47, 2.69, 5.14, 2.65, 1.14, 2.33, 2.23, 0.70, 1.72, 86593185924.75827
No.587: 1.12, 5.47, 2.69, 5.14, 2.65, 1.14, 2.32, 2.23, 0.70, 1.72, 645195.5892293359
No.588: 1.12, 5.47, 2.69, 5.14, 2.65, 1.14, 2.32, 2.23, 0.70, 1.72, 645195.5892293359
No.589: 1.12, 5.47, 2.69, 5.14, 2.65, 1.14, 2.32, 2.23, 0.70, 1.72, 645195.5892293359
No.590: 1.12, 5.47, 2.69, 5.14, 2.65, 1.14, 2.32, 2.23, 0.70, 1.72, 645195.5892293359
No.591: 1.12, 5.47, 2.69, 5.14, 2.65, 1.14, 2.32, 2.23, 0.70, 1.72, 645195.5892293359
No.592: 1.12, 5.47, 2.69, 5.14, 2.65, 1.14, 2.32, 2.23, 0.70, 1.72, 645195.5892293359
No.593: 1.12, 5.47, 2.69, 5.14, 2.65, 1.14, 2.32, 2.23, 0.70, 1.72, 645195.5892293359
No.594: 1.12, 5.47, 2.69, 5.14, 2.65, 1.14, 2.32, 2.23, 0.70, 1.72, 645195.5892293359
No.595: 1.12, 5.47, 2.69, 5.14, 2.65, 1.14, 2.32, 2.23, 0.70, 1.72, 645195.5892293359
No.596: 1.12, 5.47, 2.69, 5.14, 2.65, 1.14, 2.32, 2.23, 0.70, 1.72, 645195.5892293359
No.597: 1.12, 5.47, 2.69, 5.14, 2.65, 1.14, 2.32, 2.23, 0.70, 1.72, 645195.5892293359
No.598: 1.12, 5.47, 2.69, 5.14, 2.65, 1.14, 2.33, 2.23, 0.70, 1.72, 86593185924.75827
No.599: 1.12, 5.47, 2.69, 5.14, 2.65, 1.14, 2.32, 2.23, 0.70, 1.72, 645195.5892293359
No.600: 1.12, 5.47, 2.69, 5.14, 2.65, 1.14, 2.32, 2.23, 0.70, 1.72, 645195.5892293359
No.601: 1.12, 5.47, 2.69, 5.14, 2.65, 1.14, 2.32, 2.23, 0.70, 1.72, 645195.5892293359
No.602: 1.12, 5.47, 2.69, 5.14, 2.65, 1.14, 2.32, 2.23, 0.70, 1.72, 645195.5892293359
No.603: 1.12, 5.47, 2.69, 5.14, 2.65, 1.14, 2.32, 2.23, 0.70, 1.72, 645195.5892293359
No.604: 1.12, 5.47, 2.69, 5.14, 2.65, 1.14, 2.32, 2.23, 0.70, 1.72, 645195.5892293359
No.605: 1.12, 5.47, 2.69, 5.14, 2.65, 1.14, 2.32, 2.23, 0.70, 1.72, 645195.5892293359
No.606: 1.12, 5.47, 2.69, 5.14, 2.65, 1.14, 2.32, 2.23, 0.70, 1.72, 645195.5892293359
No.607: 1.12, 5.47, 2.69, 5.14, 2.65, 1.14, 2.32, 2.23, 0.70, 1.72, 645195.5892293359
No.608: 1.12, 5.47, 2.69, 5.14, 2.65, 1.14, 2.32, 2.23, 0.70, 1.72, 645195.5892293359
No.609: 1.12, 5.47, 2.69, 5.14, 2.65, 1.14, 2.32, 2.23, 0.70, 1.72, 645195.5892293359
No.610: 1.12, 5.47, 2.69, 5.14, 2.65, 1.14, 2.32, 2.23, 0.70, 1.72, 645195.5892293359
No.611: 1.12, 5.47, 2.69, 5.14, 2.65, 1.14, 2.32, 2.23, 0.70, 1.72, 645195.5892293359
No.612: 1.12, 5.47, 2.69, 5.14, 2.65, 1.14, 2.32, 2.23, 0.70, 1.72, 645195.5892293359
No.613: 1.12, 5.47, 2.69, 5.14, 2.65, 1.14, 2.32, 2.23, 0.70, 1.72, 645195.5892293359
No.614: 1.12, 5.47, 2.69, 5.14, 2.65, 1.14, 2.32, 2.23, 0.70, 1.72, 645195.5892293359
No.615: 1.12, 5.47, 2.69, 5.14, 2.65, 1.14, 2.32, 2.23, 0.70, 1.72, 645195.5892293359
No.616: 1.12, 5.47, 2.69, 5.14, 2.65, 1.14, 2.32, 2.23, 0.70, 1.72, 645195.5892293359
No.617: 1.12, 5.47, 2.69, 5.14, 2.65, 1.14, 2.32, 2.23, 0.70, 1.72, 645195.5892293359
No.618: 1.12, 5.47, 2.69, 5.14, 2.65, 1.14, 2.32, 2.23, 0.70, 1.72, 645195.5892293359
No.619: 1.12, 5.47, 2.69, 5.14, 2.65, 1.14, 2.32, 2.23, 0.70, 1.72, 645195.5892293359
No.620: 1.12, 5.47, 2.69, 5.14, 2.65, 1.14, 2.32, 2.23, 0.70, 1.72, 645195.5892293359
No.621: 1.12, 5.47, 2.69, 5.14, 2.65, 1.14, 2.32, 2.23, 0.70, 1.72, 645195.5892293359
No.622: 1.12, 5.47, 2.69, 5.14, 2.65, 1.14, 2.32, 2.23, 0.70, 1.72, 645195.5892293359
No.623: 1.12, 5.47, 2.69, 5.14, 2.65, 1.14, 2.32, 2.23, 0.70, 1.72, 645195.5892293359
No.624: 1.12, 5.47, 2.69, 5.14, 2.65, 1.14, 2.32, 2.23, 0.70, 1.72, 645195.5892293359
No.625: 1.12, 5.47, 2.69, 5.14, 2.65, 1.14, 2.32, 2.23, 0.70, 1.72, 645195.5892293359
No.626: 1.12, 5.47, 2.69, 5.14, 2.65, 1.14, 2.32, 2.23, 0.70, 1.72, 645195.5892293359
No.627: 1.12, 5.47, 2.69, 5.14, 2.65, 1.14, 2.32, 2.23, 0.70, 1.72, 645195.5892293359
No.628: 1.12, 5.47, 2.69, 5.14, 2.65, 1.14, 2.32, 2.23, 0.70, 1.72, 645195.5892293359
No.629: 1.12, 5.47, 2.69, 5.14, 2.65, 1.14, 2.32, 2.23, 0.70, 1.72, 645195.5892293359
No.630: 1.12, 5.47, 2.69, 5.14, 2.65, 1.14, 2.32, 2.23, 0.70, 1.72, 645195.5892293359
No.631: 1.12, 5.47, 2.69, 5.14, 2.65, 1.14, 2.32, 2.23, 0.70, 1.72, 645195.5892293359
No.632: 1.12, 5.47, 2.69, 5.14, 2.65, 1.14, 2.32, 2.23, 0.70, 1.72, 645195.5892293359
No.633: 1.12, 5.47, 2.69, 5.14, 2.65, 1.14, 2.32, 2.23, 0.70, 1.72, 645195.5892293359
No.634: 1.12, 5.47, 2.69, 5.14, 2.65, 1.14, 2.32, 2.23, 0.70, 1.72, 645195.5892293359
No.635: 1.12, 5.47, 2.69, 5.14, 2.65, 1.14, 2.32, 2.23, 0.70, 1.72, 645195.5892293359
No.636: 1.12, 5.47, 2.69, 5.14, 2.65, 1.14, 2.32, 2.23, 0.70, 1.72, 645195.5892293359
No.637: 1.12, 5.47, 2.69, 5.14, 2.65, 1.14, 2.32, 2.23, 0.70, 1.72, 645195.5892293359
No.638: 1.12, 5.47, 2.69, 5.14, 2.65, 1.14, 2.32, 2.23, 0.70, 1.72, 645195.5892293359
No.639: 1.12, 5.47, 2.69, 5.14, 2.65, 1.14, 2.32, 2.23, 0.70, 1.72, 645195.5892293359
No.640: 1.12, 5.47, 2.69, 5.14, 2.65, 1.14, 2.32, 2.23, 0.70, 1.72, 645195.5892293359
No.641: 1.12, 5.47, 2.69, 5.14, 2.65, 1.14, 2.32, 2.23, 0.70, 1.72, 645195.5892293359
No.642: 1.12, 5.47, 2.69, 5.14, 2.65, 1.14, 2.32, 2.23, 0.70, 1.72, 645195.5892293359
No.643: 1.12, 5.47, 2.69, 5.14, 2.65, 1.14, 2.32, 2.23, 0.70, 1.72, 645195.5892293359
No.644: 1.12, 5.47, 2.69, 5.14, 2.65, 1.14, 2.32, 2.23, 0.70, 1.72, 645195.5892293359
No.645: 1.12, 5.47, 2.69, 5.14, 2.65, 1.14, 2.32, 2.23, 0.70, 1.72, 645195.5892293359
No.646: 1.12, 5.47, 2.69, 5.14, 2.65, 1.14, 2.32, 2.23, 0.70, 1.72, 645195.5892293359
No.647: 1.12, 5.47, 2.69, 5.14, 2.65, 1.14, 2.32, 2.23, 0.70, 1.72, 645195.5892293359
No.648: 1.12, 5.47, 2.69, 5.14, 2.65, 1.14, 2.32, 2.23, 0.70, 1.72, 645195.5892293359
No.649: 1.12, 5.47, 2.69, 5.14, 2.65, 1.14, 2.32, 2.23, 0.70, 1.72, 645195.5892293359
No.650: 1.12, 5.47, 2.69, 5.14, 2.65, 1.14, 2.32, 2.23, 0.70, 1.72, 645195.5892293359
No.651: 1.12, 5.47, 2.69, 5.14, 2.65, 1.14, 2.32, 2.23, 0.70, 1.72, 645195.5892293359
No.652: 1.12, 5.47, 2.69, 5.14, 2.65, 1.14, 2.32, 2.23, 0.70, 1.72, 645195.5892293359
No.653: 1.12, 5.47, 2.69, 5.14, 2.65, 1.14, 2.32, 2.23, 0.70, 1.72, 645195.5892293359
No.654: 1.12, 5.47, 2.69, 5.14, 2.65, 1.14, 2.32, 2.23, 0.70, 1.72, 645195.5892293359
No.655: 1.12, 5.47, 2.69, 5.14, 2.65, 1.14, 2.32, 2.23, 0.70, 1.72, 645195.5892293359
No.656: 1.12, 5.47, 2.69, 5.14, 2.65, 1.14, 2.32, 2.23, 0.70, 1.72, 645195.5892293359
No.657: 1.12, 5.47, 2.69, 5.14, 2.65, 1.14, 2.32, 2.23, 0.70, 1.72, 645195.5892293359
No.658: 1.12, 5.47, 2.69, 5.14, 2.65, 1.14, 2.32, 2.23, 0.70, 1.72, 645195.5892293359
No.659: 1.12, 5.47, 2.69, 5.14, 2.65, 1.14, 2.32, 2.23, 0.70, 1.72, 645195.5892293359
No.660: 1.12, 5.47, 2.69, 5.14, 2.65, 1.14, 2.32, 2.23, 0.70, 1.72, 645195.5892293359
No.661: 1.12, 5.47, 2.69, 5.14, 2.65, 1.14, 2.32, 2.23, 0.70, 1.72, 645195.5892293359
No.662: 1.12, 5.47, 2.69, 5.14, 2.65, 1.14, 2.32, 2.23, 0.70, 1.72, 645195.5892293359
No.663: 1.12, 5.47, 2.69, 5.14, 2.65, 1.14, 2.32, 2.23, 0.70, 1.72, 645195.5892293359
No.664: 1.12, 5.47, 2.69, 5.14, 2.65, 1.14, 2.32, 2.23, 0.70, 1.72, 645195.5892293359
No.665: 1.12, 5.47, 2.69, 5.14, 2.65, 1.14, 2.32, 2.23, 0.70, 1.72, 645195.5892293359
No.666: 1.12, 5.47, 2.69, 5.14, 2.65, 1.14, 2.32, 2.23, 0.70, 1.72, 645195.5892293359
No.667: 1.12, 5.47, 2.69, 5.14, 2.65, 1.14, 2.32, 2.23, 0.70, 1.72, 645195.5892293359
No.668: 1.12, 5.47, 2.69, 5.14, 2.65, 1.14, 2.32, 2.23, 0.70, 1.72, 645195.5892293359
No.669: 1.12, 5.47, 2.69, 5.14, 2.65, 1.14, 2.32, 2.23, 0.70, 1.72, 645195.5892293359
No.670: 1.12, 5.47, 2.69, 5.14, 2.65, 1.14, 2.32, 2.23, 0.70, 1.72, 645195.5892293359
No.671: 1.12, 5.47, 2.69, 5.14, 2.65, 1.14, 2.32, 2.23, 0.70, 1.72, 645195.5892293359
No.672: 1.12, 5.47, 2.69, 5.14, 2.65, 1.14, 2.32, 2.23, 0.70, 1.72, 645195.5892293359
No.673: 1.12, 5.47, 2.69, 5.14, 2.65, 1.14, 2.32, 2.23, 0.70, 1.72, 645195.5892293359
No.674: 1.12, 5.47, 2.69, 5.14, 2.65, 1.14, 2.32, 2.23, 0.70, 1.72, 645195.5892293359
No.675: 1.12, 5.47, 2.69, 5.14, 2.65, 1.14, 2.32, 2.23, 0.70, 1.72, 645195.5892293359
No.676: 1.12, 5.47, 2.69, 5.14, 2.65, 1.14, 2.32, 2.23, 0.70, 1.72, 645195.5892293359
No.677: 1.12, 5.47, 2.69, 5.14, 2.65, 1.14, 2.32, 2.23, 0.70, 1.72, 645195.5892293359
No.678: 1.12, 5.47, 2.69, 5.14, 2.65, 1.14, 2.32, 2.23, 0.70, 1.72, 645195.5892293359
No.679: 1.12, 5.47, 2.69, 5.14, 2.65, 1.14, 2.32, 2.23, 0.70, 1.72, 645195.5892293359
No.680: 1.12, 5.47, 2.69, 5.14, 2.65, 1.14, 2.32, 2.23, 0.70, 1.72, 645195.5892293359
No.681: 1.12, 5.47, 2.69, 5.14, 2.65, 1.14, 2.32, 2.23, 0.70, 1.72, 645195.5892293359
No.682: 1.12, 5.47, 2.69, 5.14, 2.65, 1.14, 2.32, 2.23, 0.70, 1.72, 645195.5892293359
No.683: 1.12, 5.47, 2.69, 5.14, 2.65, 1.14, 2.32, 2.23, 0.70, 1.72, 645195.5892293359
No.684: 1.12, 5.47, 2.69, 5.14, 2.65, 1.14, 2.32, 2.23, 0.70, 1.72, 645195.5892293359
No.685: 1.12, 5.47, 2.69, 5.14, 2.65, 1.14, 2.32, 2.23, 0.70, 1.72, 645195.5892293359
No.686: 1.12, 5.47, 2.69, 5.14, 2.65, 1.14, 2.32, 2.23, 0.70, 1.72, 645195.5892293359
No.687: 1.12, 5.47, 2.69, 5.14, 2.65, 1.14, 2.32, 2.23, 0.70, 1.72, 645195.5892293359
No.688: 1.12, 5.47, 2.69, 5.14, 2.65, 1.14, 2.32, 2.23, 0.70, 1.72, 645195.5892293359
No.689: 1.12, 5.47, 2.69, 5.14, 2.65, 1.14, 2.32, 2.23, 0.70, 1.72, 645195.5892293359
No.690: 1.12, 5.47, 2.69, 5.14, 2.65, 1.14, 2.32, 2.23, 0.70, 1.72, 645195.5892293359
No.691: 1.12, 5.47, 2.69, 5.14, 2.65, 1.14, 2.32, 2.23, 0.70, 1.72, 645195.5892293359
No.692: 1.12, 5.47, 2.69, 5.14, 2.65, 1.14, 2.32, 2.23, 0.70, 1.72, 645195.5892293359
No.693: 1.12, 5.47, 2.69, 5.14, 2.65, 1.14, 2.32, 2.23, 0.70, 1.72, 645195.5892293359
No.694: 1.12, 5.47, 2.69, 5.14, 2.65, 1.14, 2.32, 2.23, 0.70, 1.72, 645195.5892293359
No.695: 1.12, 5.47, 2.69, 5.14, 2.65, 1.14, 2.32, 2.23, 0.70, 1.72, 645195.5892293359
No.696: 1.12, 5.47, 2.69, 5.14, 2.65, 1.14, 2.32, 2.23, 0.70, 1.72, 645195.5892293359
No.697: 1.12, 5.47, 2.69, 5.14, 2.65, 1.14, 2.32, 2.23, 0.70, 1.72, 645195.5892293359
No.698: 1.12, 5.47, 2.69, 5.14, 2.65, 1.14, 2.32, 2.23, 0.70, 1.72, 645195.5892293359
No.699: 1.12, 5.47, 2.69, 5.14, 2.65, 1.14, 2.32, 2.23, 0.70, 1.72, 645195.5892293359
No.700: 1.12, 5.47, 2.69, 5.14, 2.65, 1.14, 2.32, 2.23, 0.70, 1.72, 645195.5892293359
No.701: 1.12, 5.47, 2.69, 5.14, 2.65, 1.14, 2.32, 2.23, 0.70, 1.72, 645195.5892293359
No.702: 1.12, 5.47, 2.69, 5.14, 2.65, 1.14, 2.32, 2.23, 0.70, 1.72, 645195.5892293359
No.703: 1.12, 5.47, 2.69, 5.14, 2.65, 1.14, 2.32, 2.23, 0.70, 1.72, 645195.5892293359
No.704: 1.12, 5.47, 2.69, 5.14, 2.65, 1.14, 2.32, 2.23, 0.70, 1.72, 645195.5892293359
No.705: 1.12, 5.47, 2.69, 5.14, 2.65, 1.14, 2.32, 2.23, 0.70, 1.72, 645195.5892293359
No.706: 1.12, 5.47, 2.69, 5.14, 2.65, 1.14, 2.32, 2.23, 0.70, 1.72, 645195.5892293359
No.707: 1.12, 5.47, 2.69, 5.14, 2.65, 1.14, 2.32, 2.23, 0.70, 1.72, 645195.5892293359
No.708: 1.12, 5.47, 2.69, 5.14, 2.65, 1.14, 2.32, 2.23, 0.70, 1.72, 645195.5892293359
No.709: 1.12, 5.47, 2.69, 5.14, 2.65, 1.14, 2.32, 2.23, 0.70, 1.72, 645195.5892293359
No.710: 1.12, 5.47, 2.69, 5.14, 2.65, 1.14, 2.32, 2.23, 0.70, 1.72, 645195.5892293359
No.711: 1.12, 5.47, 2.69, 5.14, 2.65, 1.14, 2.32, 2.23, 0.70, 1.72, 645195.5892293359
No.712: 1.12, 5.47, 2.69, 5.14, 2.65, 1.14, 2.32, 2.23, 0.70, 1.72, 645195.5892293359
No.713: 1.12, 5.47, 2.69, 5.14, 2.65, 1.14, 2.32, 2.23, 0.70, 1.72, 645195.5892293359
No.714: 1.12, 5.47, 2.69, 5.14, 2.65, 1.14, 2.32, 2.23, 0.70, 1.72, 645195.5892293359
No.715: 1.12, 5.47, 2.69, 5.14, 2.65, 1.14, 2.32, 2.23, 0.70, 1.72, 645195.5892293359
No.716: 1.12, 5.47, 2.69, 5.14, 2.65, 1.14, 2.32, 2.23, 0.70, 1.72, 645195.5892293359
No.717: 1.12, 5.47, 2.69, 5.14, 2.65, 1.14, 2.32, 2.23, 0.70, 1.72, 645195.5892293359
No.718: 1.12, 5.47, 2.69, 5.14, 2.65, 1.14, 2.32, 2.23, 0.70, 1.72, 645195.5892293359
No.719: 1.12, 5.47, 2.69, 5.14, 2.65, 1.14, 2.32, 2.23, 0.70, 1.72, 645195.5892293359
No.720: 1.12, 5.47, 2.69, 5.14, 2.65, 1.14, 2.32, 2.23, 0.70, 1.72, 645195.5892293359
No.721: 1.12, 5.47, 2.69, 5.14, 2.65, 1.14, 2.32, 2.23, 0.70, 1.72, 645195.5892293359
No.722: 1.12, 5.47, 2.69, 5.14, 2.65, 1.14, 2.32, 2.23, 0.70, 1.72, 645195.5892293359
No.723: 1.12, 5.47, 2.69, 5.14, 2.65, 1.14, 2.32, 2.23, 0.70, 1.72, 645195.5892293359
No.724: 1.12, 5.47, 2.69, 5.14, 2.65, 1.14, 2.32, 2.23, 0.70, 1.72, 645195.5892293359
No.725: 1.12, 5.47, 2.69, 5.14, 2.65, 1.14, 2.32, 2.23, 0.70, 1.72, 645195.5892293359
No.726: 1.12, 5.47, 2.69, 5.14, 2.65, 1.14, 2.32, 2.23, 0.70, 1.72, 645195.5892293359
No.727: 1.12, 5.47, 2.69, 5.14, 2.65, 1.14, 2.32, 2.23, 0.70, 1.72, 645195.5892293359
No.728: 1.12, 5.47, 2.69, 5.14, 2.65, 1.14, 2.32, 2.23, 0.70, 1.72, 645195.5892293359
No.729: 1.12, 5.47, 2.69, 5.14, 2.65, 1.14, 2.32, 2.23, 0.70, 1.72, 645195.5892293359
No.730: 1.12, 5.47, 2.69, 5.14, 2.65, 1.14, 2.32, 2.23, 0.70, 1.72, 645195.5892293359
No.731: 1.12, 5.47, 2.69, 5.14, 2.65, 1.14, 2.32, 2.23, 0.70, 1.72, 645195.5892293359
No.732: 1.12, 5.47, 2.69, 5.14, 2.65, 1.14, 2.32, 2.23, 0.70, 1.72, 645195.5892293359
No.733: 1.12, 5.47, 2.69, 5.14, 2.65, 1.14, 2.32, 2.23, 0.70, 1.72, 645195.5892293359
No.734: 1.12, 5.47, 2.69, 5.14, 2.65, 1.14, 2.32, 2.23, 0.70, 1.72, 645195.5892293359
No.735: 1.12, 5.47, 2.69, 5.14, 2.65, 1.14, 2.32, 2.23, 0.70, 1.72, 645195.5892293359
No.736: 1.12, 5.47, 2.69, 5.14, 2.65, 1.14, 2.32, 2.23, 0.70, 1.72, 645195.5892293359
No.737: 1.12, 5.47, 2.69, 5.14, 2.65, 1.14, 2.32, 2.23, 0.70, 1.72, 645195.5892293359
No.738: 1.12, 5.47, 2.69, 5.14, 2.65, 1.14, 2.32, 2.23, 0.70, 1.72, 645195.5892293359
No.739: 1.12, 5.47, 2.69, 5.14, 2.65, 1.14, 2.32, 2.23, 0.70, 1.72, 645195.5892293359
No.740: 1.12, 5.47, 2.69, 5.14, 2.65, 1.14, 2.32, 2.23, 0.70, 1.72, 645195.5892293359
No.741: 1.12, 5.47, 2.69, 5.14, 2.65, 1.14, 2.32, 2.23, 0.70, 1.72, 645195.5892293359
No.742: 1.12, 5.47, 2.69, 5.14, 2.65, 1.14, 2.32, 2.23, 0.70, 1.72, 645195.5892293359
No.743: 1.12, 5.47, 2.69, 5.14, 2.65, 1.14, 2.32, 2.23, 0.70, 1.72, 645195.5892293359
No.744: 1.12, 5.47, 2.69, 5.14, 2.65, 1.14, 2.32, 2.23, 0.70, 1.72, 645195.5892293359
No.745: 1.12, 5.47, 2.69, 5.14, 2.65, 1.14, 2.32, 2.23, 0.70, 1.72, 645195.5892293359
No.746: 1.12, 5.47, 2.69, 5.14, 2.65, 1.14, 2.32, 2.23, 0.70, 1.72, 645195.5892293359
No.747: 1.12, 5.47, 2.69, 5.14, 2.65, 1.14, 2.32, 2.23, 0.70, 1.72, 645195.5892293359
No.748: 1.12, 5.47, 2.69, 5.14, 2.65, 1.14, 2.32, 2.23, 0.70, 1.72, 645195.5892293359
No.749: 1.12, 5.47, 2.69, 5.14, 2.65, 1.14, 2.32, 2.23, 0.70, 1.72, 645195.5892293359
No.750: 1.12, 5.47, 2.69, 5.14, 2.65, 1.14, 2.32, 2.23, 0.70, 1.72, 645195.5892293359
No.751: 1.12, 5.47, 2.69, 5.14, 2.65, 1.14, 2.32, 2.23, 0.70, 1.72, 645195.5892293359
No.752: 1.12, 5.47, 2.69, 5.14, 2.65, 1.14, 2.32, 2.23, 0.70, 1.72, 645195.5892293359
No.753: 1.12, 5.47, 2.69, 5.14, 2.65, 1.14, 2.32, 2.23, 0.70, 1.72, 645195.5892293359
No.754: 1.12, 5.47, 2.69, 5.14, 2.65, 1.14, 2.32, 2.23, 0.70, 1.72, 645195.5892293359
No.755: 1.12, 5.47, 2.69, 5.14, 2.65, 1.14, 2.32, 2.23, 0.70, 1.72, 645195.5892293359
No.756: 1.12, 5.47, 2.69, 5.14, 2.65, 1.14, 2.32, 2.23, 0.70, 1.72, 645195.5892293359
No.757: 1.12, 5.47, 2.69, 5.14, 2.65, 1.14, 2.32, 2.23, 0.70, 1.72, 645195.5892293359
No.758: 1.12, 5.47, 2.69, 5.14, 2.65, 1.14, 2.32, 2.23, 0.70, 1.72, 645195.5892293359
No.759: 1.12, 5.47, 2.69, 5.14, 2.65, 1.14, 2.32, 2.23, 0.70, 1.72, 645195.5892293359
No.760: 1.12, 5.47, 2.69, 5.14, 2.65, 1.14, 2.32, 2.23, 0.70, 1.72, 645195.5892293359
No.761: 1.12, 5.47, 2.69, 5.14, 2.65, 1.14, 2.32, 2.23, 0.70, 1.72, 645195.5892293359
No.762: 1.12, 5.47, 2.69, 5.14, 2.65, 1.14, 2.32, 2.23, 0.70, 1.72, 645195.5892293359
No.763: 1.12, 5.47, 2.69, 5.14, 2.65, 1.14, 2.32, 2.23, 0.70, 1.72, 645195.5892293359
No.764: 1.12, 5.47, 2.69, 5.14, 2.65, 1.14, 2.32, 2.23, 0.70, 1.72, 645195.5892293359
No.765: 1.12, 5.47, 2.69, 5.14, 2.65, 1.14, 2.32, 2.23, 0.70, 1.72, 645195.5892293359
No.766: 1.12, 5.47, 2.69, 5.14, 2.65, 1.14, 2.32, 2.23, 0.70, 1.72, 645195.5892293359
No.767: 1.12, 5.47, 2.69, 5.14, 2.65, 1.14, 2.32, 2.23, 0.70, 1.72, 645195.5892293359
No.768: 1.12, 5.47, 2.69, 5.14, 2.65, 1.14, 2.32, 2.23, 0.70, 1.72, 645195.5892293359
No.769: 1.12, 5.47, 2.69, 5.14, 2.65, 1.14, 2.32, 2.23, 0.70, 1.72, 645195.5892293359
No.770: 1.12, 5.47, 2.69, 5.14, 2.65, 1.14, 2.32, 2.23, 0.70, 1.72, 645195.5892293359
No.771: 1.12, 5.47, 2.69, 5.14, 2.65, 1.14, 2.32, 2.23, 0.70, 1.72, 645195.5892293359
No.772: 1.12, 5.47, 2.69, 5.14, 2.65, 1.14, 2.32, 2.23, 0.70, 1.72, 645195.5892293359
No.773: 1.12, 5.47, 2.69, 5.14, 2.65, 1.14, 2.32, 2.23, 0.70, 1.72, 645195.5892293359
No.774: 1.12, 5.47, 2.69, 5.14, 2.65, 1.14, 2.32, 2.23, 0.70, 1.72, 645195.5892293359
No.775: 1.12, 5.47, 2.69, 5.14, 2.65, 1.14, 2.32, 2.23, 0.70, 1.72, 645195.5892293359
No.776: 1.12, 5.47, 2.69, 5.14, 2.65, 1.14, 2.32, 2.23, 0.70, 1.72, 645195.5892293359
No.777: 1.12, 5.47, 2.69, 5.14, 2.65, 1.14, 2.32, 2.23, 0.70, 1.72, 645195.5892293359
No.778: 1.12, 5.47, 2.69, 5.14, 2.65, 1.14, 2.32, 2.23, 0.70, 1.72, 645195.5892293359
No.779: 1.12, 5.47, 2.69, 5.14, 2.65, 1.14, 2.32, 2.23, 0.70, 1.72, 645195.5892293359
No.780: 1.12, 5.47, 2.69, 5.14, 2.65, 1.14, 2.32, 2.23, 0.70, 1.72, 645195.5892293359
No.781: 1.12, 5.47, 2.69, 5.14, 2.65, 1.14, 2.32, 2.23, 0.70, 1.72, 645195.5892293359
No.782: 1.12, 5.47, 2.69, 5.14, 2.65, 1.14, 2.32, 2.23, 0.70, 1.72, 645195.5892293359
No.783: 1.12, 5.47, 2.69, 5.14, 2.65, 1.14, 2.32, 2.23, 0.70, 1.72, 645195.5892293359
No.784: 1.12, 5.47, 2.69, 5.14, 2.65, 1.14, 2.32, 2.23, 0.70, 1.72, 645195.5892293359
No.785: 1.12, 5.47, 2.69, 5.14, 2.65, 1.14, 2.32, 2.23, 0.70, 1.72, 645195.5892293359
No.786: 1.12, 5.47, 2.69, 5.14, 2.65, 1.14, 2.32, 2.23, 0.70, 1.72, 645195.5892293359
No.787: 1.12, 5.47, 2.69, 5.14, 2.65, 1.14, 2.32, 2.23, 0.70, 1.72, 645195.5892293359
No.788: 1.12, 5.47, 2.69, 5.14, 2.65, 1.14, 2.32, 2.23, 0.70, 1.72, 645195.5892293359
No.789: 1.12, 5.47, 2.69, 5.14, 2.65, 1.14, 2.32, 2.23, 0.70, 1.72, 645195.5892293359
No.790: 1.12, 5.47, 2.69, 5.14, 2.65, 1.14, 2.32, 2.23, 0.70, 1.72, 645195.5892293359
No.791: 1.12, 5.47, 2.69, 5.14, 2.65, 1.14, 2.32, 2.23, 0.70, 1.72, 645195.5892293359
No.792: 1.12, 5.47, 2.69, 5.14, 2.65, 1.14, 2.32, 2.23, 0.70, 1.72, 645195.5892293359
No.793: 1.12, 5.47, 2.69, 5.14, 2.65, 1.14, 2.32, 2.23, 0.70, 1.72, 645195.5892293359
No.794: 1.12, 5.47, 2.69, 5.14, 2.65, 1.14, 2.32, 2.23, 0.70, 1.72, 645195.5892293359
No.795: 1.12, 5.47, 2.69, 5.14, 2.65, 1.14, 2.32, 2.23, 0.70, 1.72, 645195.5892293359
No.796: 1.12, 5.47, 2.69, 5.14, 2.65, 1.14, 2.32, 2.23, 0.70, 1.72, 645195.5892293359
No.797: 1.12, 5.47, 2.69, 5.14, 2.65, 1.14, 2.32, 2.23, 0.70, 1.72, 645195.5892293359
No.798: 1.12, 5.47, 2.69, 5.14, 2.65, 1.14, 2.32, 2.23, 0.70, 1.72, 645195.5892293359
No.799: 1.12, 5.47, 2.69, 5.14, 2.65, 1.14, 2.32, 2.23, 0.70, 1.72, 645195.5892293359
No.800: 1.12, 5.47, 2.69, 5.14, 2.65, 1.14, 2.32, 2.23, 0.70, 1.72, 645195.5892293359
No.801: 1.12, 5.47, 2.69, 5.14, 2.65, 1.14, 2.32, 2.23, 0.70, 1.72, 645195.5892293359
No.802: 1.12, 5.47, 2.69, 5.14, 2.65, 1.14, 2.32, 2.23, 0.70, 1.72, 645195.5892293359
No.803: 1.12, 5.47, 2.69, 5.14, 2.65, 1.14, 2.32, 2.23, 0.70, 1.72, 645195.5892293359
No.804: 1.12, 5.47, 2.69, 5.14, 2.65, 1.14, 2.32, 2.23, 0.70, 1.72, 645195.5892293359
No.805: 1.12, 5.47, 2.69, 5.14, 2.65, 1.14, 2.32, 2.23, 0.70, 1.72, 645195.5892293359
No.806: 1.12, 5.47, 2.69, 5.14, 2.65, 1.14, 2.32, 2.23, 0.70, 1.72, 645195.5892293359
No.807: 1.12, 5.47, 2.69, 5.14, 2.65, 1.14, 2.32, 2.23, 0.70, 1.72, 645195.5892293359
No.808: 1.12, 5.47, 2.69, 5.14, 2.65, 1.14, 2.32, 2.23, 0.70, 1.72, 645195.5892293359
No.809: 1.12, 5.47, 2.69, 5.14, 2.65, 1.14, 2.32, 2.23, 0.70, 1.72, 645195.5892293359
No.810: 1.12, 5.47, 2.69, 5.14, 2.65, 1.14, 2.32, 2.23, 0.70, 1.72, 645195.5892293359
No.811: 1.12, 5.47, 2.69, 5.14, 2.65, 1.14, 2.32, 2.23, 0.70, 1.72, 645195.5892293359
No.812: 1.12, 5.47, 2.69, 5.14, 2.65, 1.14, 2.32, 2.23, 0.70, 1.72, 645195.5892293359
No.813: 1.12, 5.47, 2.69, 5.14, 2.65, 1.14, 2.32, 2.23, 0.70, 1.72, 645195.5892293359
No.814: 1.12, 5.47, 2.69, 5.14, 2.65, 1.14, 2.32, 2.23, 0.70, 1.72, 645195.5892293359
No.815: 1.12, 5.47, 2.69, 5.14, 2.65, 1.14, 2.32, 2.23, 0.70, 1.72, 645195.5892293359
No.816: 1.12, 5.47, 2.69, 5.14, 2.65, 1.14, 2.32, 2.23, 0.70, 1.72, 645195.5892293359
No.817: 1.12, 5.47, 2.69, 5.14, 2.65, 1.14, 2.32, 2.23, 0.70, 1.72, 645195.5892293359
No.818: 1.12, 5.47, 2.69, 5.14, 2.65, 1.14, 2.32, 2.23, 0.70, 1.72, 645195.5892293359
No.819: 1.12, 5.47, 2.69, 5.14, 2.65, 1.14, 2.32, 2.23, 0.70, 1.72, 645195.5892293359
No.820: 1.12, 5.47, 2.69, 5.14, 2.65, 1.14, 2.32, 2.23, 0.70, 1.72, 645195.5892293359
No.821: 1.12, 5.47, 2.69, 5.14, 2.65, 1.14, 2.32, 2.23, 0.70, 1.72, 645195.5892293359
No.822: 1.12, 5.47, 2.69, 5.14, 2.65, 1.14, 2.32, 2.23, 0.70, 1.72, 645195.5892293359
No.823: 1.12, 5.47, 2.69, 5.14, 2.65, 1.14, 2.32, 2.23, 0.70, 1.72, 645195.5892293359
No.824: 1.12, 5.47, 2.69, 5.14, 2.65, 1.14, 2.32, 2.23, 0.70, 1.72, 645195.5892293359
No.825: 1.12, 5.47, 2.69, 5.14, 2.65, 1.14, 2.32, 2.23, 0.70, 1.72, 645195.5892293359
No.826: 1.12, 5.47, 2.69, 5.14, 2.65, 1.14, 2.32, 2.23, 0.70, 1.72, 645195.5892293359
No.827: 1.12, 5.47, 2.69, 5.14, 2.65, 1.14, 2.32, 2.23, 0.70, 1.72, 645195.5892293359
No.828: 1.12, 5.47, 2.69, 5.14, 2.65, 1.14, 2.32, 2.23, 0.70, 1.72, 645195.5892293359
No.829: 1.12, 5.47, 2.69, 5.14, 2.65, 1.14, 2.32, 2.23, 0.70, 1.72, 645195.5892293359
No.830: 1.12, 5.47, 2.69, 5.14, 2.65, 1.14, 2.32, 2.23, 0.70, 1.72, 645195.5892293359
No.831: 1.12, 5.47, 2.69, 5.14, 2.65, 1.14, 2.32, 2.23, 0.70, 1.72, 645195.5892293359
No.832: 1.12, 5.47, 2.69, 5.14, 2.65, 1.14, 2.32, 2.23, 0.70, 1.72, 645195.5892293359
No.833: 1.12, 5.47, 2.69, 5.14, 2.65, 1.14, 2.32, 2.23, 0.70, 1.72, 645195.5892293359
No.834: 1.12, 5.47, 2.69, 5.14, 2.65, 1.14, 2.32, 2.23, 0.70, 1.72, 645195.5892293359
No.835: 1.12, 5.47, 2.69, 5.14, 2.65, 1.14, 2.32, 2.23, 0.70, 1.72, 645195.5892293359
No.836: 1.12, 5.47, 2.69, 5.14, 2.65, 1.14, 2.32, 2.23, 0.70, 1.72, 645195.5892293359
No.837: 1.12, 5.47, 2.69, 5.14, 2.65, 1.14, 2.32, 2.23, 0.70, 1.72, 645195.5892293359
No.838: 1.12, 5.47, 2.69, 5.14, 2.65, 1.14, 2.32, 2.23, 0.70, 1.72, 645195.5892293359
No.839: 1.12, 5.47, 2.69, 5.14, 2.65, 1.14, 2.32, 2.23, 0.70, 1.72, 645195.5892293359
No.840: 1.12, 5.47, 2.69, 5.14, 2.65, 1.14, 2.32, 2.23, 0.70, 1.72, 645195.5892293359
No.841: 1.12, 5.47, 2.69, 5.14, 2.65, 1.14, 2.32, 2.23, 0.70, 1.72, 645195.5892293359
No.842: 1.12, 5.47, 2.69, 5.14, 2.65, 1.14, 2.32, 2.23, 0.70, 1.72, 645195.5892293359
No.843: 1.12, 5.47, 2.69, 5.14, 2.65, 1.14, 2.32, 2.23, 0.70, 1.72, 645195.5892293359
No.844: 1.12, 5.47, 2.69, 5.14, 2.65, 1.14, 2.32, 2.23, 0.70, 1.72, 645195.5892293359
No.845: 1.12, 5.47, 2.69, 5.14, 2.65, 1.14, 2.32, 2.23, 0.70, 1.72, 645195.5892293359
No.846: 1.12, 5.47, 2.69, 5.14, 2.65, 1.14, 2.32, 2.23, 0.70, 1.72, 645195.5892293359
No.847: 1.12, 5.47, 2.69, 5.14, 2.65, 1.14, 2.32, 2.23, 0.70, 1.72, 645195.5892293359
No.848: 1.12, 5.47, 2.69, 5.14, 2.65, 1.14, 2.32, 2.23, 0.70, 1.72, 645195.5892293359
No.849: 1.12, 5.47, 2.69, 5.14, 2.65, 1.14, 2.32, 2.23, 0.70, 1.72, 645195.5892293359
No.850: 1.12, 5.47, 2.69, 5.14, 2.65, 1.14, 2.32, 2.23, 0.70, 1.72, 645195.5892293359
No.851: 1.12, 5.47, 2.69, 5.14, 2.65, 1.14, 2.32, 2.23, 0.70, 1.72, 645195.5892293359
No.852: 1.12, 5.47, 2.69, 5.14, 2.65, 1.14, 2.32, 2.23, 0.70, 1.72, 645195.5892293359
No.853: 1.12, 5.47, 2.69, 5.14, 2.65, 1.14, 2.32, 2.23, 0.70, 1.72, 645195.5892293359
No.854: 1.12, 5.47, 2.69, 5.14, 2.65, 1.14, 2.32, 2.23, 0.70, 1.72, 645195.5892293359
No.855: 1.12, 5.47, 2.69, 5.14, 2.65, 1.14, 2.32, 2.23, 0.70, 1.72, 645195.5892293359
No.856: 1.12, 5.47, 2.69, 5.14, 2.65, 1.14, 2.32, 2.23, 0.70, 1.72, 645195.5892293359
No.857: 1.12, 5.47, 2.69, 5.14, 2.65, 1.14, 2.32, 2.23, 0.70, 1.72, 645195.5892293359
No.858: 1.12, 5.47, 2.69, 5.14, 2.65, 1.14, 2.32, 2.23, 0.70, 1.72, 645195.5892293359
No.859: 1.12, 5.47, 2.69, 5.14, 2.65, 1.14, 2.32, 2.23, 0.70, 1.72, 645195.5892293359
No.860: 1.12, 5.47, 2.69, 5.14, 2.65, 1.14, 2.32, 2.23, 0.70, 1.72, 645195.5892293359
No.861: 1.12, 5.47, 2.69, 5.14, 2.65, 1.14, 2.32, 2.23, 0.70, 1.72, 645195.5892293359
No.862: 1.12, 5.47, 2.69, 5.14, 2.65, 1.14, 2.32, 2.23, 0.70, 1.72, 645195.5892293359
No.863: 1.12, 5.47, 2.69, 5.14, 2.65, 1.14, 2.32, 2.23, 0.70, 1.72, 645195.5892293359
No.864: 1.12, 5.47, 2.69, 5.14, 2.65, 1.14, 2.32, 2.23, 0.70, 1.72, 645195.5892293359
No.865: 1.12, 5.47, 2.69, 5.14, 2.65, 1.14, 2.32, 2.23, 0.70, 1.72, 645195.5892293359
No.866: 1.12, 5.47, 2.69, 5.14, 2.65, 1.14, 2.32, 2.23, 0.70, 1.72, 645195.5892293359
No.867: 1.12, 5.47, 2.69, 5.14, 2.65, 1.14, 2.32, 2.23, 0.70, 1.72, 645195.5892293359
No.868: 1.12, 5.47, 2.69, 5.14, 2.65, 1.14, 2.32, 2.23, 0.70, 1.72, 645195.5892293359
No.869: 1.12, 5.47, 2.69, 5.14, 2.65, 1.14, 2.32, 2.23, 0.70, 1.72, 645195.5892293359
No.870: 1.12, 5.47, 2.69, 5.14, 2.65, 1.14, 2.32, 2.23, 0.70, 1.72, 645195.5892293359
No.871: 1.12, 5.47, 2.69, 5.14, 2.65, 1.14, 2.32, 2.23, 0.70, 1.72, 645195.5892293359
No.872: 1.12, 5.47, 2.69, 5.14, 2.65, 1.14, 2.32, 2.23, 0.70, 1.72, 645195.5892293359
No.873: 1.12, 5.47, 2.69, 5.14, 2.65, 1.14, 2.32, 2.23, 0.70, 1.72, 645195.5892293359
No.874: 1.12, 5.47, 2.69, 5.14, 2.65, 1.14, 2.32, 2.23, 0.70, 1.72, 645195.5892293359
No.875: 1.12, 5.47, 2.69, 5.14, 2.65, 1.14, 2.32, 2.23, 0.70, 1.72, 645195.5892293359
No.876: 1.12, 5.47, 2.69, 5.14, 2.65, 1.14, 2.32, 2.23, 0.70, 1.72, 645195.5892293359
No.877: 1.12, 5.47, 2.69, 5.14, 2.65, 1.14, 2.32, 2.23, 0.70, 1.72, 645195.5892293359
No.878: 1.12, 5.47, 2.69, 5.14, 2.65, 1.14, 2.32, 2.23, 0.70, 1.72, 645195.5892293359
No.879: 1.12, 5.47, 2.69, 5.14, 2.65, 1.14, 2.32, 2.23, 0.70, 1.72, 645195.5892293359
No.880: 1.12, 5.47, 2.69, 5.14, 2.65, 1.14, 2.32, 2.23, 0.70, 1.72, 645195.5892293359
No.881: 1.12, 5.47, 2.69, 5.14, 2.65, 1.14, 2.32, 2.23, 0.70, 1.72, 645195.5892293359
No.882: 1.12, 5.47, 2.69, 5.14, 2.65, 1.14, 2.32, 2.23, 0.70, 1.72, 645195.5892293359
No.883: 1.12, 5.47, 2.69, 5.14, 2.65, 1.14, 2.32, 2.23, 0.70, 1.72, 645195.5892293359
No.884: 1.12, 5.47, 2.69, 5.14, 2.65, 1.14, 2.32, 2.23, 0.70, 1.72, 645195.5892293359
No.885: 1.12, 5.47, 2.69, 5.14, 2.65, 1.14, 2.32, 2.23, 0.70, 1.72, 645195.5892293359
No.886: 1.12, 5.47, 2.69, 5.14, 2.65, 1.14, 2.32, 2.23, 0.70, 1.72, 645195.5892293359
No.887: 1.12, 5.47, 2.69, 5.14, 2.65, 1.14, 2.32, 2.23, 0.70, 1.72, 645195.5892293359
No.888: 1.12, 5.47, 2.69, 5.14, 2.65, 1.14, 2.32, 2.23, 0.70, 1.72, 645195.5892293359
No.889: 1.12, 5.47, 2.69, 5.14, 2.65, 1.14, 2.32, 2.23, 0.70, 1.72, 645195.5892293359
No.890: 1.12, 5.47, 2.69, 5.14, 2.65, 1.14, 2.32, 2.23, 0.70, 1.72, 645195.5892293359
No.891: 1.12, 5.47, 2.69, 5.14, 2.65, 1.14, 2.32, 2.23, 0.70, 1.72, 645195.5892293359
No.892: 1.12, 5.47, 2.69, 5.14, 2.65, 1.14, 2.32, 2.23, 0.70, 1.72, 645195.5892293359
No.893: 1.12, 5.47, 2.69, 5.14, 2.65, 1.14, 2.32, 2.23, 0.70, 1.72, 645195.5892293359
No.894: 1.12, 5.47, 2.69, 5.14, 2.65, 1.14, 2.32, 2.23, 0.70, 1.72, 645195.5892293359
No.895: 1.12, 5.47, 2.69, 5.14, 2.65, 1.14, 2.32, 2.23, 0.70, 1.72, 645195.5892293359
No.896: 1.12, 5.47, 2.69, 5.14, 2.65, 1.14, 2.32, 2.23, 0.70, 1.72, 645195.5892293359
No.897: 1.12, 5.47, 2.69, 5.14, 2.65, 1.14, 2.32, 2.23, 0.70, 1.72, 645195.5892293359
No.898: 1.12, 5.47, 2.69, 5.14, 2.65, 1.14, 2.32, 2.23, 0.70, 1.72, 645195.5892293359
No.899: 1.12, 5.47, 2.69, 5.14, 2.65, 1.14, 2.32, 2.23, 0.70, 1.72, 645195.5892293359
No.900: 1.12, 5.47, 2.69, 5.14, 2.65, 1.14, 2.32, 2.23, 0.70, 1.72, 645195.5892293359
No.901: 1.12, 5.47, 2.69, 5.14, 2.65, 1.14, 2.32, 2.23, 0.70, 1.72, 645195.5892293359
No.902: 1.12, 5.47, 2.69, 5.14, 2.65, 1.14, 2.32, 2.23, 0.70, 1.72, 645195.5892293359
No.903: 1.12, 5.47, 2.69, 5.14, 2.65, 1.14, 2.32, 2.23, 0.70, 1.72, 645195.5892293359
No.904: 1.12, 5.47, 2.69, 5.14, 2.65, 1.14, 2.32, 2.23, 0.70, 1.72, 645195.5892293359
No.905: 1.12, 5.47, 2.69, 5.14, 2.65, 1.14, 2.32, 2.23, 0.70, 1.72, 645195.5892293359
No.906: 1.12, 5.47, 2.69, 5.14, 2.65, 1.14, 2.32, 2.23, 0.70, 1.72, 645195.5892293359
No.907: 1.12, 5.47, 2.69, 5.14, 2.65, 1.14, 2.32, 2.23, 0.70, 1.72, 645195.5892293359
No.908: 1.12, 5.47, 2.69, 5.14, 2.65, 1.14, 2.32, 2.23, 0.70, 1.72, 645195.5892293359
No.909: 1.12, 5.47, 2.69, 5.14, 2.65, 1.14, 2.32, 2.23, 0.70, 1.72, 645195.5892293359
No.910: 1.12, 5.47, 2.69, 5.14, 2.65, 1.14, 2.32, 2.23, 0.70, 1.72, 645195.5892293359
No.911: 1.12, 5.47, 2.69, 5.14, 2.65, 1.14, 2.32, 2.23, 0.70, 1.72, 645195.5892293359
No.912: 1.12, 5.47, 2.69, 5.14, 2.65, 1.14, 2.32, 2.23, 0.70, 1.72, 645195.5892293359
No.913: 1.12, 5.47, 2.69, 5.14, 2.65, 1.14, 2.32, 2.23, 0.70, 1.72, 645195.5892293359
No.914: 1.12, 5.47, 2.69, 5.14, 2.65, 1.14, 2.32, 2.23, 0.70, 1.72, 645195.5892293359
No.915: 1.12, 5.47, 2.69, 5.14, 2.65, 1.14, 2.32, 2.23, 0.70, 1.72, 645195.5892293359
No.916: 1.12, 5.47, 2.69, 5.14, 2.65, 1.14, 2.32, 2.23, 0.70, 1.72, 645195.5892293359
No.917: 1.12, 5.47, 2.69, 5.14, 2.65, 1.14, 2.32, 2.23, 0.70, 1.72, 645195.5892293359
No.918: 1.12, 5.47, 2.69, 5.14, 2.65, 1.14, 2.32, 2.23, 0.70, 1.72, 645195.5892293359
No.919: 1.12, 5.47, 2.69, 5.14, 2.65, 1.14, 2.32, 2.23, 0.70, 1.72, 645195.5892293359
No.920: 1.12, 5.47, 2.69, 5.14, 2.65, 1.14, 2.32, 2.23, 0.70, 1.72, 645195.5892293359
No.921: 1.12, 5.47, 2.69, 5.14, 2.65, 1.14, 2.32, 2.23, 0.70, 1.72, 645195.5892293359
No.922: 1.12, 5.47, 2.69, 5.14, 2.65, 1.14, 2.32, 2.23, 0.70, 1.72, 645195.5892293359
No.923: 1.12, 5.47, 2.69, 5.14, 2.65, 1.14, 2.32, 2.23, 0.70, 1.72, 645195.5892293359
No.924: 1.12, 5.47, 2.69, 5.14, 2.65, 1.14, 2.32, 2.23, 0.70, 1.72, 645195.5892293359
No.925: 1.12, 5.47, 2.69, 5.14, 2.65, 1.14, 2.32, 2.23, 0.70, 1.72, 645195.5892293359
No.926: 1.12, 5.47, 2.69, 5.14, 2.65, 1.14, 2.32, 2.23, 0.70, 1.72, 645195.5892293359
No.927: 1.12, 5.47, 2.69, 5.14, 2.65, 1.14, 2.32, 2.23, 0.70, 1.72, 645195.5892293359
No.928: 1.12, 5.47, 2.69, 5.14, 2.65, 1.14, 2.32, 2.23, 0.70, 1.72, 645195.5892293359
No.929: 1.12, 5.47, 2.69, 5.14, 2.65, 1.14, 2.32, 2.23, 0.70, 1.72, 645195.5892293359
No.930: 1.12, 5.47, 2.69, 5.14, 2.65, 1.14, 2.32, 2.23, 0.70, 1.72, 645195.5892293359
No.931: 1.12, 5.47, 2.69, 5.14, 2.65, 1.14, 2.32, 2.23, 0.70, 1.72, 645195.5892293359
No.932: 1.12, 5.47, 2.69, 5.14, 2.65, 1.14, 2.32, 2.23, 0.70, 1.72, 645195.5892293359
No.933: 1.12, 5.47, 2.69, 5.14, 2.65, 1.14, 2.32, 2.23, 0.70, 1.72, 645195.5892293359
No.934: 1.12, 5.47, 2.69, 5.14, 2.65, 1.14, 2.32, 2.23, 0.70, 1.72, 645195.5892293359
No.935: 1.12, 5.47, 2.69, 5.14, 2.65, 1.14, 2.32, 2.23, 0.70, 1.72, 645195.5892293359
No.936: 1.12, 5.47, 2.69, 5.14, 2.65, 1.14, 2.32, 2.23, 0.70, 1.72, 645195.5892293359
No.937: 1.12, 5.47, 2.69, 5.14, 2.65, 1.14, 2.32, 2.23, 0.70, 1.72, 645195.5892293359
No.938: 1.12, 5.47, 2.69, 5.14, 2.65, 1.14, 2.32, 2.23, 0.70, 1.72, 645195.5892293359
No.939: 1.12, 5.47, 2.69, 5.14, 2.65, 1.14, 2.32, 2.23, 0.70, 1.72, 645195.5892293359
No.940: 1.12, 5.47, 2.69, 5.14, 2.65, 1.14, 2.32, 2.23, 0.70, 1.72, 645195.5892293359
No.941: 1.12, 5.47, 2.69, 5.14, 2.65, 1.14, 2.32, 2.23, 0.70, 1.72, 645195.5892293359
No.942: 1.12, 5.47, 2.69, 5.14, 2.65, 1.14, 2.32, 2.23, 0.70, 1.72, 645195.5892293359
No.943: 1.12, 5.47, 2.69, 5.14, 2.65, 1.14, 2.32, 2.23, 0.70, 1.72, 645195.5892293359
No.944: 1.12, 5.47, 2.69, 5.14, 2.65, 1.14, 2.32, 2.23, 0.70, 1.72, 645195.5892293359
No.945: 1.12, 5.47, 2.69, 5.14, 2.65, 1.14, 2.32, 2.23, 0.70, 1.72, 645195.5892293359
