#-------------------------------------------------------------------------------
# Ta1 and Ta2 potentials
#
# Energy vs. V/V0: Almost the same
# Energy vs. Displacement: Almost the same
# Pressure vs. V/V0: Almost the same. Ta is slightly closer to DFT.
# Stress vs. Epsilon<100>: Almost the same from epsilon 0 to 0.2. After 0.2, Ta1 is closer to DFT.
# Stress vs. Epsilon<110>: Almost the same from epsilon 0 to 0.2. After 0.2, Ta2 is closer to DFT.
# Stress vs. Epsilon<111>: Almost the same from epsilon 0 to 0.1. After 0.1, Ta2 is closer to DFT.
# Enthalpy difference (H_bcc - H_hcp) vs. Pressure: Ta2 behaves relatively closer to the EAM of others.
#
# Ta1: Shock-induced twinning in Ta single crystal shocked along (110) at various particle velocities employing the Ta1 model.
# Ta2: atomic configuration in a 450 nm section of a 1-micron-long NEMD simulation of single-crystal Ta (110) shocked to a pressure of 212 GPa using the Ta2 model.
#-------------------------------------------------------------------------------

#-------------------------------------------------------------------------------
Appendix C – Bicrystal Data
Ref: https://escholarship.org/content/qt79j2w03v/qt79j2w03v.pdf

(hkl)[y] Tilt[z] Ortho.[x] Σ θ(°) GBE(mJ/m2)
0 1 0 1 0 0 0 0 -1 1 0 0
0 12 1 1 0 0 0 1 -12 145 9.53 1012
0 7 1 1 0 0 0 1 -7 25 16.26 1053
0 6 1 1 0 0 0 1 -6 37 18.92 1142
0 5 1 1 0 0 0 1 -5 13 22.62 1191
0 4 1 1 0 0 0 1 -4 17 28.07 1314
0 10 3 1 0 0 0 3 -10 109 33.4 1376
0 3 1 1 0 0 0 1 -3 5 36.87 1318
0 8 3 1 0 0 0 3 -8 73 41.11 1438
0 7 3 1 0 0 0 3 -7 29 46.4 1452
0 11 5 1 0 0 0 5 -11 73 48.89 1448
0 2 1 1 0 0 0 1 -2 5 53.13 1348
0 11 6 1 0 0 0 6 -11 157 57.22 1399
0 7 4 1 0 0 0 4 -7 65 59.49 1376
0 5 3 1 0 0 0 3 -5 17 61.93 1306
0 8 5 1 0 0 0 5 -8 89 64.01 1299
0 3 2 1 0 0 0 2 -3 13 67.38 1220
0 4 3 1 0 0 0 3 -4 25 73.74 1068
0 5 4 1 0 0 0 4 -5 41 77.32 1006
0 9 8 1 0 0 0 8 -9 145 83.27 666
0 10 9 1 0 0 0 9 -10 181 83.97 624
0 1 1 1 0 0 0 1 -1 1 90 0

(hkl)[y] Tilt[z] Ortho.[x] Σ θ(°) GBE(mJ/m2)
1 1 0 -1 1 0 0 0 2 1 0 0
7 7 1 -1 1 0 -1 -1 14 99 11.54 968
4 4 1 -1 1 0 -1 -1 8 33 20.05 1262
3 3 1 -1 1 0 -1 -1 6 19 26.53 1335
5 5 2 -1 1 0 -2 -2 10 27 31.59 1384
9 9 4 -1 1 0 -4 -4 18 89 34.89 1408
2 2 1 -1 1 0 -1 -1 4 9 38.94 1326
7 7 4 -1 1 0 -4 -4 14 57 44 1326
3 3 2 -1 1 0 -2 -2 6 11 50.48 1118
4 4 3 -1 1 0 -3 -3 8 41 55.88 1211
5 5 4 -1 1 0 -4 -4 10 33 58.99 1250
1 1 -1 -1 1 0 1 1 2 3 70.53 1298
5 5 6 -1 1 0 -6 -6 10 43 80.63 1250
7 7 10 -1 1 0 -10 -10 14 99 90.58 1141
3 3 5 -1 1 0 -5 -5 6 43 99.37 964
4 4 7 -1 1 0 -7 -7 8 81 102.12 844
1 1 -2 -1 1 0 2 2 2 3 109.47 278
4 4 9 -1 1 0 -9 -9 8 113 115.7 825
2 2 5 -1 1 0 -5 -5 4 22 121.01 1045
3 3 8 -1 1 0 -8 -8 6 41 124.12 1136
1 1 3 -1 1 0 -3 -3 2 11 129.52 1255
1 1 4 -1 1 0 -4 -4 2 9 141.06 1320
1 1 5 -1 1 0 -5 -5 2 27 148.41 1385
1 1 8 -1 1 0 -8 -8 2 33 159.95 1215
1 1 14 -1 1 0 -14 -14 2 99 168.46 987
1 1 16 -1 1 0 -16 -16 2 129 169.9 926
0 0 1 -1 1 0 -1 -1 0 1 180 0

(hkl)[y] Tilt[z] Ortho.[x] Σ θ(°) GBE(mJ/m2)
1 1 0 -1 1 -1 -1 1 2 1 0 0
10 11 1 -1 1 -1 -12 9 21 37 9.43 832
7 8 1 -1 1 -1 -9 6 15 19 13.17 990
5 6 1 -1 1 -1 -7 4 11 31 17.9 1153
4 5 1 -1 1 -1 -6 3 9 7 21.79 1194
3 4 1 -1 1 -1 -5 2 7 13 27.8 1264
5 7 2 -1 1 -1 -9 3 12 13 32.2 1285
2 3 1 -1 1 -1 -4 1 5 7 38.21 1194
5 8 3 -1 1 -1 -11 2 13 49 43.57 1165
3 5 2 -1 1 -1 -7 1 8 19 46.83 1078
4 7 3 -1 1 -1 -10 1 11 37 50.57 953
1 2 1 -1 1 -1 -3 0 3 3 60 298

(hkl)[y] Tilt[z] Ortho.[x] Σ θ(°) GBE(mJ/m2)
1 1 0 1 -1 2 2 -2 -2 1 0 0
11 13 1 1 -1 2 27 -21 -24 97 11.66 919
8 10 1 1 -1 2 21 -15 -18 55 15.5 1020
5 7 1 1 -1 2 15 -9 -12 25 23.07 1247
4 6 1 1 -1 2 13 -7 -10 53 27.53 1325
3 5 1 1 -1 2 11 -5 -8 35 34.05 1368
5 9 2 1 -1 2 20 -8 -14 55 38.57 1299
2 4 1 1 -1 2 9 -3 -6 7 44.42 1332
3 7 2 1 -1 2 16 -4 -10 31 52.2 1273
5 13 4 1 -1 2 30 -6 -18 35 57.12 1266
1 3 1 1 -1 2 7 -1 -4 11 62.96 1274
3 11 4 1 -1 2 26 -2 -14 73 69.97 1330
1 5 2 1 -1 2 12 0 -6 15 78.46 1372
1 7 3 1 -1 2 17 1 -8 59 85.14 1443
1 9 4 1 -1 2 22 2 -10 49 88.83 1461
1 11 5 1 -1 2 27 3 -12 49 91.17 1486
1 17 8 1 -1 2 42 6 -18 59 94.86 1486
0 2 1 1 -1 2 5 1 -25 101.54 1346213
#-------------------------------------------------------------------------------