#| No.|Asub | b0  | b1  | b2  | b3  | t1  | t2  | t3  |Cmin |Cmax | evalulate_value (min value is recommendation) |
#|iter| x0  | x1  | x2  | x3  | x4  | x5  | x6  | x7  | x8  | x9  | evalulate_value (min value is reccomendation) |
No.1: 0.97, 7.46, 0.01, 3.03, 1.47, 1.85, 3.73, 6.92, 0.86, 1.97, 4372813327.2269
No.2: 0.97, 7.14, 2.05, 8.79, 0.28, 13.41, 8.35, 11.18, 0.37, 1.36, 5315015490.812217
No.3: 1.13, 9.72, 3.14, 6.93, 8.77, 17.90, 1.71, 0.79, 0.43, 2.59, 2332390903383.272
No.4: 0.84, 4.74, 9.58, 5.34, 6.92, 6.32, 13.74, 16.70, 0.14, 2.36, 1.339095936979146
No.5: 1.20, 7.71, 2.81, 7.90, 1.04, 8.96, 18.18, 5.88, 0.65, 1.24, 2187572275.4450617
No.6: 0.81, 7.08, 2.12, 2.66, 4.92, 1.07, 11.49, 2.94, 1.22, 2.26, 293973544.77091694
No.7: 0.85, 4.67, 6.95, 4.15, 0.50, 10.72, 13.28, 10.30, 1.90, 2.06, 203.33063204547068
No.8: 1.17, 2.16, 1.40, 8.08, 3.98, 3.31, 18.56, 6.96, 1.53, 2.31, 108.32513156704206
No.9: 1.16, 6.58, 7.51, 3.49, 2.70, 17.92, 8.57, 19.30, 1.37, 2.12, 16630337953.096598
No.10: 0.85, 9.55, 4.50, 5.79, 4.09, 4.75, 18.07, 11.48, 0.11, 2.12, 16827272220.871199
No.11: 0.94, 5.70, 8.86, 3.58, 9.09, 12.47, 0.32, 18.59, 1.42, 2.80, 4.076010957119281
No.12: 0.87, 2.15, 9.33, 6.97, 0.67, 15.11, 15.08, 18.47, 1.46, 2.80, 3.97291454286048
No.13: 0.81, 1.14, 0.29, 2.47, 8.61, 10.78, 11.06, 16.85, 0.34, 1.51, 0.533912453317779
No.14: 1.04, 9.73, 5.62, 0.19, 8.01, 4.66, 16.15, 7.76, 1.75, 2.35, 4997093189257.278
No.15: 1.03, 2.15, 0.60, 1.22, 0.45, 2.15, 4.52, 14.26, 1.17, 2.80, 0.03822098781593186
No.16: 0.83, 9.71, 5.69, 2.04, 2.53, 14.88, 3.91, 11.63, 1.95, 2.53, 167384582432.48557
No.17: 0.90, 5.40, 6.20, 8.29, 1.57, 0.38, 1.41, 9.73, 1.26, 2.03, 1337753670.901552
No.18: 0.93, 9.90, 5.80, 3.81, 5.51, 14.91, 13.39, 5.30, 0.23, 1.67, 268936976223.25034
No.19: 1.06, 2.82, 7.53, 0.67, 2.61, 16.10, 3.87, 12.79, 1.10, 2.67, 0.4377230502270269
No.20: 0.91, 1.51, 7.36, 7.73, 9.08, 18.64, 0.28, 4.69, 1.28, 2.71, 0.3242964609496551
No.21: 1.19, 5.97, 9.16, 6.42, 3.91, 9.72, 12.09, 11.00, 1.86, 2.66, 10.806100936427924
No.22: 0.96, 9.67, 1.74, 1.27, 1.36, 10.12, 0.44, 18.96, 1.68, 2.80, 1135920172622.086
No.23: 0.88, 3.93, 1.31, 8.10, 3.45, 18.81, 11.65, 17.58, 1.71, 2.63, 4.631918064246392
No.24: 0.99, 5.88, 7.99, 2.86, 4.91, 11.99, 0.32, 11.87, 0.93, 2.46, 439025976.2557484
No.25: 0.93, 9.03, 5.78, 1.85, 7.88, 12.25, 1.08, 8.41, 1.40, 2.66, 4480284901.443621
No.26: 0.81, 9.79, 3.77, 9.74, 6.05, 16.58, 11.50, 12.57, 0.65, 2.06, 8882511502.479393
No.27: 1.11, 8.72, 7.56, 6.99, 8.65, 6.46, 13.42, 9.02, 0.83, 1.74, 32448443179.953636
No.28: 0.97, 3.79, 6.22, 4.31, 9.74, 13.56, 3.98, 8.54, 0.76, 2.44, 0.79959542096132
No.29: 1.16, 9.13, 6.63, 2.71, 2.53, 17.10, 10.56, 16.05, 1.19, 2.32, 719728518513.1078
No.30: 1.01, 7.92, 5.69, 4.66, 3.43, 1.37, 7.56, 1.60, 1.97, 2.80, 224347643994.9227
No.31: 1.13, 8.87, 6.89, 5.70, 1.61, 9.34, 6.91, 4.51, 1.23, 1.57, 10347188414.342554
No.32: 1.17, 9.18, 2.58, 1.11, 1.93, 10.00, 14.58, 4.17, 0.58, 2.54, 525469046272.0498
No.33: 0.97, 6.52, 2.34, 1.02, 5.16, 9.55, 3.06, 12.44, 1.14, 2.18, 5283577.859328002
No.34: 0.86, 7.74, 2.23, 5.20, 7.86, 0.45, 6.49, 17.46, 1.71, 1.97, 539830230.5217632
No.35: 1.15, 9.55, 8.27, 8.55, 0.99, 13.03, 14.08, 12.21, 1.62, 2.80, 147499752264.6766
No.36: 1.11, 7.56, 2.60, 2.58, 6.33, 6.91, 15.94, 8.93, 1.59, 2.79, 1678589857.8116574
No.37: 0.93, 2.21, 9.02, 5.42, 9.75, 12.74, 19.88, 10.93, 1.11, 1.25, 2.7403237516484698
No.38: 0.95, 1.14, 1.61, 7.46, 0.31, 7.34, 17.25, 13.86, 1.42, 2.80, 8.769319095085002
No.39: 0.98, 6.20, 9.90, 2.04, 2.48, 5.25, 15.01, 9.14, 0.21, 1.92, 5652596390.874745
No.40: 0.89, 8.17, 2.98, 0.28, 5.94, 16.88, 7.63, 15.00, 1.08, 1.98, 46952406.14973007
No.41: 1.19, 8.22, 0.33, 7.10, 4.66, 18.96, 4.43, 5.35, 0.26, 1.78, 2045411566.1492996
No.42: 0.85, 6.67, 8.03, 6.97, 7.67, 6.85, 16.92, 8.58, 1.67, 2.13, 9.196899041029546
No.43: 0.86, 1.62, 0.19, 0.67, 4.59, 2.27, 0.56, 15.10, 0.86, 2.35, 0.10580543071650893
No.44: 0.99, 5.00, 4.79, 4.75, 8.04, 8.05, 18.10, 0.75, 1.58, 2.80, 48047.4994486864
No.45: 1.05, 1.00, 5.39, 0.04, 9.52, 18.11, 15.92, 18.31, 0.38, 1.29, 2.422925709162452
No.46: 0.88, 6.57, 9.06, 9.90, 7.12, 14.64, 18.19, 8.02, 0.58, 1.32, 28.324901774401418
No.47: 0.85, 8.30, 1.47, 2.65, 8.20, 6.22, 19.65, 5.34, 1.12, 1.57, 1445209418.5811496
No.48: 1.17, 4.24, 4.34, 5.13, 9.39, 0.62, 14.34, 17.83, 0.16, 1.94, 3.3839818302173255
No.49: 0.94, 8.73, 5.59, 6.91, 4.53, 12.57, 5.81, 0.19, 1.20, 1.57, 11872344248.03617
No.50: 1.01, 9.24, 4.27, 2.48, 3.72, 18.64, 18.74, 16.89, 1.85, 2.80, 13737539584585.293
No.51: 1.09, 0.91, 0.32, 0.60, 0.01, 1.70, 5.39, 14.91, 1.24, 2.80, 0.07274815037371687
No.52: 1.00, 2.20, 0.58, 1.21, 0.98, 2.21, 3.96, 14.31, 1.12, 1.19, 0.035134391435420825
No.53: 0.95, 3.12, 0.81, 1.74, 0.81, 2.53, 3.37, 13.98, 1.07, 2.80, 0.18538924043550328
No.54: 1.03, 1.78, 0.48, 0.99, 0.93, 2.06, 4.27, 14.48, 1.15, 1.22, 0.026620378772256405
No.55: 1.05, 1.68, 0.46, 0.88, 1.23, 2.03, 4.55, 14.31, 1.18, 1.37, 0.03341726566486742
No.56: 0.98, 1.55, 0.79, 1.02, 0.87, 2.03, 4.18, 14.77, 1.08, 1.10, 0.03053567080003173
No.57: 1.06, 1.61, 0.15, 0.81, 0.65, 2.03, 3.99, 14.57, 1.19, 1.26, 0.028580338702213208
No.58: 1.02, 1.95, 0.12, 1.04, 0.97, 1.91, 4.31, 14.96, 1.17, 2.80, 0.025514129691711487
No.59: 1.06, 2.01, 0.37, 0.95, 0.82, 1.42, 4.17, 14.77, 1.22, 1.41, 0.02511688757583417
No.60: 1.01, 2.21, 0.38, 0.40, 0.87, 1.75, 4.23, 14.86, 0.90, 1.18, 0.02306862495796036
No.61: 0.96, 1.99, 0.13, 0.73, 0.99, 1.38, 4.14, 14.59, 0.64, 1.01, 0.03974516026545123
No.62: 1.06, 2.35, 0.56, 0.51, 0.65, 2.09, 4.31, 15.35, 1.13, 1.33, 0.03163364442067116
No.63: 1.05, 2.06, 0.44, 0.34, 1.33, 1.81, 3.89, 14.99, 1.11, 1.31, 0.03188835427773883
No.64: 1.05, 2.43, 0.02, 0.30, 0.67, 1.77, 4.59, 14.66, 1.09, 1.30, 0.026177688291436334
No.65: 0.98, 2.18, 0.81, 0.09, 0.50, 1.54, 4.31, 14.56, 1.07, 1.29, 0.028730450212692903
No.66: 1.04, 2.50, 0.64, 0.55, 1.06, 1.47, 4.76, 14.95, 1.05, 1.08, 0.029691509113128997
No.67: 1.04, 2.65, 0.19, 0.37, 0.43, 1.42, 3.93, 15.01, 1.04, 1.09, 0.046628984596616824
No.68: 0.99, 2.03, 0.39, 0.03, 0.86, 2.33, 4.62, 14.73, 0.78, 1.10, 0.03737483898190774
No.69: 1.03, 1.84, 0.31, 0.41, 0.73, 1.56, 4.57, 15.07, 1.01, 1.25, 0.035848183806331854
No.70: 1.03, 2.61, 0.55, 0.48, 0.97, 1.91, 4.29, 14.48, 1.00, 1.24, 0.03700313822521493
No.71: 0.99, 2.15, 0.37, 0.91, 0.62, 1.95, 4.22, 14.87, 0.81, 1.24, 0.034744365163031046
No.72: 0.99, 2.49, 0.01, 0.33, 1.24, 1.86, 4.48, 15.15, 0.98, 1.13, 0.026630439436051534
No.73: 1.00, 2.32, 0.21, 0.01, 1.11, 1.43, 4.40, 14.68, 0.97, 1.23, 0.029542091491463376
No.74: 1.00, 2.16, 0.02, 0.03, 0.77, 2.03, 4.00, 14.79, 0.96, 1.14, 0.02773426203124495
No.75: 1.02, 1.90, 0.72, 0.09, 0.54, 1.77, 3.54, 14.17, 0.96, 1.14, 0.028888204471619404
No.76: 1.02, 1.93, 0.68, 0.71, 0.58, 1.14, 3.61, 14.24, 0.95, 1.21, 0.02360360188975289
No.77: 1.02, 1.96, 0.65, 0.28, 1.06, 1.20, 3.67, 14.30, 0.95, 1.15, 0.025343782702780666
No.78: 1.02, 1.98, 0.63, 0.42, 0.69, 1.39, 3.72, 14.76, 0.94, 1.15, 0.023104384834733763
No.79: 1.02, 2.01, 0.60, 0.53, 0.75, 1.54, 3.98, 14.41, 0.94, 1.15, 0.022510417530032908
No.80: 1.03, 1.84, 0.79, 0.72, 0.94, 1.48, 3.59, 14.47, 0.97, 1.13, 0.02491132869705714
No.81: 1.03, 1.85, 0.77, 0.39, 0.58, 1.19, 4.13, 14.06, 0.97, 1.13, 0.02779074080628882
No.82: 1.02, 2.14, 0.75, 0.62, 0.89, 1.23, 3.99, 14.66, 0.96, 1.14, 0.023872527026512155
No.83: 1.02, 1.88, 0.74, 0.39, 0.85, 1.61, 4.04, 14.69, 0.96, 1.14, 0.030138733288971677
No.84: 1.02, 2.12, 0.48, 0.41, 0.63, 1.32, 3.72, 14.27, 0.96, 1.17, 0.023519996103803637
No.85: 1.02, 2.11, 0.71, 0.65, 0.64, 1.57, 3.75, 14.18, 0.96, 1.17, 0.026066165460105158
No.86: 1.02, 1.92, 0.50, 0.63, 0.65, 1.34, 3.77, 14.53, 0.95, 1.16, 0.022934639381526394
No.87: 1.02, 2.09, 0.51, 0.55, 0.84, 1.55, 3.79, 14.59, 0.95, 1.16, 0.023435213503472857
No.88: 1.02, 2.08, 0.52, 0.45, 0.67, 1.38, 4.15, 14.50, 0.95, 1.16, 0.02331879032747734
No.89: 1.02, 1.94, 0.53, 0.61, 0.83, 1.39, 3.92, 14.26, 0.95, 1.16, 0.02265415967429551
No.90: 1.02, 2.07, 0.67, 0.47, 0.69, 1.41, 3.84, 14.45, 0.95, 1.16, 0.02343412296520825
No.91: 1.02, 1.95, 0.54, 0.47, 0.69, 1.66, 4.10, 14.29, 0.95, 1.16, 0.024717105794481158
No.92: 1.02, 2.05, 0.65, 0.59, 0.81, 1.43, 4.09, 14.30, 0.95, 1.16, 0.023030376216152264
No.93: 1.02, 2.05, 0.55, 0.58, 0.71, 1.56, 4.08, 14.50, 0.95, 1.15, 0.02331425039540828
No.94: 1.02, 2.05, 0.56, 0.49, 0.80, 1.45, 3.94, 14.32, 0.93, 1.15, 0.02188121127155158
No.95: 1.02, 2.01, 0.52, 0.45, 0.83, 1.53, 3.86, 14.24, 0.92, 1.15, 0.02280274534445757
No.96: 1.02, 2.02, 0.53, 0.45, 0.83, 1.39, 3.99, 14.39, 0.94, 1.15, 0.022293099895263322
No.97: 1.02, 2.07, 0.53, 0.52, 0.83, 1.39, 3.87, 14.38, 0.92, 1.15, 0.022602095594895334
No.98: 1.02, 2.07, 0.53, 0.46, 0.77, 1.40, 4.00, 14.26, 0.93, 1.15, 0.02169566075060678
No.99: 1.02, 2.09, 0.51, 0.44, 0.75, 1.44, 4.01, 14.31, 0.92, 1.15, 0.022546841919348113
No.100: 1.02, 2.09, 0.55, 0.44, 0.79, 1.36, 3.95, 14.22, 0.93, 1.15, 0.02155539497687383
No.101: 1.02, 2.07, 0.57, 0.46, 0.77, 1.32, 3.91, 14.19, 0.93, 1.15, 0.02153438510733684
No.102: 1.02, 2.06, 0.55, 0.47, 0.76, 1.29, 3.95, 14.22, 0.93, 1.14, 0.021836875860610956
No.103: 1.02, 2.06, 0.56, 0.45, 0.76, 1.35, 3.95, 14.15, 0.93, 1.14, 0.021878488552493955
No.104: 1.02, 2.06, 0.58, 0.45, 0.76, 1.35, 3.88, 14.21, 0.92, 1.15, 0.022529496670361398
No.105: 1.02, 2.08, 0.56, 0.47, 0.78, 1.30, 3.89, 14.16, 0.93, 1.15, 0.02144118221221126
No.106: 1.02, 2.09, 0.57, 0.47, 0.79, 1.27, 3.91, 14.14, 0.93, 1.15, 0.021367892588001806
No.107: 1.02, 2.09, 0.56, 0.48, 0.80, 1.30, 3.93, 14.16, 0.93, 1.15, 0.021405582103992245
No.108: 1.02, 2.09, 0.58, 0.47, 0.80, 1.25, 3.90, 14.16, 0.93, 1.15, 0.021354804478737652
No.109: 1.02, 2.09, 0.58, 0.46, 0.80, 1.27, 3.88, 14.14, 0.93, 1.15, 0.021364200019976336
No.110: 1.02, 2.10, 0.58, 0.46, 0.79, 1.27, 3.91, 14.14, 0.93, 1.15, 0.021388613769183898
No.111: 1.02, 2.09, 0.57, 0.46, 0.80, 1.24, 3.91, 14.14, 0.93, 1.15, 0.02128195130445448
No.112: 1.02, 2.09, 0.57, 0.46, 0.81, 1.25, 3.91, 14.16, 0.93, 1.15, 0.021301176714451732
No.113: 1.02, 2.09, 0.57, 0.46, 0.80, 1.23, 3.90, 14.13, 0.93, 1.15, 0.02125708890787434
No.114: 1.02, 2.09, 0.57, 0.46, 0.80, 1.22, 3.89, 14.13, 0.93, 1.15, 0.02124353490476222
No.115: 1.02, 2.09, 0.57, 0.45, 0.80, 1.21, 3.88, 14.13, 0.93, 1.15, 0.021219154541405893
No.116: 1.02, 2.09, 0.57, 0.45, 0.80, 1.22, 3.88, 14.13, 0.93, 1.15, 0.02123642314948746
No.117: 1.02, 2.09, 0.57, 0.46, 0.80, 1.20, 3.88, 14.13, 0.93, 1.15, 0.02121331295399028
No.118: 1.02, 2.08, 0.57, 0.45, 0.80, 1.20, 3.88, 14.12, 0.93, 1.15, 0.021187671165743972
No.119: 1.02, 2.08, 0.57, 0.45, 0.80, 1.19, 3.89, 14.12, 0.93, 1.15, 0.02116919424905255
No.120: 1.02, 2.08, 0.57, 0.45, 0.80, 1.18, 3.88, 14.11, 0.93, 1.15, 0.021142586114859457
No.121: 1.02, 2.08, 0.57, 0.45, 0.80, 1.18, 3.88, 14.12, 0.93, 1.15, 0.021153427600655455
No.122: 1.02, 2.08, 0.57, 0.45, 0.80, 1.18, 3.88, 14.11, 0.93, 1.15, 0.021142586114859457
No.123: 1.02, 2.08, 0.57, 0.45, 0.80, 1.19, 3.88, 14.11, 0.93, 1.15, 0.021159656782583726
No.124: 1.02, 2.08, 0.57, 0.45, 0.80, 1.18, 3.89, 14.11, 0.93, 1.15, 0.021141166347141714
No.125: 1.02, 2.08, 0.57, 0.45, 0.80, 1.17, 3.88, 14.11, 0.93, 1.15, 0.02112556110418729
No.126: 1.02, 2.08, 0.57, 0.45, 0.80, 1.17, 3.88, 14.10, 0.93, 1.15, 0.0211147768675542
No.127: 1.02, 2.09, 0.57, 0.45, 0.80, 1.17, 3.88, 14.10, 0.93, 1.15, 0.0211189818344951
No.128: 1.02, 2.08, 0.57, 0.45, 0.80, 1.17, 3.88, 14.10, 0.93, 1.15, 0.0211147768675542
No.129: 1.02, 2.09, 0.57, 0.45, 0.80, 1.17, 3.88, 14.11, 0.93, 1.15, 0.021129471304906965
No.130: 1.02, 2.08, 0.57, 0.45, 0.80, 1.17, 3.88, 14.10, 0.93, 1.15, 0.0211147768675542
No.131: 1.02, 2.08, 0.57, 0.45, 0.80, 1.17, 3.88, 14.10, 0.93, 1.15, 0.0211147768675542
No.132: 1.02, 2.09, 0.57, 0.45, 0.80, 1.17, 3.88, 14.10, 0.93, 1.15, 0.0211189818344951
No.133: 1.02, 2.08, 0.57, 0.45, 0.80, 1.17, 3.88, 14.10, 0.93, 1.15, 0.0211147768675542
No.134: 1.02, 2.08, 0.57, 0.45, 0.80, 1.17, 3.88, 14.10, 0.93, 1.15, 0.0211147768675542
No.135: 1.02, 2.08, 0.57, 0.45, 0.80, 1.17, 3.88, 14.10, 0.93, 1.15, 0.0211147768675542
No.136: 1.02, 2.08, 0.57, 0.45, 0.80, 1.17, 3.88, 14.10, 0.93, 1.15, 0.0211147768675542
No.137: 1.02, 2.08, 0.57, 0.45, 0.80, 1.17, 3.88, 14.10, 0.93, 1.15, 0.0211147768675542
No.138: 1.02, 2.08, 0.57, 0.45, 0.80, 1.17, 3.88, 14.10, 0.93, 1.15, 0.0211147768675542
No.139: 1.02, 2.08, 0.57, 0.45, 0.80, 1.17, 3.88, 14.10, 0.93, 1.15, 0.0211147768675542
No.140: 1.02, 2.08, 0.57, 0.45, 0.80, 1.17, 3.88, 14.10, 0.93, 1.15, 0.0211147768675542
No.141: 1.02, 2.08, 0.57, 0.45, 0.80, 1.17, 3.88, 14.10, 0.93, 1.15, 0.0211147768675542
No.142: 1.02, 2.08, 0.57, 0.45, 0.80, 1.17, 3.88, 14.10, 0.93, 1.15, 0.0211147768675542
No.143: 1.02, 2.08, 0.57, 0.45, 0.80, 1.17, 3.88, 14.10, 0.93, 1.15, 0.0211147768675542
No.144: 1.02, 2.08, 0.57, 0.45, 0.80, 1.17, 3.88, 14.10, 0.93, 1.15, 0.0211147768675542
No.145: 1.02, 2.08, 0.57, 0.45, 0.80, 1.17, 3.88, 14.10, 0.93, 1.15, 0.0211147768675542
No.146: 1.02, 2.08, 0.57, 0.45, 0.80, 1.17, 3.88, 14.10, 0.93, 1.15, 0.0211147768675542
No.147: 1.02, 2.08, 0.57, 0.45, 0.80, 1.17, 3.88, 14.10, 0.93, 1.15, 0.0211147768675542
No.148: 1.02, 2.08, 0.57, 0.45, 0.80, 1.17, 3.88, 14.10, 0.93, 1.15, 0.0211147768675542
No.149: 1.02, 2.08, 0.57, 0.45, 0.80, 1.17, 3.88, 14.10, 0.93, 1.15, 0.0211147768675542
No.150: 1.02, 2.08, 0.57, 0.45, 0.80, 1.17, 3.88, 14.10, 0.93, 1.15, 0.0211147768675542
No.151: 1.02, 2.08, 0.57, 0.45, 0.80, 1.17, 3.88, 14.10, 0.93, 1.15, 0.0211147768675542
No.152: 1.02, 2.08, 0.57, 0.45, 0.80, 1.17, 3.88, 14.10, 0.93, 1.15, 0.0211147768675542
No.153: 1.02, 2.08, 0.57, 0.45, 0.80, 1.17, 3.88, 14.10, 0.93, 1.15, 0.0211147768675542
No.154: 1.02, 2.08, 0.57, 0.45, 0.80, 1.17, 3.88, 14.10, 0.93, 1.15, 0.0211147768675542
No.155: 1.02, 2.08, 0.57, 0.45, 0.80, 1.17, 3.88, 14.10, 0.93, 1.15, 0.0211147768675542
No.156: 1.02, 2.08, 0.57, 0.45, 0.80, 1.17, 3.88, 14.10, 0.93, 1.15, 0.0211147768675542
No.157: 1.02, 2.08, 0.57, 0.45, 0.80, 1.17, 3.88, 14.10, 0.93, 1.15, 0.0211147768675542
No.158: 1.02, 2.08, 0.57, 0.45, 0.80, 1.17, 3.88, 14.10, 0.93, 1.15, 0.0211147768675542
No.159: 1.02, 2.08, 0.57, 0.45, 0.80, 1.17, 3.88, 14.10, 0.93, 1.15, 0.0211147768675542
No.160: 1.02, 2.08, 0.57, 0.45, 0.80, 1.17, 3.88, 14.10, 0.93, 1.15, 0.0211147768675542
No.161: 1.02, 2.08, 0.57, 0.45, 0.80, 1.17, 3.88, 14.10, 0.93, 1.15, 0.0211147768675542
No.162: 1.02, 2.08, 0.57, 0.45, 0.80, 1.17, 3.88, 14.10, 0.93, 1.15, 0.0211147768675542
No.163: 1.02, 2.08, 0.57, 0.45, 0.80, 1.17, 3.88, 14.10, 0.93, 1.15, 0.0211147768675542
No.164: 1.02, 2.08, 0.57, 0.45, 0.80, 1.17, 3.88, 14.10, 0.93, 1.15, 0.0211147768675542
No.165: 1.02, 2.08, 0.57, 0.45, 0.80, 1.17, 3.88, 14.10, 0.93, 1.15, 0.0211147768675542
No.166: 1.02, 2.08, 0.57, 0.45, 0.80, 1.17, 3.88, 14.10, 0.93, 1.15, 0.0211147768675542
No.167: 1.02, 2.08, 0.57, 0.45, 0.80, 1.17, 3.88, 14.10, 0.93, 1.15, 0.0211147768675542
No.168: 1.02, 2.08, 0.57, 0.45, 0.80, 1.17, 3.88, 14.10, 0.93, 1.15, 0.0211147768675542
No.169: 1.02, 2.08, 0.57, 0.45, 0.80, 1.17, 3.88, 14.10, 0.93, 1.15, 0.0211147768675542
No.170: 1.02, 2.08, 0.57, 0.45, 0.80, 1.17, 3.88, 14.10, 0.93, 1.15, 0.0211147768675542
No.171: 1.02, 2.08, 0.57, 0.45, 0.80, 1.17, 3.88, 14.10, 0.93, 1.15, 0.0211147768675542
No.172: 1.02, 2.08, 0.57, 0.45, 0.80, 1.17, 3.88, 14.10, 0.93, 1.15, 0.0211147768675542
No.173: 1.02, 2.08, 0.57, 0.45, 0.80, 1.17, 3.88, 14.10, 0.93, 1.15, 0.0211147768675542
No.174: 1.02, 2.08, 0.57, 0.45, 0.80, 1.17, 3.88, 14.10, 0.93, 1.15, 0.0211147768675542
No.175: 1.02, 2.08, 0.57, 0.45, 0.80, 1.17, 3.88, 14.10, 0.93, 1.15, 0.0211147768675542
No.176: 1.02, 2.08, 0.57, 0.45, 0.80, 1.17, 3.88, 14.10, 0.93, 1.15, 0.0211147768675542
No.177: 1.02, 2.08, 0.57, 0.45, 0.80, 1.17, 3.88, 14.10, 0.93, 1.15, 0.0211147768675542
No.178: 1.02, 2.08, 0.57, 0.45, 0.80, 1.17, 3.88, 14.10, 0.93, 1.15, 0.0211147768675542
No.179: 1.02, 2.08, 0.57, 0.45, 0.80, 1.17, 3.88, 14.10, 0.93, 1.15, 0.0211147768675542
No.180: 1.02, 2.08, 0.57, 0.45, 0.80, 1.17, 3.88, 14.10, 0.93, 1.15, 0.0211147768675542
No.181: 1.02, 2.08, 0.57, 0.45, 0.80, 1.17, 3.88, 14.10, 0.93, 1.15, 0.0211147768675542
No.182: 1.02, 2.08, 0.57, 0.45, 0.80, 1.17, 3.88, 14.10, 0.93, 1.15, 0.0211147768675542
No.183: 1.02, 2.08, 0.57, 0.45, 0.80, 1.17, 3.88, 14.10, 0.93, 1.15, 0.0211147768675542
No.184: 1.02, 2.08, 0.57, 0.45, 0.80, 1.17, 3.88, 14.10, 0.93, 1.15, 0.0211147768675542
No.185: 1.02, 2.08, 0.57, 0.45, 0.80, 1.17, 3.88, 14.10, 0.93, 1.15, 0.0211147768675542
No.186: 1.02, 2.08, 0.57, 0.45, 0.80, 1.17, 3.88, 14.10, 0.93, 1.15, 0.0211147768675542
No.187: 1.02, 2.08, 0.57, 0.45, 0.80, 1.17, 3.88, 14.10, 0.93, 1.15, 0.0211147768675542
No.188: 1.02, 2.08, 0.57, 0.45, 0.80, 1.17, 3.88, 14.10, 0.93, 1.15, 0.0211147768675542
No.189: 1.02, 2.08, 0.57, 0.45, 0.80, 1.17, 3.88, 14.10, 0.93, 1.15, 0.0211147768675542
No.190: 1.02, 2.08, 0.57, 0.45, 0.80, 1.17, 3.88, 14.10, 0.93, 1.15, 0.0211147768675542
No.191: 1.02, 2.08, 0.57, 0.45, 0.80, 1.17, 3.88, 14.10, 0.93, 1.15, 0.0211147768675542
No.192: 1.02, 2.08, 0.57, 0.45, 0.80, 1.17, 3.88, 14.10, 0.93, 1.15, 0.0211147768675542
No.193: 1.02, 2.08, 0.57, 0.45, 0.80, 1.17, 3.88, 14.10, 0.93, 1.15, 0.0211147768675542
No.194: 1.02, 2.08, 0.57, 0.45, 0.80, 1.17, 3.88, 14.10, 0.93, 1.15, 0.0211147768675542
No.195: 1.02, 2.08, 0.57, 0.45, 0.80, 1.17, 3.88, 14.10, 0.93, 1.15, 0.0211147768675542
No.196: 1.02, 2.08, 0.57, 0.45, 0.80, 1.17, 3.88, 14.10, 0.93, 1.15, 0.0211147768675542
No.197: 1.02, 2.08, 0.57, 0.45, 0.80, 1.17, 3.88, 14.10, 0.93, 1.15, 0.0211147768675542
No.198: 1.02, 2.08, 0.57, 0.45, 0.80, 1.17, 3.88, 14.10, 0.93, 1.15, 0.0211147768675542
No.199: 1.02, 2.08, 0.57, 0.45, 0.80, 1.17, 3.88, 14.10, 0.93, 1.15, 0.0211147768675542
No.200: 1.02, 2.08, 0.57, 0.45, 0.80, 1.17, 3.88, 14.10, 0.93, 1.15, 0.0211147768675542
No.201: 1.02, 2.08, 0.57, 0.45, 0.80, 1.17, 3.88, 14.10, 0.93, 1.15, 0.0211147768675542
No.202: 1.02, 2.08, 0.57, 0.45, 0.80, 1.17, 3.88, 14.10, 0.93, 1.15, 0.0211147768675542
No.203: 1.02, 2.08, 0.57, 0.45, 0.80, 1.17, 3.88, 14.10, 0.93, 1.15, 0.0211147768675542
No.204: 1.02, 2.08, 0.57, 0.45, 0.80, 1.17, 3.88, 14.10, 0.93, 1.15, 0.0211147768675542
No.205: 1.02, 2.08, 0.57, 0.45, 0.80, 1.17, 3.88, 14.10, 0.93, 1.15, 0.0211147768675542
No.206: 1.02, 2.08, 0.57, 0.45, 0.80, 1.17, 3.88, 14.10, 0.93, 1.15, 0.0211147768675542
No.207: 1.02, 2.08, 0.57, 0.45, 0.80, 1.17, 3.88, 14.10, 0.93, 1.15, 0.0211147768675542
No.208: 1.02, 2.08, 0.57, 0.45, 0.80, 1.17, 3.88, 14.10, 0.93, 1.15, 0.0211147768675542
No.209: 1.02, 2.08, 0.57, 0.45, 0.80, 1.17, 3.88, 14.10, 0.93, 1.15, 0.0211147768675542
No.210: 1.02, 2.08, 0.57, 0.45, 0.80, 1.17, 3.88, 14.10, 0.93, 1.15, 0.0211147768675542
No.211: 1.02, 2.08, 0.57, 0.45, 0.80, 1.17, 3.88, 14.10, 0.93, 1.15, 0.0211147768675542
No.212: 1.02, 2.08, 0.57, 0.45, 0.80, 1.17, 3.88, 14.10, 0.93, 1.15, 0.0211147768675542
No.213: 1.02, 2.08, 0.57, 0.45, 0.80, 1.17, 3.88, 14.10, 0.93, 1.15, 0.0211147768675542
No.214: 1.02, 2.08, 0.57, 0.45, 0.80, 1.17, 3.88, 14.10, 0.93, 1.15, 0.0211147768675542
No.215: 1.02, 2.08, 0.57, 0.45, 0.80, 1.17, 3.88, 14.10, 0.93, 1.15, 0.0211147768675542
No.216: 1.02, 2.08, 0.57, 0.45, 0.80, 1.17, 3.88, 14.10, 0.93, 1.15, 0.0211147768675542
No.217: 1.02, 2.08, 0.57, 0.45, 0.80, 1.17, 3.88, 14.10, 0.93, 1.15, 0.0211147768675542
No.218: 1.02, 2.08, 0.57, 0.45, 0.80, 1.17, 3.88, 14.10, 0.93, 1.15, 0.0211147768675542
No.219: 1.02, 2.08, 0.57, 0.45, 0.80, 1.17, 3.88, 14.10, 0.93, 1.15, 0.0211147768675542
No.220: 1.02, 2.08, 0.57, 0.45, 0.80, 1.17, 3.88, 14.10, 0.93, 1.15, 0.0211147768675542
No.221: 1.02, 2.08, 0.57, 0.45, 0.80, 1.17, 3.88, 14.10, 0.93, 1.15, 0.0211147768675542
No.222: 1.02, 2.08, 0.57, 0.45, 0.80, 1.17, 3.88, 14.10, 0.93, 1.15, 0.0211147768675542
No.223: 1.02, 2.08, 0.57, 0.45, 0.80, 1.17, 3.88, 14.10, 0.93, 1.15, 0.0211147768675542
No.224: 1.02, 2.08, 0.57, 0.45, 0.80, 1.17, 3.88, 14.10, 0.93, 1.15, 0.0211147768675542
No.225: 1.02, 2.08, 0.57, 0.45, 0.80, 1.17, 3.88, 14.10, 0.93, 1.15, 0.0211147768675542
No.226: 1.02, 2.08, 0.57, 0.45, 0.80, 1.17, 3.88, 14.10, 0.93, 1.15, 0.0211147768675542
No.227: 1.02, 2.08, 0.57, 0.45, 0.80, 1.17, 3.88, 14.10, 0.93, 1.15, 0.0211147768675542
No.228: 1.02, 2.08, 0.57, 0.45, 0.80, 1.17, 3.88, 14.10, 0.93, 1.15, 0.0211147768675542
No.229: 1.02, 2.08, 0.57, 0.45, 0.80, 1.17, 3.88, 14.10, 0.93, 1.15, 0.0211147768675542
No.230: 1.02, 2.08, 0.57, 0.45, 0.80, 1.17, 3.88, 14.10, 0.93, 1.15, 0.0211147768675542
No.231: 1.02, 2.08, 0.57, 0.45, 0.80, 1.17, 3.88, 14.10, 0.93, 1.15, 0.0211147768675542
No.232: 1.02, 2.08, 0.57, 0.45, 0.80, 1.17, 3.88, 14.10, 0.93, 1.15, 0.0211147768675542
No.233: 1.02, 2.08, 0.57, 0.45, 0.80, 1.17, 3.88, 14.10, 0.93, 1.15, 0.0211147768675542
No.234: 1.02, 2.08, 0.57, 0.45, 0.80, 1.17, 3.88, 14.10, 0.93, 1.15, 0.0211147768675542
No.235: 1.02, 2.08, 0.57, 0.45, 0.80, 1.17, 3.88, 14.10, 0.93, 1.15, 0.0211147768675542
No.236: 1.02, 2.08, 0.57, 0.45, 0.80, 1.17, 3.88, 14.10, 0.93, 1.15, 0.0211147768675542
No.237: 1.02, 2.08, 0.57, 0.45, 0.80, 1.17, 3.88, 14.10, 0.93, 1.15, 0.0211147768675542
No.238: 1.02, 2.08, 0.57, 0.45, 0.80, 1.17, 3.88, 14.10, 0.93, 1.15, 0.0211147768675542
No.239: 1.02, 2.08, 0.57, 0.45, 0.80, 1.17, 3.88, 14.10, 0.93, 1.15, 0.0211147768675542
No.240: 1.02, 2.08, 0.57, 0.45, 0.80, 1.17, 3.88, 14.10, 0.93, 1.15, 0.0211147768675542
No.241: 1.02, 2.08, 0.57, 0.45, 0.80, 1.17, 3.88, 14.10, 0.93, 1.15, 0.0211147768675542
No.242: 1.02, 2.08, 0.57, 0.45, 0.80, 1.17, 3.88, 14.10, 0.93, 1.15, 0.0211147768675542
No.243: 1.02, 2.08, 0.57, 0.45, 0.80, 1.17, 3.88, 14.10, 0.93, 1.15, 0.0211147768675542
No.244: 1.02, 2.08, 0.57, 0.45, 0.80, 1.17, 3.88, 14.10, 0.93, 1.15, 0.0211147768675542
No.245: 1.02, 2.08, 0.57, 0.45, 0.80, 1.17, 3.88, 14.10, 0.93, 1.15, 0.0211147768675542
No.246: 1.02, 2.08, 0.57, 0.45, 0.80, 1.17, 3.88, 14.10, 0.93, 1.15, 0.0211147768675542
No.247: 1.02, 2.08, 0.57, 0.45, 0.80, 1.17, 3.88, 14.10, 0.93, 1.15, 0.0211147768675542
No.248: 1.02, 2.08, 0.57, 0.45, 0.80, 1.17, 3.88, 14.10, 0.93, 1.15, 0.0211147768675542
No.249: 1.02, 2.08, 0.57, 0.45, 0.80, 1.17, 3.88, 14.10, 0.93, 1.15, 0.0211147768675542
No.250: 1.02, 2.08, 0.57, 0.45, 0.80, 1.17, 3.88, 14.10, 0.93, 1.15, 0.0211147768675542
No.251: 1.02, 2.08, 0.57, 0.45, 0.80, 1.17, 3.88, 14.10, 0.93, 1.15, 0.0211147768675542
No.252: 1.02, 2.08, 0.57, 0.45, 0.80, 1.17, 3.88, 14.10, 0.93, 1.15, 0.0211147768675542
No.253: 1.02, 2.08, 0.57, 0.45, 0.80, 1.17, 3.88, 14.10, 0.93, 1.15, 0.0211147768675542
No.254: 1.02, 2.08, 0.57, 0.45, 0.80, 1.17, 3.88, 14.10, 0.93, 1.15, 0.0211147768675542
No.255: 1.02, 2.08, 0.57, 0.45, 0.80, 1.17, 3.88, 14.10, 0.93, 1.15, 0.0211147768675542
No.256: 1.02, 2.08, 0.57, 0.45, 0.80, 1.17, 3.88, 14.10, 0.93, 1.15, 0.0211147768675542
No.257: 1.02, 2.08, 0.57, 0.45, 0.80, 1.17, 3.88, 14.10, 0.93, 1.15, 0.0211147768675542
No.258: 1.02, 2.08, 0.57, 0.45, 0.80, 1.17, 3.88, 14.10, 0.93, 1.15, 0.0211147768675542
No.259: 1.02, 2.08, 0.57, 0.45, 0.80, 1.17, 3.88, 14.10, 0.93, 1.15, 0.0211147768675542
No.260: 1.02, 2.08, 0.57, 0.45, 0.80, 1.17, 3.88, 14.10, 0.93, 1.15, 0.0211147768675542
No.261: 1.02, 2.08, 0.57, 0.45, 0.80, 1.17, 3.88, 14.10, 0.93, 1.15, 0.0211147768675542
No.262: 1.02, 2.08, 0.57, 0.45, 0.80, 1.17, 3.88, 14.10, 0.93, 1.15, 0.0211147768675542
No.263: 1.02, 2.08, 0.57, 0.45, 0.80, 1.17, 3.88, 14.10, 0.93, 1.15, 0.0211147768675542
No.264: 1.02, 2.08, 0.57, 0.45, 0.80, 1.17, 3.88, 14.10, 0.93, 1.15, 0.0211147768675542
No.265: 1.02, 2.08, 0.57, 0.45, 0.80, 1.17, 3.88, 14.10, 0.93, 1.15, 0.0211147768675542
No.266: 1.02, 2.08, 0.57, 0.45, 0.80, 1.17, 3.88, 14.10, 0.93, 1.15, 0.0211147768675542
No.267: 1.02, 2.08, 0.57, 0.45, 0.80, 1.17, 3.88, 14.10, 0.93, 1.15, 0.0211147768675542
No.268: 1.02, 2.08, 0.57, 0.45, 0.80, 1.17, 3.88, 14.10, 0.93, 1.15, 0.0211147768675542
No.269: 1.02, 2.08, 0.57, 0.45, 0.80, 1.17, 3.88, 14.10, 0.93, 1.15, 0.0211147768675542
No.270: 1.02, 2.08, 0.57, 0.45, 0.80, 1.17, 3.88, 14.10, 0.93, 1.15, 0.0211147768675542
No.271: 1.02, 2.08, 0.57, 0.45, 0.80, 1.17, 3.88, 14.10, 0.93, 1.15, 0.0211147768675542
No.272: 1.02, 2.08, 0.57, 0.45, 0.80, 1.17, 3.88, 14.10, 0.93, 1.15, 0.0211147768675542
No.273: 1.02, 2.08, 0.57, 0.45, 0.80, 1.17, 3.88, 14.10, 0.93, 1.15, 0.0211147768675542
No.274: 1.02, 2.08, 0.57, 0.45, 0.80, 1.17, 3.88, 14.10, 0.93, 1.15, 0.0211147768675542
No.275: 1.02, 2.08, 0.57, 0.45, 0.80, 1.17, 3.88, 14.10, 0.93, 1.15, 0.0211147768675542
No.276: 1.02, 2.08, 0.57, 0.45, 0.80, 1.17, 3.88, 14.10, 0.93, 1.15, 0.0211147768675542
No.277: 1.02, 2.08, 0.57, 0.45, 0.80, 1.17, 3.88, 14.10, 0.93, 1.15, 0.0211147768675542
No.278: 1.02, 2.08, 0.57, 0.45, 0.80, 1.17, 3.88, 14.10, 0.93, 1.15, 0.0211147768675542
No.279: 1.02, 2.08, 0.57, 0.45, 0.80, 1.17, 3.88, 14.10, 0.93, 1.15, 0.0211147768675542
No.280: 1.02, 2.08, 0.57, 0.45, 0.80, 1.17, 3.88, 14.10, 0.93, 1.15, 0.0211147768675542
No.281: 1.02, 2.08, 0.57, 0.45, 0.80, 1.17, 3.88, 14.10, 0.93, 1.15, 0.0211147768675542
No.282: 1.02, 2.08, 0.57, 0.45, 0.80, 1.17, 3.88, 14.10, 0.93, 1.15, 0.0211147768675542
No.283: 1.02, 2.08, 0.57, 0.45, 0.80, 1.17, 3.88, 14.10, 0.93, 1.15, 0.0211147768675542
No.284: 1.02, 2.08, 0.57, 0.45, 0.80, 1.17, 3.88, 14.10, 0.93, 1.15, 0.0211147768675542
No.285: 1.02, 2.08, 0.57, 0.45, 0.80, 1.17, 3.88, 14.10, 0.93, 1.15, 0.0211147768675542
No.286: 1.02, 2.08, 0.57, 0.45, 0.80, 1.17, 3.88, 14.10, 0.93, 1.15, 0.0211147768675542
No.287: 1.02, 2.08, 0.57, 0.45, 0.80, 1.17, 3.88, 14.10, 0.93, 1.15, 0.0211147768675542
No.288: 1.02, 2.08, 0.57, 0.45, 0.80, 1.17, 3.88, 14.10, 0.93, 1.15, 0.0211147768675542
No.289: 1.02, 2.08, 0.57, 0.45, 0.80, 1.17, 3.88, 14.10, 0.93, 1.15, 0.0211147768675542
No.290: 1.02, 2.08, 0.57, 0.45, 0.80, 1.17, 3.88, 14.10, 0.93, 1.15, 0.0211147768675542
No.291: 1.02, 2.08, 0.57, 0.45, 0.80, 1.17, 3.88, 14.10, 0.93, 1.15, 0.0211147768675542
No.292: 1.02, 2.08, 0.57, 0.45, 0.80, 1.17, 3.88, 14.10, 0.93, 1.15, 0.0211147768675542
No.293: 1.02, 2.08, 0.57, 0.45, 0.80, 1.17, 3.88, 14.10, 0.93, 1.15, 0.0211147768675542
No.294: 1.02, 2.08, 0.57, 0.45, 0.80, 1.17, 3.88, 14.10, 0.93, 1.15, 0.0211147768675542
No.295: 1.02, 2.08, 0.57, 0.45, 0.80, 1.17, 3.88, 14.10, 0.93, 1.15, 0.0211147768675542
No.296: 1.02, 2.08, 0.57, 0.45, 0.80, 1.17, 3.88, 14.10, 0.93, 1.15, 0.0211147768675542
No.297: 1.02, 2.08, 0.57, 0.45, 0.80, 1.17, 3.88, 14.10, 0.93, 1.15, 0.0211147768675542
No.298: 1.02, 2.08, 0.57, 0.45, 0.80, 1.17, 3.88, 14.10, 0.93, 1.15, 0.0211147768675542
No.299: 1.02, 2.08, 0.57, 0.45, 0.80, 1.17, 3.88, 14.10, 0.93, 1.15, 0.0211147768675542
No.300: 1.02, 2.08, 0.57, 0.45, 0.80, 1.17, 3.88, 14.10, 0.93, 1.15, 0.0211147768675542
No.301: 1.02, 2.08, 0.57, 0.45, 0.80, 1.17, 3.88, 14.10, 0.93, 1.15, 0.0211147768675542
No.302: 1.02, 2.08, 0.57, 0.45, 0.80, 1.17, 3.88, 14.10, 0.93, 1.15, 0.0211147768675542
No.303: 1.02, 2.08, 0.57, 0.45, 0.80, 1.17, 3.88, 14.10, 0.93, 1.15, 0.0211147768675542
No.304: 1.02, 2.08, 0.57, 0.45, 0.80, 1.17, 3.88, 14.10, 0.93, 1.15, 0.0211147768675542
No.305: 1.02, 2.08, 0.57, 0.45, 0.80, 1.17, 3.88, 14.10, 0.93, 1.15, 0.0211147768675542
No.306: 1.02, 2.08, 0.57, 0.45, 0.80, 1.17, 3.88, 14.10, 0.93, 1.15, 0.0211147768675542
No.307: 1.02, 2.08, 0.57, 0.45, 0.80, 1.17, 3.88, 14.10, 0.93, 1.15, 0.0211147768675542
No.308: 1.02, 2.08, 0.57, 0.45, 0.80, 1.17, 3.88, 14.10, 0.93, 1.15, 0.0211147768675542
No.309: 1.02, 2.08, 0.57, 0.45, 0.80, 1.17, 3.88, 14.10, 0.93, 1.15, 0.0211147768675542
No.310: 1.02, 2.08, 0.57, 0.45, 0.80, 1.17, 3.88, 14.10, 0.93, 1.15, 0.0211147768675542
No.311: 1.02, 2.08, 0.57, 0.45, 0.80, 1.17, 3.88, 14.10, 0.93, 1.15, 0.0211147768675542
No.312: 1.02, 2.08, 0.57, 0.45, 0.80, 1.17, 3.88, 14.10, 0.93, 1.15, 0.0211147768675542
No.313: 1.02, 2.08, 0.57, 0.45, 0.80, 1.17, 3.88, 14.10, 0.93, 1.15, 0.0211147768675542
No.314: 1.02, 2.08, 0.57, 0.45, 0.80, 1.17, 3.88, 14.10, 0.93, 1.15, 0.0211147768675542
No.315: 1.02, 2.08, 0.57, 0.45, 0.80, 1.17, 3.88, 14.10, 0.93, 1.15, 0.0211147768675542
No.316: 1.02, 2.08, 0.57, 0.45, 0.80, 1.17, 3.88, 14.10, 0.93, 1.15, 0.0211147768675542
No.317: 1.02, 2.08, 0.57, 0.45, 0.80, 1.17, 3.88, 14.10, 0.93, 1.15, 0.0211147768675542
No.318: 1.02, 2.08, 0.57, 0.45, 0.80, 1.17, 3.88, 14.10, 0.93, 1.15, 0.0211147768675542
No.319: 1.02, 2.08, 0.57, 0.45, 0.80, 1.17, 3.88, 14.10, 0.93, 1.15, 0.0211147768675542
No.320: 1.02, 2.08, 0.57, 0.45, 0.80, 1.17, 3.88, 14.10, 0.93, 1.15, 0.0211147768675542
No.321: 1.02, 2.08, 0.57, 0.45, 0.80, 1.17, 3.88, 14.10, 0.93, 1.15, 0.0211147768675542
No.322: 1.02, 2.08, 0.57, 0.45, 0.80, 1.17, 3.88, 14.10, 0.93, 1.15, 0.0211147768675542
No.323: 1.02, 2.08, 0.57, 0.45, 0.80, 1.17, 3.88, 14.10, 0.93, 1.15, 0.0211147768675542
No.324: 1.02, 2.08, 0.57, 0.45, 0.80, 1.17, 3.88, 14.10, 0.93, 1.15, 0.0211147768675542
No.325: 1.02, 2.08, 0.57, 0.45, 0.80, 1.17, 3.88, 14.10, 0.93, 1.15, 0.0211147768675542
No.326: 1.02, 2.08, 0.57, 0.45, 0.80, 1.17, 3.88, 14.10, 0.93, 1.15, 0.0211147768675542
No.327: 1.02, 2.08, 0.57, 0.45, 0.80, 1.17, 3.88, 14.10, 0.93, 1.15, 0.0211147768675542
No.328: 1.02, 2.08, 0.57, 0.45, 0.80, 1.17, 3.88, 14.10, 0.93, 1.15, 0.0211147768675542
No.329: 1.02, 2.08, 0.57, 0.45, 0.80, 1.17, 3.88, 14.10, 0.93, 1.15, 0.0211147768675542
No.330: 1.02, 2.08, 0.57, 0.45, 0.80, 1.17, 3.88, 14.10, 0.93, 1.15, 0.0211147768675542
No.331: 1.02, 2.08, 0.57, 0.45, 0.80, 1.17, 3.88, 14.10, 0.93, 1.15, 0.0211147768675542
No.332: 1.02, 2.08, 0.57, 0.45, 0.80, 1.17, 3.88, 14.10, 0.93, 1.15, 0.0211147768675542
No.333: 1.02, 2.08, 0.57, 0.45, 0.80, 1.17, 3.88, 14.10, 0.93, 1.15, 0.0211147768675542
No.334: 1.02, 2.08, 0.57, 0.45, 0.80, 1.17, 3.88, 14.10, 0.93, 1.15, 0.0211147768675542
No.335: 1.02, 2.08, 0.57, 0.45, 0.80, 1.17, 3.88, 14.10, 0.93, 1.15, 0.0211147768675542
No.336: 1.02, 2.08, 0.57, 0.45, 0.80, 1.17, 3.88, 14.10, 0.93, 1.15, 0.0211147768675542
No.337: 1.02, 2.08, 0.57, 0.45, 0.80, 1.17, 3.88, 14.10, 0.93, 1.15, 0.0211147768675542
No.338: 1.02, 2.08, 0.57, 0.45, 0.80, 1.17, 3.88, 14.10, 0.93, 1.15, 0.0211147768675542
No.339: 1.02, 2.08, 0.57, 0.45, 0.80, 1.17, 3.88, 14.10, 0.93, 1.15, 0.0211147768675542
No.340: 1.02, 2.08, 0.57, 0.45, 0.80, 1.17, 3.88, 14.10, 0.93, 1.15, 0.0211147768675542
No.341: 1.02, 2.08, 0.57, 0.45, 0.80, 1.17, 3.88, 14.10, 0.93, 1.15, 0.0211147768675542
No.342: 1.02, 2.08, 0.57, 0.45, 0.80, 1.17, 3.88, 14.10, 0.93, 1.15, 0.0211147768675542
No.343: 1.02, 2.08, 0.57, 0.45, 0.80, 1.17, 3.88, 14.10, 0.93, 1.15, 0.0211147768675542
No.344: 1.02, 2.08, 0.57, 0.45, 0.80, 1.17, 3.88, 14.10, 0.93, 1.15, 0.0211147768675542
No.345: 1.02, 2.08, 0.57, 0.45, 0.80, 1.17, 3.88, 14.10, 0.93, 1.15, 0.0211147768675542
No.346: 1.02, 2.08, 0.57, 0.45, 0.80, 1.17, 3.88, 14.10, 0.93, 1.15, 0.0211147768675542
No.347: 1.02, 2.08, 0.57, 0.45, 0.80, 1.17, 3.88, 14.10, 0.93, 1.15, 0.0211147768675542
No.348: 1.02, 2.08, 0.57, 0.45, 0.80, 1.17, 3.88, 14.10, 0.93, 1.15, 0.0211147768675542
No.349: 1.02, 2.08, 0.57, 0.45, 0.80, 1.17, 3.88, 14.10, 0.93, 1.15, 0.0211147768675542
No.350: 1.02, 2.08, 0.57, 0.45, 0.80, 1.17, 3.88, 14.10, 0.93, 1.15, 0.0211147768675542
No.351: 1.02, 2.08, 0.57, 0.45, 0.80, 1.17, 3.88, 14.10, 0.93, 1.15, 0.0211147768675542
No.352: 1.02, 2.08, 0.57, 0.45, 0.80, 1.17, 3.88, 14.10, 0.93, 1.15, 0.0211147768675542
No.353: 1.02, 2.08, 0.57, 0.45, 0.80, 1.17, 3.88, 14.10, 0.93, 1.15, 0.0211147768675542
No.354: 1.02, 2.08, 0.57, 0.45, 0.80, 1.17, 3.88, 14.10, 0.93, 1.15, 0.0211147768675542
No.355: 1.02, 2.08, 0.57, 0.45, 0.80, 1.17, 3.88, 14.10, 0.93, 1.15, 0.0211147768675542
No.356: 1.02, 2.08, 0.57, 0.45, 0.80, 1.17, 3.88, 14.10, 0.93, 1.15, 0.0211147768675542
No.357: 1.02, 2.08, 0.57, 0.45, 0.80, 1.17, 3.88, 14.10, 0.93, 1.15, 0.0211147768675542
No.358: 1.02, 2.08, 0.57, 0.45, 0.80, 1.17, 3.88, 14.10, 0.93, 1.15, 0.0211147768675542
No.359: 1.02, 2.08, 0.57, 0.45, 0.80, 1.17, 3.88, 14.10, 0.93, 1.15, 0.0211147768675542
No.360: 1.02, 2.08, 0.57, 0.45, 0.80, 1.17, 3.88, 14.10, 0.93, 1.15, 0.0211147768675542
No.361: 1.02, 2.08, 0.57, 0.45, 0.80, 1.17, 3.88, 14.10, 0.93, 1.15, 0.0211147768675542
No.362: 1.02, 2.08, 0.57, 0.45, 0.80, 1.17, 3.88, 14.10, 0.93, 1.15, 0.0211147768675542
No.363: 1.02, 2.08, 0.57, 0.45, 0.80, 1.17, 3.88, 14.10, 0.93, 1.15, 0.0211147768675542
No.364: 1.02, 2.08, 0.57, 0.45, 0.80, 1.17, 3.88, 14.10, 0.93, 1.15, 0.0211147768675542
No.365: 1.02, 2.08, 0.57, 0.45, 0.80, 1.17, 3.88, 14.10, 0.93, 1.15, 0.0211147768675542
No.366: 1.02, 2.08, 0.57, 0.45, 0.80, 1.17, 3.88, 14.10, 0.93, 1.15, 0.0211147768675542
No.367: 1.02, 2.08, 0.57, 0.45, 0.80, 1.17, 3.88, 14.10, 0.93, 1.15, 0.0211147768675542
No.368: 1.02, 2.08, 0.57, 0.45, 0.80, 1.17, 3.88, 14.10, 0.93, 1.15, 0.0211147768675542
No.369: 1.02, 2.08, 0.57, 0.45, 0.80, 1.17, 3.88, 14.10, 0.93, 1.15, 0.0211147768675542
No.370: 1.02, 2.08, 0.57, 0.45, 0.80, 1.17, 3.88, 14.10, 0.93, 1.15, 0.0211147768675542
No.371: 1.02, 2.08, 0.57, 0.45, 0.80, 1.17, 3.88, 14.10, 0.93, 1.15, 0.0211147768675542
No.372: 1.02, 2.08, 0.57, 0.45, 0.80, 1.17, 3.88, 14.10, 0.93, 1.15, 0.0211147768675542
No.373: 1.02, 2.08, 0.57, 0.45, 0.80, 1.17, 3.88, 14.10, 0.93, 1.15, 0.0211147768675542
No.374: 1.02, 2.08, 0.57, 0.45, 0.80, 1.17, 3.88, 14.10, 0.93, 1.15, 0.0211147768675542
No.375: 1.02, 2.08, 0.57, 0.45, 0.80, 1.17, 3.88, 14.10, 0.93, 1.15, 0.0211147768675542
No.376: 1.02, 2.08, 0.57, 0.45, 0.80, 1.17, 3.88, 14.10, 0.93, 1.15, 0.0211147768675542
No.377: 1.02, 2.08, 0.57, 0.45, 0.80, 1.17, 3.88, 14.10, 0.93, 1.15, 0.0211147768675542
No.378: 1.02, 2.08, 0.57, 0.45, 0.80, 1.17, 3.88, 14.10, 0.93, 1.15, 0.0211147768675542
No.379: 1.02, 2.08, 0.57, 0.45, 0.80, 1.17, 3.88, 14.10, 0.93, 1.15, 0.0211147768675542
No.380: 1.02, 2.08, 0.57, 0.45, 0.80, 1.17, 3.88, 14.10, 0.93, 1.15, 0.0211147768675542
No.381: 1.02, 2.08, 0.57, 0.45, 0.80, 1.17, 3.88, 14.10, 0.93, 1.15, 0.0211147768675542
No.382: 1.02, 2.08, 0.57, 0.45, 0.80, 1.17, 3.88, 14.10, 0.93, 1.15, 0.0211147768675542
No.383: 1.02, 2.08, 0.57, 0.45, 0.80, 1.17, 3.88, 14.10, 0.93, 1.15, 0.0211147768675542
No.384: 1.02, 2.08, 0.57, 0.45, 0.80, 1.17, 3.88, 14.10, 0.93, 1.15, 0.0211147768675542
No.385: 1.02, 2.08, 0.57, 0.45, 0.80, 1.17, 3.88, 14.10, 0.93, 1.15, 0.0211147768675542
No.386: 1.02, 2.08, 0.57, 0.45, 0.80, 1.17, 3.88, 14.10, 0.93, 1.15, 0.0211147768675542
No.387: 1.02, 2.08, 0.57, 0.45, 0.80, 1.17, 3.88, 14.10, 0.93, 1.15, 0.0211147768675542
No.388: 1.02, 2.08, 0.57, 0.45, 0.80, 1.17, 3.88, 14.10, 0.93, 1.15, 0.0211147768675542
No.389: 1.02, 2.08, 0.57, 0.45, 0.80, 1.17, 3.88, 14.10, 0.93, 1.15, 0.0211147768675542
No.390: 1.02, 2.08, 0.57, 0.45, 0.80, 1.17, 3.88, 14.10, 0.93, 1.15, 0.0211147768675542
No.391: 1.02, 2.08, 0.57, 0.45, 0.80, 1.17, 3.88, 14.10, 0.93, 1.15, 0.0211147768675542
No.392: 1.02, 2.08, 0.57, 0.45, 0.80, 1.17, 3.88, 14.10, 0.93, 1.15, 0.0211147768675542
No.393: 1.02, 2.08, 0.57, 0.45, 0.80, 1.17, 3.88, 14.10, 0.93, 1.15, 0.0211147768675542
No.394: 1.02, 2.08, 0.57, 0.45, 0.80, 1.17, 3.88, 14.10, 0.93, 1.15, 0.0211147768675542
No.395: 1.02, 2.08, 0.57, 0.45, 0.80, 1.17, 3.88, 14.10, 0.93, 1.15, 0.0211147768675542
No.396: 1.02, 2.08, 0.57, 0.45, 0.80, 1.17, 3.88, 14.10, 0.93, 1.15, 0.0211147768675542
No.397: 1.02, 2.08, 0.57, 0.45, 0.80, 1.17, 3.88, 14.10, 0.93, 1.15, 0.0211147768675542
No.398: 1.02, 2.08, 0.57, 0.45, 0.80, 1.17, 3.88, 14.10, 0.93, 1.15, 0.0211147768675542
No.399: 1.02, 2.08, 0.57, 0.45, 0.80, 1.17, 3.88, 14.10, 0.93, 1.15, 0.0211147768675542
No.400: 1.02, 2.08, 0.57, 0.45, 0.80, 1.17, 3.88, 14.10, 0.93, 1.15, 0.0211147768675542
No.401: 1.02, 2.08, 0.57, 0.45, 0.80, 1.17, 3.88, 14.10, 0.93, 1.15, 0.0211147768675542
No.402: 1.02, 2.08, 0.57, 0.45, 0.80, 1.17, 3.88, 14.10, 0.93, 1.15, 0.0211147768675542
No.403: 1.02, 2.08, 0.57, 0.45, 0.80, 1.17, 3.88, 14.10, 0.93, 1.15, 0.0211147768675542
No.404: 1.02, 2.08, 0.57, 0.45, 0.80, 1.17, 3.88, 14.10, 0.93, 1.15, 0.0211147768675542
No.405: 1.02, 2.08, 0.57, 0.45, 0.80, 1.17, 3.88, 14.10, 0.93, 1.15, 0.0211147768675542
No.406: 1.02, 2.08, 0.57, 0.45, 0.80, 1.17, 3.88, 14.10, 0.93, 1.15, 0.0211147768675542
No.407: 1.02, 2.08, 0.57, 0.45, 0.80, 1.17, 3.88, 14.10, 0.93, 1.15, 0.0211147768675542
No.408: 1.02, 2.08, 0.57, 0.45, 0.80, 1.17, 3.88, 14.10, 0.93, 1.15, 0.0211147768675542
No.409: 1.02, 2.08, 0.57, 0.45, 0.80, 1.17, 3.88, 14.10, 0.93, 1.15, 0.0211147768675542
No.410: 1.02, 2.08, 0.57, 0.45, 0.80, 1.17, 3.88, 14.10, 0.93, 1.15, 0.0211147768675542
No.411: 1.02, 2.08, 0.57, 0.45, 0.80, 1.17, 3.88, 14.10, 0.93, 1.15, 0.0211147768675542
No.412: 1.02, 2.08, 0.57, 0.45, 0.80, 1.17, 3.88, 14.10, 0.93, 1.15, 0.0211147768675542
No.413: 1.02, 2.08, 0.57, 0.45, 0.80, 1.17, 3.88, 14.10, 0.93, 1.15, 0.0211147768675542
No.414: 1.02, 2.08, 0.57, 0.45, 0.80, 1.17, 3.88, 14.10, 0.93, 1.15, 0.0211147768675542
No.415: 1.02, 2.08, 0.57, 0.45, 0.80, 1.17, 3.88, 14.10, 0.93, 1.15, 0.0211147768675542
No.416: 1.02, 2.08, 0.57, 0.45, 0.80, 1.17, 3.88, 14.10, 0.93, 1.15, 0.0211147768675542
No.417: 1.02, 2.08, 0.57, 0.45, 0.80, 1.17, 3.88, 14.10, 0.93, 1.15, 0.0211147768675542
No.418: 1.02, 2.08, 0.57, 0.45, 0.80, 1.17, 3.88, 14.10, 0.93, 1.15, 0.0211147768675542
No.419: 1.02, 2.08, 0.57, 0.45, 0.80, 1.17, 3.88, 14.10, 0.93, 1.15, 0.0211147768675542
No.420: 1.02, 2.08, 0.57, 0.45, 0.80, 1.17, 3.88, 14.10, 0.93, 1.15, 0.0211147768675542
No.421: 1.02, 2.08, 0.57, 0.45, 0.80, 1.17, 3.88, 14.10, 0.93, 1.15, 0.0211147768675542
No.422: 1.02, 2.08, 0.57, 0.45, 0.80, 1.17, 3.88, 14.10, 0.93, 1.15, 0.0211147768675542
No.423: 1.02, 2.08, 0.57, 0.45, 0.80, 1.17, 3.88, 14.10, 0.93, 1.15, 0.0211147768675542
