#| No.|Asub | b0  | b1  | b2  | b3  | t1  | t2  | t3  |Cmin |Cmax | evalulate_value (min value is recommendation) |
#|iter| x0  | x1  | x2  | x3  | x4  | x5  | x6  | x7  | x8  | x9  | evalulate_value (min value is reccomendation) |
No.1: 1.05, 1.13, 1.00, 2.00, 1.00, 1.50, 8.11, 4.80, 2.00, 2.80, 0.07247712066743273
No.2: 1.11, 1.13, 1.00, 2.00, 1.00, 1.50, 8.11, 4.80, 2.00, 2.80, 0.06739413596612621
No.3: 1.05, 1.19, 1.00, 2.00, 1.00, 1.50, 8.11, 4.80, 2.00, 2.80, 0.07135375324510641
No.4: 1.05, 1.13, 1.05, 2.00, 1.00, 1.50, 8.11, 4.80, 2.00, 2.80, 0.07248163348284266
No.5: 1.05, 1.13, 1.00, 2.10, 1.00, 1.50, 8.11, 4.80, 2.00, 2.80, 0.07670825172545635
No.6: 1.05, 1.13, 1.00, 2.00, 1.05, 1.50, 8.11, 4.80, 2.00, 2.80, 0.07247721555110209
No.7: 1.05, 1.13, 1.00, 2.00, 1.00, 1.58, 8.11, 4.80, 2.00, 2.80, 0.07259363855911326
No.8: 1.05, 1.13, 1.00, 2.00, 1.00, 1.50, 8.51, 4.80, 2.00, 2.80, 0.06904005972348932
No.9: 1.05, 1.13, 1.00, 2.00, 1.00, 1.50, 8.11, 5.04, 2.00, 2.80, 0.07270160731046758
No.10: 1.05, 1.13, 1.00, 2.00, 1.00, 1.50, 8.11, 4.80, 2.00, 2.80, 0.07247712066743273
No.11: 1.05, 1.13, 1.00, 2.00, 1.00, 1.50, 8.11, 4.80, 2.00, 2.80, 0.07247712066743273
No.12: 1.07, 1.15, 1.02, 1.90, 1.02, 1.52, 8.19, 4.85, 2.00, 2.80, 0.06635170653798403
No.13: 1.07, 1.15, 1.02, 1.89, 1.02, 1.52, 8.19, 4.86, 2.00, 2.80, 0.06607450004277052
No.14: 1.07, 1.15, 1.02, 1.98, 1.02, 1.52, 8.20, 4.58, 2.00, 2.80, 0.06863343694620709
No.15: 1.07, 1.15, 1.02, 1.98, 1.02, 1.44, 8.22, 4.77, 2.00, 2.80, 0.06851012351288699
No.16: 1.07, 1.15, 0.96, 1.97, 1.02, 1.50, 8.25, 4.76, 2.00, 2.80, 0.0679706242414455
No.17: 1.08, 1.16, 1.00, 1.96, 0.97, 1.50, 8.28, 4.75, 2.00, 2.80, 0.06633729560884263
No.18: 1.08, 1.16, 1.00, 1.96, 1.01, 1.50, 8.31, 4.74, 2.00, 2.71, 0.06608454422914256
No.19: 1.09, 1.17, 1.00, 1.95, 1.01, 1.49, 8.35, 4.73, 1.95, 2.80, 0.06440409805248185
No.20: 1.09, 1.17, 1.00, 1.94, 1.01, 1.49, 8.38, 4.72, 1.93, 2.80, 0.06385681053669404
No.21: 1.09, 1.18, 1.00, 1.93, 1.01, 1.49, 8.40, 4.72, 2.00, 2.80, 0.06318348574764847
No.22: 1.10, 1.18, 1.00, 1.92, 1.01, 1.49, 8.43, 4.71, 2.00, 2.80, 0.061910529819318966
No.23: 1.10, 1.12, 1.00, 1.92, 1.01, 1.49, 8.47, 4.70, 2.00, 2.80, 0.06308165873841816
No.24: 1.11, 1.17, 1.00, 1.90, 1.01, 1.48, 8.06, 4.67, 2.00, 2.80, 0.0635986499962763
No.25: 1.11, 1.16, 0.99, 1.91, 1.00, 1.46, 8.34, 4.92, 2.00, 2.80, 0.0621510982088137
No.26: 1.11, 1.16, 0.98, 1.90, 0.99, 1.55, 8.34, 4.76, 2.00, 2.80, 0.06187810707948965
No.27: 1.12, 1.16, 0.97, 1.89, 0.99, 1.56, 8.35, 4.76, 2.00, 2.80, 0.06086620589922134
No.28: 1.12, 1.16, 1.04, 1.89, 0.98, 1.50, 8.33, 4.77, 2.00, 2.78, 0.060937188249589595
No.29: 1.09, 1.18, 1.00, 1.83, 1.00, 1.49, 8.52, 4.72, 2.00, 2.80, 0.05996130640552787
No.30: 1.08, 1.19, 1.00, 1.81, 0.99, 1.49, 8.56, 4.71, 2.00, 2.80, 0.059781575634150756
No.31: 1.12, 1.17, 1.00, 1.84, 1.04, 1.50, 8.41, 4.76, 1.99, 2.76, 0.05910444750037787
No.32: 1.12, 1.17, 1.00, 1.83, 1.05, 1.50, 8.42, 4.76, 1.99, 2.75, 0.05886847364725099
No.33: 1.12, 1.16, 1.00, 1.82, 1.01, 1.50, 8.40, 4.77, 1.97, 2.80, 0.059096805833264036
No.34: 1.15, 1.18, 0.99, 1.88, 1.00, 1.47, 8.55, 4.64, 1.99, 2.80, 0.05676906800877318
No.35: 1.16, 1.19, 0.99, 1.88, 0.99, 1.47, 8.59, 4.62, 1.98, 2.80, 0.055680243668085064
No.36: 1.14, 1.16, 1.00, 1.81, 1.00, 1.50, 8.42, 4.75, 2.00, 2.80, 0.057610912163768145
No.37: 1.12, 1.16, 1.00, 1.83, 1.00, 1.51, 8.81, 4.82, 1.99, 2.79, 0.057274324865636037
No.38: 1.14, 1.22, 0.99, 1.80, 0.99, 1.51, 8.46, 4.82, 1.99, 2.79, 0.05564935242212207
No.39: 1.14, 1.23, 0.99, 1.79, 0.99, 1.51, 8.46, 4.83, 1.99, 2.78, 0.055249755343813135
No.40: 1.14, 1.19, 1.01, 1.79, 1.00, 1.55, 8.62, 4.57, 2.00, 2.80, 0.05551350023496637
No.41: 1.15, 1.17, 1.00, 1.74, 0.99, 1.52, 8.56, 4.76, 1.98, 2.78, 0.05567549548852644
No.42: 1.14, 1.20, 0.95, 1.75, 1.02, 1.52, 8.70, 4.70, 2.00, 2.80, 0.05471418408830451
No.43: 1.14, 1.20, 0.95, 1.74, 1.02, 1.52, 8.74, 4.70, 2.00, 2.80, 0.054565168161311274
No.44: 1.15, 1.20, 1.01, 1.72, 1.02, 1.45, 8.77, 4.70, 2.00, 2.80, 0.05397891190892853
No.45: 1.15, 1.20, 1.02, 1.70, 1.02, 1.44, 8.81, 4.69, 2.00, 2.80, 0.053962746922242996
No.46: 1.19, 1.18, 0.99, 1.78, 1.02, 1.51, 8.60, 4.75, 1.96, 2.80, 0.05353406951183956
No.47: 1.20, 1.17, 0.99, 1.77, 1.02, 1.51, 8.60, 4.75, 1.95, 2.80, 0.05345304334107721
No.48: 1.17, 1.20, 0.98, 1.76, 1.01, 1.50, 8.81, 4.68, 2.00, 2.68, 0.05307971233510733
No.49: 1.17, 1.21, 0.98, 1.75, 1.01, 1.50, 8.85, 4.67, 2.00, 2.65, 0.05266457258691414
No.50: 1.18, 1.21, 0.98, 1.73, 0.96, 1.50, 8.87, 4.68, 2.00, 2.80, 0.05236708558123388
No.51: 1.19, 1.21, 0.98, 1.73, 0.96, 1.51, 8.91, 4.67, 2.00, 2.80, 0.05202563028065106
No.52: 1.17, 1.23, 0.98, 1.73, 1.00, 1.51, 8.97, 4.67, 1.89, 2.78, 0.05188322547511526
No.53: 1.18, 1.23, 0.98, 1.72, 1.00, 1.51, 9.03, 4.66, 1.87, 2.77, 0.05160279480624076
No.54: 1.20, 1.24, 0.98, 1.69, 1.01, 1.50, 8.63, 4.57, 1.97, 2.79, 0.05112656519356537
No.55: 1.21, 1.25, 0.98, 1.67, 1.01, 1.50, 8.61, 4.54, 1.97, 2.79, 0.05064480673708973
No.56: 1.18, 1.23, 0.99, 1.60, 1.01, 1.55, 8.84, 4.75, 1.98, 2.77, 0.053522155091203234
No.57: 1.18, 1.25, 0.97, 1.71, 1.02, 1.49, 8.93, 4.60, 1.98, 2.80, 0.050956576148034345
No.58: 1.21, 1.25, 0.95, 1.65, 1.01, 1.46, 8.93, 4.80, 1.96, 2.77, 0.051203950107958716
No.59: 1.22, 1.21, 0.96, 1.62, 1.03, 1.49, 9.19, 4.54, 1.97, 2.79, 0.05433069783721789
No.60: 1.24, 1.25, 1.01, 1.65, 1.00, 1.47, 9.00, 4.64, 1.94, 2.72, 0.050960833993376045
No.61: 1.16, 1.24, 1.01, 1.77, 0.99, 1.50, 8.51, 4.82, 1.97, 2.76, 0.053388465233652906
No.62: 1.23, 1.26, 0.95, 1.70, 0.98, 1.56, 8.84, 4.69, 1.94, 2.70, 0.04955955900783555
No.63: 1.24, 1.26, 0.95, 1.70, 0.98, 1.57, 8.84, 4.69, 1.94, 2.69, 0.04937056713804718
No.64: 1.22, 1.24, 0.97, 1.82, 0.99, 1.46, 8.80, 4.62, 1.95, 2.75, 0.04987631660831268
No.65: 1.20, 1.31, 0.97, 1.66, 0.97, 1.48, 9.08, 4.59, 1.98, 2.71, 0.048903412397370984
No.66: 1.20, 1.32, 0.97, 1.65, 0.96, 1.48, 9.13, 4.57, 1.98, 2.71, 0.048757606127034316
No.67: 1.25, 1.26, 0.94, 1.64, 1.00, 1.50, 9.29, 4.47, 1.96, 2.74, 0.0519275902606222
No.68: 1.25, 1.30, 0.96, 1.64, 0.97, 1.49, 9.05, 4.58, 1.88, 2.80, 0.04919548968909138
No.69: 1.25, 1.31, 0.96, 1.65, 1.04, 1.48, 9.01, 4.57, 1.87, 2.68, 0.04838579341057895
No.70: 1.26, 1.32, 0.96, 1.64, 1.04, 1.48, 9.02, 4.56, 1.85, 2.66, 0.048217161403096745
No.71: 1.19, 1.28, 1.00, 1.73, 1.00, 1.49, 8.57, 4.78, 1.91, 2.77, 0.050306598515393965
No.72: 1.26, 1.31, 0.96, 1.65, 0.99, 1.47, 8.75, 4.62, 2.00, 2.73, 0.04774296017597387
No.73: 1.27, 1.32, 0.96, 1.64, 0.99, 1.47, 8.73, 4.61, 2.00, 2.73, 0.04740095361277142
No.74: 1.24, 1.31, 0.99, 1.72, 0.98, 1.52, 8.80, 4.44, 1.92, 2.73, 0.04715170828496126
No.75: 1.24, 1.31, 1.00, 1.73, 0.98, 1.52, 8.79, 4.40, 1.92, 2.72, 0.047067051531571376
No.76: 1.21, 1.32, 0.93, 1.74, 0.99, 1.52, 8.69, 4.55, 1.94, 2.77, 0.04788690892906338
No.77: 1.27, 1.33, 0.96, 1.68, 0.96, 1.50, 8.71, 4.58, 1.88, 2.69, 0.046310611177885784
No.78: 1.28, 1.34, 0.96, 1.68, 0.96, 1.50, 8.69, 4.57, 1.88, 2.68, 0.045774968993190425
No.79: 1.26, 1.35, 0.95, 1.73, 0.96, 1.50, 9.05, 4.64, 1.88, 2.67, 0.045436051629851155
No.80: 1.27, 1.36, 0.95, 1.73, 0.96, 1.50, 9.10, 4.65, 1.87, 2.66, 0.04501961490193021
No.81: 1.30, 1.34, 0.92, 1.66, 0.97, 1.51, 9.19, 4.38, 1.93, 2.68, 0.04759960321460422
No.82: 1.28, 1.40, 0.94, 1.54, 0.97, 1.55, 9.05, 4.50, 1.89, 2.68, 0.048419322287538945
No.83: 1.27, 1.40, 0.96, 1.63, 0.98, 1.43, 9.05, 4.39, 1.89, 2.74, 0.04526916326255976
No.84: 1.27, 1.39, 0.95, 1.69, 0.99, 1.50, 8.84, 4.46, 1.95, 2.54, 0.04418224506482018
No.85: 1.27, 1.40, 0.95, 1.69, 0.99, 1.50, 8.82, 4.45, 1.95, 2.51, 0.04384961948664682
No.86: 1.33, 1.38, 0.93, 1.69, 1.00, 1.52, 8.70, 4.44, 1.85, 2.66, 0.043669001713164186
No.87: 1.35, 1.39, 0.93, 1.69, 1.01, 1.52, 8.65, 4.43, 1.83, 2.66, 0.04312290280577823
No.88: 1.26, 1.30, 0.96, 1.83, 1.00, 1.44, 8.70, 4.50, 1.92, 2.68, 0.04683034772946292
No.89: 1.29, 1.37, 0.95, 1.77, 0.92, 1.50, 8.66, 4.43, 1.98, 2.71, 0.04390944545349002
No.90: 1.35, 1.38, 0.98, 1.67, 0.96, 1.46, 8.98, 4.41, 1.90, 2.58, 0.04512288637627578
No.91: 1.27, 1.37, 1.00, 1.75, 0.98, 1.46, 8.44, 4.59, 1.90, 2.65, 0.04495112177740199
No.92: 1.30, 1.41, 0.96, 1.79, 0.95, 1.50, 8.85, 4.35, 1.80, 2.59, 0.04234422602949522
No.93: 1.30, 1.42, 0.96, 1.81, 0.95, 1.51, 8.86, 4.33, 1.78, 2.58, 0.042085441892203625
No.94: 1.34, 1.43, 0.92, 1.72, 0.96, 1.44, 8.80, 4.55, 1.86, 2.57, 0.04173583175625761
No.95: 1.35, 1.45, 0.91, 1.72, 0.96, 1.43, 8.80, 4.56, 1.86, 2.55, 0.04110970644487649
No.96: 1.34, 1.47, 0.94, 1.60, 0.93, 1.52, 8.91, 4.46, 1.84, 2.59, 0.0433879260628043
No.97: 1.33, 1.47, 0.95, 1.73, 0.97, 1.46, 8.96, 4.37, 1.89, 2.57, 0.04078517803468706
No.98: 1.33, 1.48, 0.95, 1.73, 0.97, 1.46, 8.99, 4.35, 1.89, 2.56, 0.0405690617031688
No.99: 1.35, 1.42, 0.94, 1.80, 0.94, 1.54, 8.59, 4.54, 1.87, 2.47, 0.04136159795449605
No.100: 1.28, 1.44, 0.92, 1.79, 0.96, 1.53, 8.58, 4.55, 1.85, 2.60, 0.04285486674236682
No.101: 1.36, 1.48, 0.94, 1.74, 0.97, 1.50, 8.36, 4.28, 1.88, 2.51, 0.04023644567238055
No.102: 1.36, 1.50, 0.94, 1.74, 0.97, 1.50, 8.29, 4.25, 1.88, 2.50, 0.040065279286113684
No.103: 1.38, 1.49, 0.88, 1.72, 0.94, 1.54, 8.99, 4.28, 1.85, 2.49, 0.04051296999362474
No.104: 1.37, 1.51, 0.92, 1.69, 1.00, 1.51, 8.84, 4.41, 1.74, 2.39, 0.04004461463891357
No.105: 1.38, 1.53, 0.92, 1.68, 1.01, 1.51, 8.86, 4.40, 1.72, 2.36, 0.03984187568160305
No.106: 1.41, 1.52, 0.91, 1.76, 0.94, 1.51, 8.69, 4.38, 1.72, 2.56, 0.03880916514863499
No.107: 1.43, 1.53, 0.91, 1.77, 0.93, 1.51, 8.67, 4.37, 1.70, 2.56, 0.038556127766306084
No.108: 1.36, 1.45, 0.91, 1.89, 1.00, 1.48, 8.55, 4.35, 1.80, 2.48, 0.04124905146278844
No.109: 1.36, 1.55, 0.92, 1.84, 0.92, 1.48, 8.78, 4.37, 1.80, 2.37, 0.03900965694690583
No.110: 1.44, 1.52, 0.93, 1.75, 0.95, 1.46, 8.89, 4.21, 1.77, 2.38, 0.039582881177163354
No.111: 1.45, 1.57, 0.88, 1.72, 0.97, 1.48, 8.62, 4.41, 1.85, 2.37, 0.0384909297960686
No.112: 1.46, 1.58, 0.87, 1.72, 0.97, 1.47, 8.60, 4.42, 1.86, 2.35, 0.038436974964404284
No.113: 1.42, 1.60, 0.89, 1.71, 0.98, 1.43, 8.89, 4.17, 1.76, 2.45, 0.03869961431094729
No.114: 1.42, 1.59, 0.92, 1.59, 0.93, 1.47, 9.01, 4.33, 1.81, 2.44, 0.042336564140282314
No.115: 1.37, 1.47, 0.91, 1.84, 0.99, 1.48, 8.62, 4.35, 1.80, 2.48, 0.04006458401859975
No.116: 1.44, 1.60, 0.91, 1.79, 0.97, 1.54, 8.72, 4.07, 1.75, 2.35, 0.038038272234535535
No.117: 1.45, 1.62, 0.91, 1.79, 0.97, 1.55, 8.71, 4.02, 1.74, 2.33, 0.038083021151797146
No.118: 1.48, 1.60, 0.87, 1.78, 0.96, 1.53, 8.47, 4.23, 1.69, 2.30, 0.03811174920970629
No.119: 1.45, 1.60, 0.93, 1.80, 0.99, 1.44, 8.37, 4.29, 1.70, 2.33, 0.03842441579406232
No.120: 1.48, 1.62, 0.87, 1.80, 0.97, 1.47, 9.09, 4.33, 1.63, 2.29, 0.038874269301960945
No.121: 1.50, 1.67, 0.89, 1.68, 0.95, 1.48, 8.85, 4.23, 1.67, 2.28, 0.04034478190767019
No.122: 1.39, 1.50, 0.91, 1.82, 0.98, 1.48, 8.65, 4.33, 1.78, 2.45, 0.039163585640279705
No.123: 1.49, 1.61, 0.88, 1.87, 0.91, 1.45, 8.57, 4.16, 1.77, 2.40, 0.038554452846161935
No.124: 1.44, 1.64, 0.86, 1.83, 0.96, 1.50, 8.47, 4.33, 1.71, 2.39, 0.03878952866715243
No.125: 1.50, 1.69, 0.88, 1.76, 0.93, 1.48, 8.68, 4.22, 1.69, 2.32, 0.03912585758454076
No.126: 1.48, 1.66, 0.88, 1.77, 0.94, 1.48, 8.67, 4.24, 1.70, 2.33, 0.0384602167056283
No.127: 1.56, 1.66, 0.86, 1.72, 1.00, 1.48, 8.52, 4.15, 1.65, 2.38, 0.04025044340397851
No.128: 1.39, 1.57, 0.91, 1.82, 0.93, 1.48, 8.74, 4.34, 1.78, 2.37, 0.038378503667260415
No.129: 1.41, 1.58, 0.91, 1.77, 0.94, 1.49, 8.15, 4.19, 1.85, 2.48, 0.03923200894929782
No.130: 1.47, 1.61, 0.88, 1.79, 0.96, 1.47, 8.95, 4.31, 1.66, 2.32, 0.03847044763718515
No.131: 1.47, 1.55, 0.93, 1.74, 0.95, 1.46, 8.86, 4.18, 1.76, 2.37, 0.03961351216989412
No.132: 1.44, 1.63, 0.87, 1.81, 0.96, 1.49, 8.53, 4.31, 1.72, 2.39, 0.038333940279579926
No.133: 1.49, 1.60, 0.90, 1.87, 0.92, 1.54, 8.37, 4.38, 1.71, 2.29, 0.03868662544013175
No.134: 1.48, 1.60, 0.90, 1.85, 0.93, 1.53, 8.45, 4.35, 1.71, 2.31, 0.03837070205526226
No.135: 1.49, 1.68, 0.87, 1.83, 0.97, 1.47, 8.54, 4.17, 1.77, 2.13, 0.03925520340599259
No.136: 1.44, 1.55, 0.90, 1.78, 0.94, 1.50, 8.65, 4.34, 1.71, 2.50, 0.038265197138582195
No.137: 1.42, 1.59, 0.90, 1.71, 1.00, 1.53, 8.66, 4.42, 1.69, 2.31, 0.03822017039288314
No.138: 1.42, 1.58, 0.91, 1.77, 0.95, 1.52, 8.23, 4.29, 1.80, 2.39, 0.03873845493577632
No.139: 1.46, 1.61, 0.88, 1.79, 0.96, 1.48, 8.84, 4.31, 1.68, 2.33, 0.03814297633367143
No.140: 1.41, 1.53, 0.91, 1.80, 0.98, 1.52, 8.53, 4.38, 1.75, 2.37, 0.03864310801664608
No.141: 1.47, 1.64, 0.89, 1.77, 0.95, 1.49, 8.65, 4.26, 1.71, 2.34, 0.038199583675341424
No.142: 1.43, 1.62, 0.92, 1.87, 0.94, 1.53, 8.62, 4.16, 1.57, 2.36, 0.038772128756556785
No.143: 1.46, 1.59, 0.88, 1.74, 0.97, 1.48, 8.60, 4.38, 1.81, 2.35, 0.038194518864505436
No.144: 1.44, 1.59, 0.85, 1.76, 0.92, 1.57, 8.90, 4.31, 1.75, 2.38, 0.038358043668836675
No.145: 1.52, 1.63, 0.86, 1.73, 0.98, 1.55, 8.55, 4.26, 1.67, 2.34, 0.038903020648780026
No.146: 1.41, 1.58, 0.90, 1.81, 0.94, 1.49, 8.72, 4.32, 1.76, 2.37, 0.03813302478994771
No.147: 1.41, 1.59, 0.88, 1.70, 0.98, 1.49, 8.90, 4.25, 1.74, 2.41, 0.03881183384663403
No.148: 1.47, 1.60, 0.89, 1.83, 0.94, 1.52, 8.52, 4.33, 1.72, 2.33, 0.03816108721967508
No.149: 1.45, 1.61, 0.93, 1.80, 0.99, 1.44, 8.38, 4.28, 1.70, 2.33, 0.03845303452172406
No.150: 1.44, 1.59, 0.86, 1.77, 0.93, 1.55, 8.82, 4.31, 1.74, 2.37, 0.03813398651786851
No.151: 1.45, 1.56, 0.91, 1.74, 0.95, 1.53, 8.80, 4.28, 1.73, 2.32, 0.03883303481951007
No.152: 1.44, 1.62, 0.88, 1.80, 0.96, 1.50, 8.57, 4.31, 1.72, 2.38, 0.03812296593430801
No.153: 1.46, 1.65, 0.87, 1.78, 0.98, 1.52, 8.66, 4.24, 1.75, 2.19, 0.038174512008800135
No.154: 1.49, 1.63, 0.86, 1.86, 0.91, 1.48, 8.65, 4.13, 1.78, 2.35, 0.03854275627751564
No.155: 1.43, 1.59, 0.90, 1.73, 0.98, 1.53, 8.66, 4.38, 1.70, 2.31, 0.03813135799607254
No.156: 1.43, 1.57, 0.88, 1.79, 0.97, 1.54, 8.66, 4.32, 1.76, 2.31, 0.038078979686072184
No.157: 1.43, 1.62, 0.89, 1.83, 0.95, 1.56, 8.72, 4.18, 1.64, 2.30, 0.03812512123465234
No.158: 1.42, 1.55, 0.91, 1.81, 0.94, 1.52, 8.68, 4.31, 1.68, 2.48, 0.03826713002897336
No.159: 1.45, 1.63, 0.87, 1.78, 0.97, 1.52, 8.66, 4.25, 1.74, 2.23, 0.038022642900236055
No.160: 1.42, 1.60, 0.88, 1.75, 0.98, 1.52, 8.85, 4.21, 1.72, 2.32, 0.03815403553833603
No.161: 1.42, 1.60, 0.88, 1.76, 0.97, 1.52, 8.80, 4.22, 1.72, 2.32, 0.038043737236683646
No.162: 1.41, 1.59, 0.88, 1.78, 0.96, 1.57, 8.52, 4.21, 1.76, 2.32, 0.03824885678899894
No.163: 1.46, 1.61, 0.88, 1.79, 0.96, 1.50, 8.79, 4.29, 1.69, 2.33, 0.03808286340199192
No.164: 1.43, 1.61, 0.91, 1.80, 0.99, 1.49, 8.54, 4.21, 1.69, 2.27, 0.038235926274869825
No.165: 1.44, 1.60, 0.87, 1.77, 0.94, 1.54, 8.78, 4.29, 1.74, 2.36, 0.03803877934294723
No.166: 1.48, 1.63, 0.86, 1.76, 0.99, 1.56, 8.65, 4.19, 1.67, 2.27, 0.03827420249966
No.167: 1.42, 1.58, 0.90, 1.80, 0.95, 1.50, 8.71, 4.30, 1.75, 2.35, 0.038065158128584985
No.168: 1.45, 1.61, 0.87, 1.85, 0.94, 1.52, 8.72, 4.12, 1.74, 2.33, 0.03818331686165976
No.169: 1.43, 1.60, 0.89, 1.75, 0.98, 1.52, 8.67, 4.34, 1.71, 2.32, 0.03799552245557425
No.170: 1.45, 1.59, 0.88, 1.73, 0.98, 1.48, 8.64, 4.34, 1.81, 2.35, 0.03826606655997522
No.171: 1.43, 1.61, 0.89, 1.82, 0.95, 1.55, 8.71, 4.21, 1.67, 2.31, 0.038047532558677724
No.172: 1.44, 1.58, 0.89, 1.76, 0.97, 1.55, 8.82, 4.20, 1.72, 2.26, 0.038327528241085485
No.173: 1.44, 1.61, 0.88, 1.80, 0.96, 1.51, 8.61, 4.29, 1.72, 2.36, 0.03804111437069764
No.174: 1.40, 1.61, 0.90, 1.79, 0.97, 1.52, 8.95, 4.29, 1.76, 2.34, 0.03792804255477685
No.175: 1.39, 1.61, 0.90, 1.79, 0.97, 1.52, 8.99, 4.29, 1.76, 2.35, 0.03794097801806506
No.176: 1.40, 1.60, 0.89, 1.78, 0.96, 1.56, 8.66, 4.22, 1.76, 2.32, 0.03810528950385105
No.177: 1.45, 1.61, 0.88, 1.79, 0.96, 1.50, 8.77, 4.28, 1.70, 2.33, 0.038006945497203334
No.178: 1.44, 1.64, 0.89, 1.78, 0.95, 1.50, 8.81, 4.19, 1.69, 2.34, 0.03804342767421366
No.179: 1.45, 1.64, 0.88, 1.76, 0.98, 1.54, 8.79, 4.18, 1.69, 2.30, 0.038138614841841445
No.180: 1.42, 1.59, 0.89, 1.80, 0.95, 1.51, 8.72, 4.29, 1.74, 2.35, 0.03801954702633953
No.181: 1.43, 1.61, 0.89, 1.74, 0.97, 1.49, 8.79, 4.30, 1.79, 2.35, 0.03813048739763518
No.182: 1.43, 1.61, 0.89, 1.81, 0.96, 1.54, 8.72, 4.22, 1.68, 2.31, 0.03799886787732509
No.183: 1.45, 1.62, 0.90, 1.81, 0.95, 1.52, 8.68, 4.28, 1.73, 2.33, 0.03802320123429179
No.184: 1.43, 1.57, 0.89, 1.80, 0.97, 1.54, 8.64, 4.33, 1.76, 2.32, 0.03808599591050409
No.185: 1.44, 1.63, 0.89, 1.78, 0.96, 1.51, 8.79, 4.21, 1.70, 2.34, 0.03800410695016999
No.186: 1.43, 1.61, 0.90, 1.78, 0.96, 1.54, 8.88, 4.21, 1.73, 2.29, 0.038010583498936164
No.187: 1.43, 1.63, 0.92, 1.80, 0.98, 1.50, 8.74, 4.19, 1.71, 2.28, 0.03802753669807241
No.188: 1.43, 1.62, 0.88, 1.79, 0.96, 1.50, 8.80, 4.44, 1.69, 2.28, 0.03789568742324192
No.189: 1.42, 1.62, 0.87, 1.79, 0.96, 1.50, 8.80, 4.48, 1.69, 2.27, 0.037887001891640196
No.190: 1.44, 1.60, 0.86, 1.78, 0.94, 1.53, 8.79, 4.38, 1.72, 2.34, 0.03798309799154345
No.191: 1.42, 1.60, 0.87, 1.76, 0.97, 1.52, 8.87, 4.31, 1.71, 2.29, 0.038089376189039834
No.192: 1.44, 1.62, 0.89, 1.80, 0.95, 1.52, 8.71, 4.28, 1.72, 2.33, 0.03797466750896676
No.193: 1.41, 1.58, 0.90, 1.79, 0.95, 1.52, 8.90, 4.34, 1.69, 2.41, 0.03807886459820603
No.194: 1.45, 1.63, 0.88, 1.78, 0.97, 1.52, 8.70, 4.27, 1.73, 2.26, 0.03800884960285949
No.195: 1.44, 1.63, 0.88, 1.77, 0.97, 1.53, 8.84, 4.31, 1.69, 2.28, 0.038017098030339
No.196: 1.44, 1.63, 0.88, 1.78, 0.97, 1.53, 8.82, 4.30, 1.70, 2.29, 0.03797439337114797
No.197: 1.44, 1.62, 0.87, 1.79, 0.96, 1.50, 8.66, 4.40, 1.70, 2.33, 0.03795475152134993
No.198: 1.42, 1.60, 0.89, 1.79, 0.95, 1.52, 8.84, 4.37, 1.68, 2.38, 0.03793616143686767
No.199: 1.41, 1.62, 0.88, 1.78, 0.95, 1.53, 8.78, 4.37, 1.71, 2.32, 0.03790600194584316
No.200: 1.42, 1.59, 0.88, 1.79, 0.96, 1.53, 8.76, 4.47, 1.71, 2.31, 0.0379570424745684
No.201: 1.42, 1.61, 0.88, 1.76, 0.96, 1.50, 8.83, 4.52, 1.73, 2.33, 0.03796518062853563
No.202: 1.42, 1.63, 0.87, 1.82, 0.94, 1.51, 8.92, 4.43, 1.72, 2.33, 0.037902438420236245
No.203: 1.41, 1.63, 0.90, 1.80, 0.97, 1.50, 8.82, 4.41, 1.70, 2.31, 0.03793637126798476
No.204: 1.40, 1.62, 0.87, 1.78, 0.97, 1.51, 8.93, 4.52, 1.69, 2.32, 0.03789556653095714
No.205: 1.39, 1.60, 0.88, 1.80, 0.95, 1.50, 8.84, 4.55, 1.72, 2.36, 0.03803923330698517
No.206: 1.43, 1.62, 0.88, 1.78, 0.96, 1.52, 8.82, 4.34, 1.70, 2.30, 0.03792445982970361
No.207: 1.42, 1.62, 0.89, 1.82, 0.96, 1.53, 8.82, 4.30, 1.68, 2.31, 0.0379665349949505
No.208: 1.42, 1.61, 0.88, 1.77, 0.96, 1.51, 8.83, 4.48, 1.73, 2.33, 0.03793033891556797
No.209: 1.42, 1.64, 0.89, 1.79, 0.96, 1.49, 8.91, 4.35, 1.70, 2.34, 0.037917469749724396
No.210: 1.39, 1.62, 0.90, 1.79, 0.96, 1.52, 9.06, 4.41, 1.72, 2.31, 0.0379165064196271
No.211: 1.42, 1.61, 0.87, 1.77, 0.94, 1.53, 8.95, 4.40, 1.72, 2.34, 0.038050836098025884
No.212: 1.41, 1.63, 0.90, 1.80, 0.97, 1.50, 8.84, 4.41, 1.70, 2.31, 0.03792044245589077
No.213: 1.40, 1.64, 0.88, 1.79, 0.97, 1.51, 8.93, 4.45, 1.74, 2.25, 0.037880824111646665
No.214: 1.40, 1.65, 0.88, 1.79, 0.97, 1.51, 8.94, 4.46, 1.74, 2.24, 0.03789797147143607
No.215: 1.40, 1.64, 0.89, 1.81, 0.96, 1.52, 8.96, 4.33, 1.70, 2.29, 0.03791578843218992
No.216: 1.42, 1.65, 0.86, 1.80, 0.95, 1.50, 8.84, 4.53, 1.66, 2.27, 0.03796462278415201
No.217: 1.40, 1.61, 0.90, 1.79, 0.97, 1.52, 8.93, 4.32, 1.74, 2.33, 0.03792255079888622
No.218: 1.38, 1.63, 0.89, 1.81, 0.95, 1.50, 8.99, 4.47, 1.72, 2.32, 0.03795983077102756
No.219: 1.43, 1.62, 0.88, 1.78, 0.96, 1.52, 8.85, 4.36, 1.70, 2.30, 0.03793422671127041
No.220: 1.42, 1.63, 0.87, 1.79, 0.96, 1.50, 8.82, 4.48, 1.69, 2.27, 0.037887909903382894
No.221: 1.40, 1.62, 0.87, 1.78, 0.97, 1.51, 8.93, 4.52, 1.70, 2.31, 0.03789556653095714
No.222: 1.42, 1.63, 0.87, 1.82, 0.94, 1.51, 8.92, 4.43, 1.72, 2.32, 0.037902438420236245
No.223: 1.41, 1.62, 0.88, 1.78, 0.96, 1.53, 8.79, 4.38, 1.71, 2.32, 0.03790041270079752
No.224: 1.40, 1.64, 0.89, 1.81, 0.96, 1.52, 8.95, 4.34, 1.70, 2.29, 0.03792202462211043
No.225: 1.39, 1.62, 0.90, 1.79, 0.96, 1.52, 9.05, 4.42, 1.72, 2.31, 0.03791279936457972
No.226: 1.41, 1.64, 0.89, 1.79, 0.96, 1.49, 8.91, 4.36, 1.71, 2.33, 0.03789577069126902
No.227: 1.41, 1.63, 0.89, 1.80, 0.97, 1.50, 8.85, 4.41, 1.71, 2.31, 0.0379135318441451
No.228: 1.40, 1.62, 0.89, 1.79, 0.97, 1.52, 8.93, 4.34, 1.74, 2.32, 0.03789281948011794
No.229: 1.43, 1.62, 0.88, 1.78, 0.96, 1.52, 8.83, 4.35, 1.70, 2.29, 0.037926238544382505
No.230: 1.38, 1.63, 0.89, 1.81, 0.96, 1.50, 8.98, 4.47, 1.72, 2.31, 0.03796914098784896
No.231: 1.42, 1.63, 0.88, 1.79, 0.96, 1.52, 8.86, 4.37, 1.71, 2.30, 0.03789124584299757
No.232: 1.42, 1.62, 0.88, 1.77, 0.96, 1.51, 8.84, 4.49, 1.72, 2.32, 0.03790438496816547
No.233: 1.41, 1.62, 0.87, 1.78, 0.95, 1.52, 8.95, 4.43, 1.73, 2.30, 0.03791634087886067
No.234: 1.41, 1.63, 0.89, 1.80, 0.97, 1.51, 8.86, 4.41, 1.71, 2.31, 0.03790519324227847
No.235: 1.43, 1.63, 0.86, 1.79, 0.96, 1.50, 8.71, 4.43, 1.71, 2.30, 0.03794656519138362
No.236: 1.40, 1.62, 0.89, 1.79, 0.96, 1.52, 9.00, 4.42, 1.72, 2.31, 0.03789871415631624
No.237: 1.41, 1.63, 0.87, 1.78, 0.95, 1.52, 8.92, 4.43, 1.72, 2.30, 0.03788242219562316
No.238: 1.40, 1.64, 0.88, 1.81, 0.96, 1.52, 8.96, 4.34, 1.71, 2.29, 0.03791498620755275
No.239: 1.41, 1.62, 0.88, 1.78, 0.96, 1.51, 8.86, 4.47, 1.72, 2.31, 0.037883696544529846
No.240: 1.40, 1.62, 0.89, 1.76, 0.98, 1.51, 8.87, 4.41, 1.71, 2.28, 0.03791537071141943
No.241: 1.41, 1.63, 0.87, 1.81, 0.95, 1.51, 8.91, 4.43, 1.72, 2.32, 0.03789827303190595
No.242: 1.41, 1.63, 0.88, 1.79, 0.96, 1.49, 9.02, 4.47, 1.72, 2.29, 0.037909498669171336
No.243: 1.41, 1.62, 0.88, 1.79, 0.96, 1.52, 8.83, 4.39, 1.71, 2.31, 0.03789735776822667
No.244: 1.43, 1.63, 0.87, 1.79, 0.96, 1.50, 8.78, 4.43, 1.71, 2.30, 0.03791118789245788
No.245: 1.40, 1.62, 0.89, 1.79, 0.96, 1.52, 8.96, 4.42, 1.72, 2.31, 0.03788881167010827
No.246: 1.40, 1.63, 0.89, 1.76, 0.97, 1.51, 8.88, 4.41, 1.71, 2.29, 0.03788904941450695
No.247: 1.41, 1.63, 0.88, 1.78, 0.97, 1.50, 8.97, 4.45, 1.72, 2.29, 0.0379060065263045
No.248: 1.41, 1.63, 0.88, 1.79, 0.96, 1.52, 8.85, 4.40, 1.71, 2.31, 0.03788965383176092
No.249: 1.40, 1.61, 0.87, 1.78, 0.97, 1.53, 8.87, 4.50, 1.73, 2.27, 0.037921353119535296
No.250: 1.41, 1.64, 0.88, 1.79, 0.96, 1.50, 8.91, 4.38, 1.71, 2.32, 0.037890727330055614
No.251: 1.42, 1.64, 0.89, 1.79, 0.96, 1.51, 8.85, 4.31, 1.74, 2.28, 0.03792507087962986
No.252: 1.40, 1.62, 0.87, 1.78, 0.96, 1.51, 8.92, 4.49, 1.70, 2.31, 0.03789315582076963
No.253: 1.42, 1.63, 0.89, 1.79, 0.96, 1.51, 8.86, 4.34, 1.73, 2.29, 0.037899458697990926
No.254: 1.40, 1.62, 0.88, 1.78, 0.96, 1.51, 8.91, 4.46, 1.71, 2.30, 0.03789219413849002
No.255: 1.42, 1.64, 0.87, 1.78, 0.96, 1.50, 8.85, 4.52, 1.69, 2.27, 0.03788940043306877
No.256: 1.42, 1.64, 0.88, 1.78, 0.96, 1.51, 8.86, 4.40, 1.72, 2.28, 0.037901378196881864
No.257: 1.41, 1.63, 0.88, 1.78, 0.96, 1.51, 8.90, 4.45, 1.71, 2.30, 0.03787743633060034
No.258: 1.40, 1.63, 0.88, 1.78, 0.96, 1.50, 8.92, 4.51, 1.72, 2.29, 0.037874699433611984
No.259: 1.40, 1.63, 0.88, 1.78, 0.96, 1.50, 8.93, 4.53, 1.72, 2.29, 0.03787556547408692
No.260: 1.41, 1.62, 0.87, 1.78, 0.96, 1.52, 8.87, 4.53, 1.72, 2.26, 0.03788233981948163
No.261: 1.41, 1.63, 0.87, 1.78, 0.96, 1.50, 8.93, 4.53, 1.71, 2.26, 0.03788359555141131
No.262: 1.39, 1.61, 0.89, 1.79, 0.97, 1.51, 8.95, 4.42, 1.74, 2.30, 0.03793645693936212
No.263: 1.42, 1.64, 0.87, 1.78, 0.96, 1.51, 8.86, 4.50, 1.70, 2.27, 0.03789021540521395
No.264: 1.41, 1.63, 0.88, 1.78, 0.96, 1.51, 8.90, 4.46, 1.71, 2.30, 0.0378768259940714
No.265: 1.40, 1.64, 0.88, 1.79, 0.97, 1.51, 8.93, 4.45, 1.74, 2.26, 0.037880824111646665
No.266: 1.41, 1.62, 0.87, 1.78, 0.96, 1.52, 8.88, 4.53, 1.72, 2.26, 0.03788418218694341
No.267: 1.41, 1.63, 0.87, 1.78, 0.95, 1.51, 8.92, 4.44, 1.72, 2.30, 0.0378828926888906
No.268: 1.41, 1.63, 0.87, 1.78, 0.96, 1.50, 8.93, 4.53, 1.71, 2.26, 0.03788359555141131
No.269: 1.41, 1.62, 0.88, 1.78, 0.96, 1.51, 8.87, 4.47, 1.72, 2.31, 0.03788468149527646
No.270: 1.42, 1.63, 0.87, 1.79, 0.96, 1.50, 8.83, 4.48, 1.69, 2.27, 0.03788526590381882
No.271: 1.40, 1.63, 0.89, 1.79, 0.96, 1.51, 8.96, 4.43, 1.72, 2.30, 0.03787332204315093
No.272: 1.40, 1.63, 0.89, 1.77, 0.97, 1.51, 8.88, 4.42, 1.71, 2.29, 0.037879008686836566
No.273: 1.42, 1.64, 0.87, 1.78, 0.96, 1.50, 8.85, 4.52, 1.69, 2.27, 0.03788940043306877
No.274: 1.39, 1.62, 0.89, 1.79, 0.97, 1.51, 8.95, 4.43, 1.74, 2.30, 0.03790545503389402
No.275: 1.42, 1.64, 0.87, 1.78, 0.96, 1.51, 8.87, 4.50, 1.70, 2.27, 0.03789145037234324
No.276: 1.40, 1.63, 0.88, 1.78, 0.96, 1.50, 8.92, 4.50, 1.72, 2.29, 0.03787464517251661
No.277: 1.41, 1.63, 0.88, 1.78, 0.96, 1.51, 8.91, 4.46, 1.71, 2.30, 0.037878917354895375
No.278: 1.40, 1.63, 0.89, 1.77, 0.97, 1.51, 8.89, 4.42, 1.71, 2.29, 0.037879366845416096
No.279: 1.40, 1.64, 0.88, 1.79, 0.96, 1.51, 8.93, 4.45, 1.73, 2.26, 0.03788082927956724
No.280: 1.41, 1.63, 0.87, 1.78, 0.95, 1.51, 8.93, 4.44, 1.72, 2.30, 0.03788618456088069
No.281: 1.41, 1.63, 0.87, 1.78, 0.96, 1.50, 8.93, 4.52, 1.71, 2.27, 0.03788371174894385
No.282: 1.40, 1.62, 0.87, 1.78, 0.96, 1.52, 8.88, 4.52, 1.72, 2.27, 0.03789248185226277
No.283: 1.41, 1.62, 0.88, 1.78, 0.96, 1.51, 8.88, 4.47, 1.72, 2.31, 0.03788629821920128
No.284: 1.42, 1.63, 0.88, 1.79, 0.96, 1.50, 8.84, 4.48, 1.70, 2.27, 0.03788314564701318
No.285: 1.42, 1.64, 0.87, 1.78, 0.96, 1.50, 8.86, 4.51, 1.69, 2.27, 0.03789075960897512
No.286: 1.41, 1.64, 0.88, 1.79, 0.96, 1.50, 8.93, 4.42, 1.71, 2.31, 0.037883903087695646
No.287: 1.40, 1.62, 0.89, 1.79, 0.96, 1.51, 8.96, 4.41, 1.74, 2.31, 0.03788974481393524
No.288: 1.40, 1.62, 0.89, 1.79, 0.96, 1.51, 8.94, 4.42, 1.73, 2.30, 0.037888202242731546
No.289: 1.41, 1.63, 0.87, 1.78, 0.96, 1.51, 8.88, 4.49, 1.70, 2.28, 0.037873028917226735
No.290: 1.42, 1.64, 0.87, 1.78, 0.96, 1.51, 8.87, 4.50, 1.70, 2.28, 0.03789145037234324
No.291: 1.40, 1.64, 0.88, 1.79, 0.96, 1.50, 8.95, 4.45, 1.71, 2.26, 0.037875886922261466
No.292: 1.40, 1.64, 0.88, 1.78, 0.97, 1.50, 8.90, 4.49, 1.70, 2.26, 0.03787634781179514
No.293: 1.40, 1.63, 0.88, 1.78, 0.97, 1.51, 8.90, 4.52, 1.71, 2.25, 0.037875878370474875
No.294: 1.40, 1.63, 0.89, 1.79, 0.96, 1.51, 8.88, 4.42, 1.71, 2.29, 0.037894722728164035
No.295: 1.41, 1.63, 0.88, 1.78, 0.96, 1.50, 8.93, 4.51, 1.71, 2.27, 0.03788387745638741
No.296: 1.40, 1.63, 0.89, 1.79, 0.96, 1.51, 8.95, 4.43, 1.72, 2.30, 0.03787376873951859
No.297: 1.40, 1.63, 0.88, 1.78, 0.96, 1.50, 8.92, 4.50, 1.72, 2.29, 0.03787464517251661
No.298: 1.40, 1.63, 0.88, 1.78, 0.96, 1.51, 8.89, 4.52, 1.71, 2.25, 0.0378772012180207
No.299: 1.40, 1.64, 0.88, 1.78, 0.96, 1.50, 8.94, 4.46, 1.71, 2.26, 0.03787157392385407
No.300: 1.40, 1.64, 0.88, 1.78, 0.97, 1.50, 8.90, 4.49, 1.70, 2.27, 0.03787634781179514
No.301: 1.41, 1.63, 0.88, 1.78, 0.96, 1.51, 8.91, 4.46, 1.71, 2.30, 0.037878917354895375
No.302: 1.40, 1.63, 0.89, 1.77, 0.97, 1.51, 8.89, 4.43, 1.71, 2.29, 0.037878869961026365
No.303: 1.40, 1.64, 0.88, 1.79, 0.96, 1.51, 8.93, 4.46, 1.73, 2.26, 0.03788064835843142
No.304: 1.42, 1.63, 0.88, 1.79, 0.96, 1.50, 8.84, 4.48, 1.70, 2.27, 0.03788314564701318
No.305: 1.41, 1.63, 0.87, 1.78, 0.96, 1.50, 8.93, 4.52, 1.71, 2.27, 0.03788371174894385
No.306: 1.41, 1.63, 0.88, 1.79, 0.96, 1.51, 8.88, 4.43, 1.71, 2.29, 0.03787893931066525
No.307: 1.39, 1.64, 0.88, 1.77, 0.97, 1.51, 8.97, 4.46, 1.72, 2.28, 0.037874355670243685
No.308: 1.40, 1.62, 0.88, 1.77, 0.96, 1.51, 8.90, 4.48, 1.69, 2.30, 0.037902939975248025
No.309: 1.40, 1.64, 0.88, 1.79, 0.96, 1.51, 8.92, 4.46, 1.72, 2.27, 0.03788423046032488
No.310: 1.41, 1.64, 0.87, 1.78, 0.96, 1.51, 8.88, 4.49, 1.70, 2.28, 0.03787741003988835
No.311: 1.40, 1.63, 0.88, 1.79, 0.96, 1.51, 8.95, 4.44, 1.71, 2.30, 0.0378735292493139
No.312: 1.39, 1.64, 0.88, 1.78, 0.97, 1.51, 8.97, 4.46, 1.72, 2.28, 0.03787313168922025
No.313: 1.40, 1.63, 0.88, 1.78, 0.96, 1.50, 8.92, 4.50, 1.71, 2.29, 0.03787464517251661
No.314: 1.40, 1.64, 0.88, 1.78, 0.97, 1.50, 8.90, 4.48, 1.70, 2.27, 0.03787650126740308
No.315: 1.40, 1.63, 0.88, 1.78, 0.96, 1.51, 8.90, 4.51, 1.71, 2.25, 0.037875692151950476
No.316: 1.40, 1.63, 0.88, 1.77, 0.97, 1.51, 8.89, 4.43, 1.71, 2.28, 0.037878919162478104
No.317: 1.41, 1.63, 0.88, 1.78, 0.96, 1.51, 8.91, 4.46, 1.71, 2.29, 0.037878917354895375
No.318: 1.40, 1.63, 0.88, 1.79, 0.96, 1.51, 8.89, 4.43, 1.71, 2.28, 0.03788945900392126
No.319: 1.40, 1.64, 0.88, 1.79, 0.96, 1.51, 8.93, 4.46, 1.73, 2.26, 0.03788064835843142
No.320: 1.40, 1.63, 0.88, 1.78, 0.96, 1.50, 8.95, 4.51, 1.72, 2.27, 0.03787798662392087
No.321: 1.40, 1.63, 0.88, 1.77, 0.96, 1.51, 8.92, 4.49, 1.69, 2.29, 0.03788293753070366
No.322: 1.40, 1.64, 0.88, 1.79, 0.96, 1.51, 8.93, 4.46, 1.72, 2.27, 0.03788064835843142
No.323: 1.39, 1.64, 0.88, 1.78, 0.97, 1.51, 8.97, 4.46, 1.72, 2.28, 0.03787313168922025
No.324: 1.40, 1.63, 0.88, 1.79, 0.96, 1.51, 8.95, 4.44, 1.71, 2.29, 0.0378735292493139
No.325: 1.40, 1.63, 0.88, 1.78, 0.96, 1.50, 8.92, 4.49, 1.71, 2.28, 0.03787466612888538
No.326: 1.40, 1.63, 0.88, 1.78, 0.96, 1.51, 8.90, 4.51, 1.71, 2.26, 0.037875692151950476
No.327: 1.40, 1.64, 0.88, 1.78, 0.97, 1.50, 8.91, 4.48, 1.70, 2.27, 0.03787426002296187
No.328: 1.41, 1.64, 0.87, 1.78, 0.96, 1.51, 8.89, 4.49, 1.70, 2.28, 0.037876925719425115
No.329: 1.40, 1.63, 0.88, 1.78, 0.96, 1.50, 8.95, 4.50, 1.72, 2.27, 0.037877843480314116
No.330: 1.41, 1.63, 0.88, 1.78, 0.96, 1.51, 8.91, 4.46, 1.71, 2.29, 0.037878917354895375
No.331: 1.40, 1.63, 0.88, 1.77, 0.97, 1.51, 8.90, 4.44, 1.71, 2.28, 0.037879533500575255
No.332: 1.40, 1.64, 0.88, 1.79, 0.96, 1.51, 8.93, 4.46, 1.73, 2.26, 0.03788064835843142
No.333: 1.40, 1.63, 0.88, 1.77, 0.96, 1.50, 8.92, 4.49, 1.70, 2.29, 0.03788299548891881
No.334: 1.40, 1.64, 0.88, 1.79, 0.96, 1.51, 8.93, 4.46, 1.72, 2.27, 0.03788064835843142
No.335: 1.39, 1.64, 0.88, 1.78, 0.97, 1.51, 8.96, 4.46, 1.72, 2.28, 0.03787460378035243
No.336: 1.40, 1.63, 0.88, 1.79, 0.96, 1.51, 8.95, 4.44, 1.71, 2.29, 0.0378735292493139
No.337: 1.40, 1.64, 0.88, 1.78, 0.97, 1.50, 8.91, 4.48, 1.70, 2.27, 0.03787426002296187
No.338: 1.40, 1.63, 0.88, 1.78, 0.96, 1.50, 8.92, 4.49, 1.71, 2.28, 0.03787466612888538
No.339: 1.40, 1.63, 0.88, 1.78, 0.96, 1.51, 8.91, 4.50, 1.71, 2.26, 0.03787482182588344
No.340: 1.41, 1.64, 0.87, 1.78, 0.96, 1.51, 8.90, 4.48, 1.70, 2.27, 0.03787746058139241
No.341: 1.40, 1.63, 0.88, 1.78, 0.96, 1.50, 8.95, 4.50, 1.72, 2.27, 0.037877843480314116
No.342: 1.41, 1.63, 0.88, 1.78, 0.96, 1.51, 8.92, 4.46, 1.71, 2.29, 0.03788164055748833
No.343: 1.40, 1.63, 0.88, 1.77, 0.97, 1.51, 8.90, 4.44, 1.71, 2.28, 0.037879533500575255
No.344: 1.40, 1.64, 0.88, 1.79, 0.96, 1.51, 8.93, 4.46, 1.72, 2.26, 0.03788064835843142
No.345: 1.40, 1.64, 0.88, 1.78, 0.96, 1.50, 8.94, 4.48, 1.71, 2.26, 0.03787127838988376
No.346: 1.40, 1.64, 0.88, 1.78, 0.97, 1.50, 8.94, 4.48, 1.71, 2.25, 0.03787127352821737
No.347: 1.40, 1.63, 0.88, 1.77, 0.96, 1.50, 8.93, 4.49, 1.70, 2.28, 0.03788602552871829
No.348: 1.40, 1.64, 0.88, 1.78, 0.96, 1.51, 8.93, 4.46, 1.72, 2.27, 0.03787161922449536
No.349: 1.40, 1.64, 0.87, 1.79, 0.96, 1.50, 8.96, 4.51, 1.71, 2.26, 0.03787391667293409
No.350: 1.40, 1.64, 0.88, 1.79, 0.96, 1.51, 8.91, 4.46, 1.71, 2.27, 0.03788842965851512
No.351: 1.40, 1.63, 0.88, 1.78, 0.96, 1.50, 8.95, 4.49, 1.71, 2.27, 0.037877775471462705
No.352: 1.40, 1.64, 0.88, 1.79, 0.96, 1.51, 8.92, 4.46, 1.71, 2.27, 0.03788423046032488
No.353: 1.40, 1.64, 0.88, 1.78, 0.96, 1.50, 8.94, 4.49, 1.71, 2.27, 0.037871243316317874
No.354: 1.39, 1.64, 0.88, 1.78, 0.97, 1.51, 8.98, 4.47, 1.72, 2.26, 0.037872667925883216
No.355: 1.40, 1.64, 0.88, 1.79, 0.96, 1.50, 8.98, 4.44, 1.72, 2.28, 0.037872542452845694
No.356: 1.40, 1.64, 0.88, 1.79, 0.97, 1.51, 8.98, 4.45, 1.72, 2.26, 0.03787202191791625
No.357: 1.41, 1.64, 0.88, 1.79, 0.96, 1.50, 8.94, 4.48, 1.71, 2.26, 0.03787973249805926
No.358: 1.40, 1.64, 0.88, 1.78, 0.97, 1.51, 8.96, 4.46, 1.72, 2.28, 0.03787232974639003
No.359: 1.40, 1.64, 0.88, 1.79, 0.96, 1.51, 9.00, 4.45, 1.73, 2.27, 0.037872825263042996
No.360: 1.40, 1.64, 0.89, 1.78, 0.97, 1.51, 8.96, 4.41, 1.72, 2.28, 0.037873440093791746
No.361: 1.40, 1.65, 0.88, 1.78, 0.97, 1.50, 8.97, 4.47, 1.72, 2.24, 0.037881617681016284
No.362: 1.40, 1.63, 0.88, 1.78, 0.96, 1.51, 8.95, 4.45, 1.71, 2.28, 0.037877840107209904
No.363: 1.40, 1.64, 0.88, 1.78, 0.96, 1.50, 8.94, 4.48, 1.71, 2.26, 0.03787127838988376
No.364: 1.40, 1.64, 0.88, 1.78, 0.96, 1.50, 8.94, 4.46, 1.71, 2.26, 0.03787157392385407
No.365: 1.40, 1.64, 0.88, 1.78, 0.96, 1.51, 8.93, 4.46, 1.72, 2.27, 0.03787161922449536
No.366: 1.40, 1.64, 0.88, 1.78, 0.97, 1.51, 8.97, 4.45, 1.72, 2.26, 0.037873865038319486
No.367: 1.40, 1.64, 0.88, 1.78, 0.97, 1.51, 8.96, 4.46, 1.72, 2.27, 0.03787232974639003
No.368: 1.40, 1.64, 0.88, 1.79, 0.96, 1.50, 8.98, 4.45, 1.72, 2.28, 0.0378723141546163
No.369: 1.39, 1.64, 0.88, 1.78, 0.97, 1.51, 8.98, 4.47, 1.72, 2.26, 0.037872667925883216
No.370: 1.40, 1.64, 0.88, 1.78, 0.96, 1.51, 8.99, 4.46, 1.73, 2.27, 0.037878655648127035
No.371: 1.40, 1.64, 0.89, 1.78, 0.97, 1.51, 8.96, 4.42, 1.72, 2.28, 0.03787306605876537
No.372: 1.40, 1.63, 0.88, 1.79, 0.96, 1.51, 8.95, 4.45, 1.71, 2.29, 0.03787333072618056
No.373: 1.40, 1.64, 0.88, 1.78, 0.97, 1.50, 8.91, 4.46, 1.71, 2.27, 0.03787473303709415
No.374: 1.40, 1.64, 0.88, 1.78, 0.97, 1.50, 8.93, 4.46, 1.71, 2.27, 0.03787200063761636
No.375: 1.40, 1.63, 0.88, 1.78, 0.96, 1.50, 8.93, 4.47, 1.72, 2.28, 0.03787528760155376
No.376: 1.40, 1.64, 0.88, 1.78, 0.97, 1.51, 8.97, 4.45, 1.72, 2.26, 0.037873865038319486
No.377: 1.40, 1.64, 0.88, 1.78, 0.96, 1.50, 8.94, 4.48, 1.71, 2.26, 0.03787127838988376
No.378: 1.40, 1.64, 0.88, 1.78, 0.96, 1.50, 8.94, 4.46, 1.71, 2.27, 0.03787157392385407
No.379: 1.40, 1.64, 0.88, 1.78, 0.96, 1.51, 8.93, 4.47, 1.72, 2.27, 0.037871524606886274
No.380: 1.40, 1.64, 0.88, 1.78, 0.97, 1.50, 8.93, 4.46, 1.71, 2.27, 0.03787200063761636
No.381: 1.40, 1.64, 0.88, 1.78, 0.96, 1.50, 8.97, 4.45, 1.72, 2.28, 0.03787418683230097
No.382: 1.40, 1.64, 0.88, 1.78, 0.97, 1.51, 8.96, 4.47, 1.72, 2.27, 0.0378723241850531
No.383: 1.39, 1.64, 0.88, 1.78, 0.97, 1.51, 8.97, 4.47, 1.72, 2.26, 0.037873496755951135
No.384: 1.40, 1.64, 0.89, 1.78, 0.97, 1.51, 8.96, 4.42, 1.72, 2.28, 0.03787306605876537
No.385: 1.40, 1.63, 0.88, 1.78, 0.96, 1.51, 8.95, 4.45, 1.71, 2.29, 0.037877840107209904
No.386: 1.40, 1.64, 0.88, 1.78, 0.97, 1.51, 8.97, 4.46, 1.72, 2.26, 0.03787381396863213
No.387: 1.40, 1.65, 0.88, 1.78, 0.97, 1.50, 8.95, 4.48, 1.72, 2.25, 0.037882005033889006
No.388: 1.40, 1.63, 0.88, 1.78, 0.96, 1.51, 8.95, 4.45, 1.71, 2.28, 0.037877840107209904
No.389: 1.40, 1.64, 0.88, 1.78, 0.96, 1.50, 8.94, 4.48, 1.71, 2.26, 0.03787127838988376
No.390: 1.40, 1.64, 0.88, 1.78, 0.96, 1.51, 8.93, 4.47, 1.72, 2.27, 0.037871524606886274
No.391: 1.40, 1.64, 0.88, 1.78, 0.96, 1.50, 8.94, 4.47, 1.71, 2.27, 0.03787138858394602
No.392: 1.40, 1.64, 0.88, 1.78, 0.97, 1.50, 8.93, 4.47, 1.71, 2.27, 0.037871785826517956
No.393: 1.40, 1.64, 0.88, 1.78, 0.96, 1.51, 8.96, 4.47, 1.72, 2.27, 0.03787232879265445
No.394: 1.40, 1.64, 0.88, 1.78, 0.97, 1.51, 8.95, 4.43, 1.72, 2.28, 0.03787202476228983
No.395: 1.39, 1.64, 0.88, 1.78, 0.97, 1.51, 8.97, 4.48, 1.72, 2.26, 0.037873935916649615
No.396: 1.40, 1.64, 0.88, 1.78, 0.97, 1.51, 8.97, 4.46, 1.72, 2.26, 0.03787381396863213
No.397: 1.40, 1.64, 0.88, 1.78, 0.96, 1.50, 8.97, 4.46, 1.72, 2.28, 0.03787401527746126
No.398: 1.40, 1.63, 0.88, 1.78, 0.96, 1.51, 8.95, 4.45, 1.71, 2.29, 0.037877840107209904
No.399: 1.40, 1.64, 0.88, 1.78, 0.97, 1.50, 8.95, 4.48, 1.72, 2.25, 0.037871523763195664
No.400: 1.40, 1.63, 0.88, 1.78, 0.97, 1.51, 8.93, 4.48, 1.71, 2.25, 0.03787499273212954
No.401: 1.40, 1.64, 0.88, 1.78, 0.96, 1.50, 8.96, 4.46, 1.72, 2.27, 0.03787257860241843
No.402: 1.41, 1.64, 0.88, 1.78, 0.96, 1.50, 8.93, 4.46, 1.71, 2.27, 0.03788332226018668
No.403: 1.40, 1.64, 0.88, 1.78, 0.97, 1.51, 8.96, 4.47, 1.72, 2.27, 0.0378723241850531
No.404: 1.40, 1.64, 0.88, 1.78, 0.96, 1.50, 8.93, 4.48, 1.72, 2.27, 0.0378716510745526
No.405: 1.40, 1.63, 0.88, 1.78, 0.97, 1.51, 8.92, 4.48, 1.71, 2.26, 0.0378745611814691
No.406: 1.40, 1.64, 0.88, 1.78, 0.96, 1.50, 8.96, 4.46, 1.72, 2.27, 0.03787257860241843
No.407: 1.40, 1.64, 0.88, 1.78, 0.96, 1.50, 8.94, 4.48, 1.71, 2.26, 0.03787127838988376
No.408: 1.40, 1.64, 0.88, 1.78, 0.96, 1.50, 8.94, 4.47, 1.71, 2.27, 0.03787138858394602
No.409: 1.40, 1.64, 0.88, 1.78, 0.97, 1.50, 8.95, 4.48, 1.72, 2.25, 0.037871523763195664
No.410: 1.40, 1.64, 0.88, 1.78, 0.96, 1.51, 8.93, 4.47, 1.72, 2.27, 0.037871524606886274
No.411: 1.40, 1.64, 0.88, 1.78, 0.96, 1.50, 8.93, 4.48, 1.71, 2.27, 0.0378716510745526
No.412: 1.40, 1.64, 0.88, 1.78, 0.97, 1.50, 8.93, 4.47, 1.71, 2.27, 0.037871785826517956
No.413: 1.40, 1.64, 0.88, 1.78, 0.97, 1.51, 8.95, 4.44, 1.72, 2.28, 0.03787176415724934
No.414: 1.40, 1.64, 0.88, 1.78, 0.96, 1.51, 8.96, 4.47, 1.72, 2.27, 0.03787232879265445
No.415: 1.40, 1.64, 0.88, 1.78, 0.96, 1.51, 8.95, 4.47, 1.72, 2.27, 0.03787143785403089
No.416: 1.40, 1.64, 0.88, 1.78, 0.96, 1.50, 8.96, 4.46, 1.72, 2.27, 0.03787257860241843
No.417: 1.40, 1.63, 0.88, 1.78, 0.97, 1.51, 8.93, 4.48, 1.71, 2.26, 0.03787499273212954
No.418: 1.40, 1.64, 0.88, 1.78, 0.96, 1.50, 8.96, 4.47, 1.72, 2.27, 0.03787245254713067
No.419: 1.40, 1.64, 0.88, 1.78, 0.97, 1.51, 8.93, 4.48, 1.71, 2.26, 0.037871500454691585
No.420: 1.40, 1.64, 0.88, 1.78, 0.96, 1.50, 8.92, 4.47, 1.71, 2.27, 0.037872816145848
No.421: 1.40, 1.64, 0.88, 1.78, 0.96, 1.50, 8.95, 4.47, 1.72, 2.27, 0.037871609139237164
No.422: 1.40, 1.64, 0.88, 1.78, 0.96, 1.51, 8.96, 4.48, 1.72, 2.26, 0.03787239821525118
No.423: 1.40, 1.64, 0.88, 1.78, 0.97, 1.50, 8.93, 4.47, 1.71, 2.27, 0.037871785826517956
No.424: 1.40, 1.64, 0.88, 1.78, 0.96, 1.50, 8.94, 4.48, 1.71, 2.26, 0.03787127838988376
No.425: 1.40, 1.64, 0.88, 1.78, 0.96, 1.50, 8.94, 4.47, 1.71, 2.27, 0.03787138858394602
No.426: 1.40, 1.64, 0.88, 1.78, 0.96, 1.51, 8.95, 4.47, 1.72, 2.27, 0.03787143785403089
No.427: 1.40, 1.64, 0.88, 1.78, 0.97, 1.51, 8.93, 4.48, 1.71, 2.26, 0.037871500454691585
No.428: 1.40, 1.64, 0.88, 1.78, 0.97, 1.50, 8.95, 4.48, 1.72, 2.25, 0.037871523763195664
No.429: 1.40, 1.64, 0.88, 1.78, 0.96, 1.51, 8.93, 4.47, 1.72, 2.27, 0.037871524606886274
No.430: 1.40, 1.64, 0.88, 1.78, 0.96, 1.50, 8.95, 4.47, 1.72, 2.27, 0.037871609139237164
No.431: 1.40, 1.64, 0.88, 1.78, 0.96, 1.50, 8.93, 4.48, 1.71, 2.27, 0.0378716510745526
No.432: 1.40, 1.64, 0.88, 1.78, 0.97, 1.51, 8.95, 4.44, 1.72, 2.27, 0.03787176415724934
No.433: 1.40, 1.64, 0.88, 1.78, 0.97, 1.50, 8.93, 4.47, 1.71, 2.27, 0.037871785826517956
No.434: 1.40, 1.64, 0.88, 1.78, 0.96, 1.51, 8.95, 4.48, 1.72, 2.26, 0.037871477617306484
No.435: 1.40, 1.64, 0.87, 1.78, 0.96, 1.50, 8.94, 4.51, 1.71, 2.26, 0.03787138842056694
No.436: 1.40, 1.64, 0.88, 1.78, 0.96, 1.51, 8.96, 4.48, 1.71, 2.26, 0.03787239821525118
No.437: 1.40, 1.64, 0.88, 1.78, 0.96, 1.50, 8.94, 4.48, 1.71, 2.27, 0.03787127838988376
No.438: 1.40, 1.64, 0.88, 1.78, 0.96, 1.50, 8.93, 4.49, 1.71, 2.26, 0.0378715863724311
No.439: 1.40, 1.64, 0.88, 1.78, 0.96, 1.50, 8.93, 4.49, 1.71, 2.26, 0.0378715863724311
No.440: 1.40, 1.64, 0.88, 1.78, 0.96, 1.50, 8.95, 4.48, 1.72, 2.27, 0.037871528548237
No.441: 1.40, 1.64, 0.88, 1.78, 0.96, 1.50, 8.95, 4.48, 1.72, 2.27, 0.037871528548237
No.442: 1.40, 1.64, 0.88, 1.78, 0.96, 1.50, 8.94, 4.48, 1.71, 2.26, 0.03787127838988376
No.443: 1.40, 1.64, 0.88, 1.78, 0.96, 1.50, 8.95, 4.49, 1.71, 2.26, 0.03787152314495553
No.444: 1.40, 1.63, 0.88, 1.78, 0.96, 1.51, 8.93, 4.49, 1.71, 2.27, 0.03787505134280081
No.445: 1.40, 1.64, 0.88, 1.78, 0.97, 1.50, 8.95, 4.48, 1.72, 2.26, 0.037871523763195664
No.446: 1.40, 1.64, 0.88, 1.78, 0.96, 1.50, 8.94, 4.48, 1.71, 2.26, 0.03787127838988376
No.447: 1.40, 1.64, 0.88, 1.78, 0.96, 1.50, 8.94, 4.48, 1.71, 2.27, 0.03787127838988376
No.448: 1.40, 1.64, 0.88, 1.78, 0.96, 1.50, 8.94, 4.48, 1.71, 2.26, 0.03787127838988376
No.449: 1.40, 1.64, 0.87, 1.78, 0.96, 1.50, 8.94, 4.51, 1.71, 2.26, 0.03787138842056694
No.450: 1.40, 1.64, 0.88, 1.78, 0.96, 1.50, 8.94, 4.47, 1.71, 2.27, 0.03787138858394602
No.451: 1.40, 1.64, 0.88, 1.78, 0.96, 1.51, 8.95, 4.47, 1.72, 2.27, 0.03787143785403089
No.452: 1.40, 1.64, 0.88, 1.78, 0.96, 1.51, 8.95, 4.48, 1.72, 2.26, 0.037871477617306484
No.453: 1.40, 1.64, 0.88, 1.78, 0.97, 1.51, 8.93, 4.48, 1.71, 2.26, 0.037871500454691585
No.454: 1.40, 1.64, 0.88, 1.78, 0.96, 1.50, 8.95, 4.49, 1.71, 2.26, 0.03787152314495553
No.455: 1.40, 1.64, 0.88, 1.78, 0.97, 1.50, 8.95, 4.48, 1.72, 2.26, 0.037871523763195664
No.456: 1.40, 1.63, 0.88, 1.78, 0.96, 1.51, 8.93, 4.49, 1.71, 2.27, 0.03787505134280081
No.457: 1.40, 1.64, 0.88, 1.78, 0.97, 1.50, 8.95, 4.48, 1.72, 2.26, 0.037871523763195664
No.458: 1.40, 1.64, 0.88, 1.78, 0.96, 1.50, 8.94, 4.49, 1.71, 2.26, 0.037871243316317874
No.459: 1.40, 1.64, 0.88, 1.78, 0.96, 1.50, 8.94, 4.48, 1.71, 2.27, 0.03787127838988376
No.460: 1.40, 1.64, 0.88, 1.78, 0.96, 1.50, 8.94, 4.49, 1.71, 2.26, 0.037871243316317874
No.461: 1.40, 1.64, 0.87, 1.78, 0.96, 1.50, 8.94, 4.51, 1.71, 2.26, 0.03787138842056694
No.462: 1.40, 1.64, 0.88, 1.78, 0.96, 1.50, 8.94, 4.47, 1.71, 2.27, 0.03787138858394602
No.463: 1.40, 1.64, 0.88, 1.78, 0.96, 1.51, 8.95, 4.47, 1.72, 2.27, 0.03787143785403089
No.464: 1.40, 1.64, 0.88, 1.78, 0.96, 1.51, 8.95, 4.48, 1.72, 2.27, 0.037871477617306484
No.465: 1.40, 1.64, 0.88, 1.78, 0.97, 1.51, 8.93, 4.48, 1.71, 2.26, 0.037871500454691585
No.466: 1.40, 1.64, 0.88, 1.78, 0.96, 1.50, 8.95, 4.49, 1.71, 2.26, 0.03787152314495553
No.467: 1.40, 1.64, 0.88, 1.78, 0.97, 1.50, 8.95, 4.48, 1.72, 2.26, 0.037871523763195664
No.468: 1.40, 1.63, 0.88, 1.78, 0.96, 1.51, 8.93, 4.49, 1.71, 2.27, 0.03787505134280081
No.469: 1.40, 1.64, 0.88, 1.78, 0.97, 1.50, 8.95, 4.48, 1.72, 2.26, 0.037871523763195664
No.470: 1.40, 1.64, 0.88, 1.78, 0.96, 1.50, 8.94, 4.49, 1.71, 2.26, 0.037871243316317874
No.471: 1.40, 1.64, 0.88, 1.78, 0.96, 1.50, 8.94, 4.49, 1.71, 2.27, 0.037871243316317874
No.472: 1.40, 1.64, 0.88, 1.78, 0.96, 1.50, 8.94, 4.48, 1.71, 2.27, 0.03787127838988376
No.473: 1.40, 1.64, 0.87, 1.78, 0.96, 1.50, 8.94, 4.51, 1.71, 2.26, 0.03787138842056694
No.474: 1.40, 1.64, 0.88, 1.78, 0.96, 1.50, 8.94, 4.47, 1.71, 2.27, 0.03787138858394602
No.475: 1.40, 1.64, 0.88, 1.78, 0.96, 1.51, 8.95, 4.48, 1.72, 2.27, 0.037871477617306484
No.476: 1.40, 1.64, 0.88, 1.78, 0.96, 1.51, 8.95, 4.48, 1.72, 2.27, 0.037871477617306484
No.477: 1.40, 1.64, 0.88, 1.78, 0.96, 1.51, 8.93, 4.48, 1.71, 2.26, 0.03787150511173501
No.478: 1.40, 1.64, 0.88, 1.78, 0.96, 1.50, 8.95, 4.49, 1.71, 2.26, 0.03787152314495553
No.479: 1.40, 1.64, 0.88, 1.78, 0.97, 1.50, 8.95, 4.48, 1.72, 2.26, 0.037871523763195664
No.480: 1.40, 1.63, 0.88, 1.78, 0.96, 1.51, 8.94, 4.49, 1.71, 2.27, 0.037876135340347304
No.481: 1.40, 1.64, 0.88, 1.78, 0.97, 1.50, 8.95, 4.48, 1.71, 2.26, 0.037871523763195664
No.482: 1.40, 1.64, 0.88, 1.78, 0.96, 1.50, 8.94, 4.49, 1.71, 2.26, 0.037871243316317874
No.483: 1.40, 1.64, 0.88, 1.78, 0.96, 1.50, 8.94, 4.49, 1.71, 2.27, 0.037871243316317874
No.484: 1.40, 1.64, 0.88, 1.78, 0.96, 1.50, 8.94, 4.48, 1.71, 2.27, 0.03787127838988376
No.485: 1.40, 1.64, 0.88, 1.78, 0.96, 1.50, 8.94, 4.50, 1.71, 2.26, 0.037871283396496425
No.486: 1.40, 1.64, 0.88, 1.78, 0.96, 1.50, 8.94, 4.48, 1.71, 2.27, 0.03787127838988376
No.487: 1.40, 1.64, 0.88, 1.78, 0.96, 1.51, 8.95, 4.48, 1.71, 2.27, 0.037871477617306484
No.488: 1.40, 1.64, 0.88, 1.78, 0.96, 1.51, 8.95, 4.48, 1.72, 2.27, 0.037871477617306484
No.489: 1.40, 1.64, 0.88, 1.78, 0.96, 1.51, 8.94, 4.48, 1.71, 2.27, 0.03787117993935211
No.490: 1.40, 1.64, 0.88, 1.78, 0.96, 1.50, 8.95, 4.49, 1.71, 2.26, 0.03787152314495553
No.491: 1.40, 1.64, 0.88, 1.78, 0.97, 1.50, 8.95, 4.48, 1.72, 2.26, 0.037871523763195664
No.492: 1.40, 1.63, 0.88, 1.78, 0.96, 1.51, 8.94, 4.49, 1.71, 2.27, 0.037876135340347304
No.493: 1.40, 1.64, 0.88, 1.78, 0.97, 1.50, 8.95, 4.48, 1.71, 2.26, 0.037871523763195664
No.494: 1.40, 1.64, 0.88, 1.78, 0.96, 1.50, 8.94, 4.49, 1.71, 2.27, 0.037871243316317874
No.495: 1.40, 1.64, 0.88, 1.78, 0.96, 1.50, 8.94, 4.49, 1.71, 2.26, 0.037871243316317874
No.496: 1.40, 1.64, 0.88, 1.78, 0.96, 1.50, 8.94, 4.49, 1.71, 2.27, 0.037871243316317874
No.497: 1.40, 1.64, 0.88, 1.78, 0.96, 1.50, 8.94, 4.48, 1.71, 2.27, 0.03787127838988376
No.498: 1.40, 1.64, 0.88, 1.78, 0.96, 1.50, 8.94, 4.48, 1.71, 2.27, 0.03787127838988376
No.499: 1.40, 1.64, 0.88, 1.78, 0.96, 1.50, 8.94, 4.50, 1.71, 2.26, 0.037871283396496425
No.500: 1.40, 1.64, 0.88, 1.78, 0.96, 1.51, 8.95, 4.48, 1.71, 2.27, 0.037871477617306484
No.501: 1.40, 1.64, 0.88, 1.78, 0.96, 1.51, 8.95, 4.48, 1.72, 2.27, 0.037871477617306484
No.502: 1.40, 1.64, 0.88, 1.78, 0.96, 1.50, 8.95, 4.49, 1.71, 2.26, 0.03787152314495553
No.503: 1.40, 1.64, 0.88, 1.78, 0.97, 1.50, 8.95, 4.48, 1.72, 2.26, 0.037871523763195664
No.504: 1.40, 1.63, 0.88, 1.78, 0.96, 1.51, 8.94, 4.49, 1.71, 2.27, 0.037876135340347304
No.505: 1.40, 1.64, 0.88, 1.78, 0.97, 1.50, 8.94, 4.48, 1.71, 2.26, 0.03787127352821737
No.506: 1.40, 1.64, 0.88, 1.78, 0.96, 1.51, 8.94, 4.48, 1.72, 2.27, 0.03787117993935211
No.507: 1.40, 1.64, 0.88, 1.78, 0.96, 1.50, 8.93, 4.49, 1.71, 2.27, 0.0378715863724311
No.508: 1.40, 1.64, 0.88, 1.78, 0.96, 1.51, 8.95, 4.48, 1.72, 2.27, 0.037871477617306484
No.509: 1.40, 1.64, 0.88, 1.78, 0.96, 1.51, 8.94, 4.48, 1.72, 2.27, 0.03787117993935211
No.510: 1.40, 1.64, 0.88, 1.78, 0.96, 1.50, 8.94, 4.49, 1.71, 2.27, 0.037871243316317874
No.511: 1.40, 1.64, 0.88, 1.78, 0.96, 1.50, 8.94, 4.48, 1.71, 2.26, 0.03787127838988376
No.512: 1.40, 1.64, 0.88, 1.78, 0.96, 1.50, 8.94, 4.48, 1.71, 2.27, 0.03787127838988376
No.513: 1.40, 1.64, 0.88, 1.78, 0.97, 1.50, 8.94, 4.48, 1.71, 2.26, 0.03787127352821737
No.514: 1.40, 1.64, 0.88, 1.78, 0.96, 1.50, 8.94, 4.48, 1.71, 2.27, 0.03787127838988376
No.515: 1.40, 1.64, 0.88, 1.78, 0.96, 1.50, 8.94, 4.48, 1.71, 2.27, 0.03787127838988376
No.516: 1.40, 1.64, 0.88, 1.78, 0.96, 1.50, 8.94, 4.50, 1.71, 2.26, 0.037871283396496425
No.517: 1.40, 1.64, 0.88, 1.78, 0.96, 1.51, 8.95, 4.48, 1.71, 2.27, 0.037871477617306484
No.518: 1.40, 1.64, 0.88, 1.78, 0.96, 1.51, 8.95, 4.48, 1.72, 2.27, 0.037871477617306484
No.519: 1.40, 1.64, 0.88, 1.78, 0.96, 1.50, 8.93, 4.49, 1.71, 2.27, 0.0378715863724311
No.520: 1.40, 1.64, 0.88, 1.78, 0.96, 1.51, 8.95, 4.48, 1.72, 2.27, 0.037871477617306484
No.521: 1.40, 1.64, 0.88, 1.78, 0.96, 1.51, 8.94, 4.48, 1.71, 2.27, 0.03787117993935211
No.522: 1.40, 1.64, 0.88, 1.78, 0.96, 1.50, 8.94, 4.49, 1.71, 2.27, 0.037871243316317874
No.523: 1.40, 1.64, 0.88, 1.78, 0.97, 1.50, 8.94, 4.48, 1.71, 2.26, 0.03787127352821737
No.524: 1.40, 1.64, 0.88, 1.78, 0.96, 1.50, 8.94, 4.48, 1.71, 2.26, 0.03787127838988376
No.525: 1.40, 1.64, 0.88, 1.78, 0.96, 1.50, 8.94, 4.48, 1.71, 2.27, 0.03787127838988376
No.526: 1.40, 1.64, 0.88, 1.78, 0.96, 1.50, 8.94, 4.48, 1.71, 2.27, 0.03787127838988376
No.527: 1.40, 1.64, 0.88, 1.78, 0.96, 1.50, 8.94, 4.48, 1.71, 2.27, 0.03787127838988376
No.528: 1.40, 1.64, 0.88, 1.78, 0.96, 1.50, 8.94, 4.50, 1.71, 2.26, 0.037871283396496425
No.529: 1.40, 1.64, 0.88, 1.78, 0.96, 1.51, 8.95, 4.48, 1.71, 2.27, 0.037871477617306484
No.530: 1.40, 1.64, 0.88, 1.78, 0.96, 1.51, 8.95, 4.48, 1.72, 2.27, 0.037871477617306484
No.531: 1.40, 1.64, 0.88, 1.78, 0.96, 1.50, 8.93, 4.49, 1.71, 2.27, 0.0378715863724311
No.532: 1.40, 1.64, 0.88, 1.78, 0.96, 1.51, 8.94, 4.48, 1.72, 2.27, 0.03787117993935211
No.533: 1.40, 1.64, 0.88, 1.78, 0.96, 1.50, 8.93, 4.49, 1.71, 2.26, 0.0378715863724311
No.534: 1.40, 1.64, 0.88, 1.78, 0.96, 1.51, 8.94, 4.48, 1.71, 2.27, 0.03787117993935211
No.535: 1.40, 1.64, 0.88, 1.78, 0.96, 1.51, 8.94, 4.47, 1.71, 2.27, 0.037871169802077394
No.536: 1.40, 1.64, 0.88, 1.78, 0.97, 1.51, 8.94, 4.46, 1.72, 2.27, 0.03787122987335914
No.537: 1.40, 1.64, 0.88, 1.78, 0.97, 1.51, 8.94, 4.48, 1.72, 2.27, 0.037871175350642716
No.538: 1.40, 1.64, 0.88, 1.78, 0.96, 1.51, 8.94, 4.48, 1.72, 2.26, 0.03787117993935211
No.539: 1.40, 1.64, 0.88, 1.78, 0.96, 1.51, 8.94, 4.48, 1.72, 2.27, 0.03787117993935211
No.540: 1.40, 1.64, 0.88, 1.78, 0.96, 1.51, 8.94, 4.47, 1.72, 2.27, 0.037871169802077394
No.541: 1.40, 1.63, 0.88, 1.78, 0.96, 1.51, 8.94, 4.47, 1.72, 2.27, 0.03787604327614287
No.542: 1.40, 1.64, 0.88, 1.78, 0.96, 1.50, 8.94, 4.48, 1.71, 2.26, 0.03787127838988376
No.543: 1.40, 1.64, 0.88, 1.78, 0.96, 1.51, 8.94, 4.47, 1.72, 2.27, 0.037871169802077394
No.544: 1.40, 1.64, 0.88, 1.78, 0.97, 1.51, 8.94, 4.48, 1.72, 2.27, 0.037871175350642716
No.545: 1.40, 1.64, 0.88, 1.78, 0.96, 1.51, 8.94, 4.48, 1.71, 2.27, 0.03787117993935211
No.546: 1.40, 1.64, 0.88, 1.78, 0.96, 1.51, 8.94, 4.48, 1.71, 2.27, 0.03787117993935211
No.547: 1.40, 1.64, 0.88, 1.78, 0.96, 1.51, 8.94, 4.48, 1.72, 2.27, 0.03787117993935211
No.548: 1.40, 1.64, 0.88, 1.78, 0.96, 1.51, 8.94, 4.48, 1.71, 2.27, 0.03787117993935211
No.549: 1.40, 1.64, 0.88, 1.78, 0.96, 1.51, 8.94, 4.48, 1.72, 2.26, 0.03787117993935211
No.550: 1.40, 1.64, 0.88, 1.78, 0.96, 1.51, 8.94, 4.47, 1.72, 2.27, 0.037871169802077394
No.551: 1.40, 1.64, 0.88, 1.78, 0.96, 1.50, 8.94, 4.48, 1.71, 2.27, 0.03787127838988376
No.552: 1.40, 1.64, 0.88, 1.78, 0.96, 1.50, 8.94, 4.48, 1.71, 2.26, 0.03787127838988376
No.553: 1.40, 1.63, 0.88, 1.78, 0.96, 1.51, 8.94, 4.47, 1.72, 2.27, 0.03787604327614287
No.554: 1.40, 1.64, 0.88, 1.78, 0.96, 1.50, 8.94, 4.48, 1.71, 2.26, 0.03787127838988376
No.555: 1.40, 1.64, 0.88, 1.78, 0.96, 1.51, 8.94, 4.47, 1.72, 2.27, 0.037871169802077394
No.556: 1.40, 1.64, 0.88, 1.78, 0.96, 1.51, 8.94, 4.47, 1.72, 2.27, 0.037871169802077394
No.557: 1.40, 1.64, 0.88, 1.78, 0.97, 1.51, 8.94, 4.48, 1.72, 2.27, 0.037871175350642716
No.558: 1.40, 1.64, 0.88, 1.78, 0.96, 1.51, 8.94, 4.48, 1.71, 2.27, 0.03787117993935211
No.559: 1.40, 1.64, 0.88, 1.78, 0.96, 1.51, 8.94, 4.48, 1.71, 2.27, 0.03787117993935211
No.560: 1.40, 1.64, 0.88, 1.78, 0.96, 1.51, 8.94, 4.48, 1.72, 2.27, 0.03787117993935211
No.561: 1.40, 1.64, 0.88, 1.78, 0.96, 1.51, 8.94, 4.48, 1.71, 2.27, 0.03787117993935211
No.562: 1.40, 1.64, 0.88, 1.78, 0.96, 1.51, 8.94, 4.48, 1.72, 2.27, 0.03787117993935211
No.563: 1.40, 1.64, 0.88, 1.78, 0.96, 1.50, 8.94, 4.48, 1.71, 2.27, 0.03787127838988376
No.564: 1.40, 1.64, 0.88, 1.78, 0.96, 1.50, 8.94, 4.48, 1.71, 2.26, 0.03787127838988376
No.565: 1.40, 1.63, 0.88, 1.78, 0.96, 1.51, 8.94, 4.47, 1.72, 2.27, 0.03787604327614287
No.566: 1.40, 1.64, 0.88, 1.78, 0.96, 1.50, 8.94, 4.48, 1.71, 2.27, 0.03787127838988376
No.567: 1.40, 1.64, 0.88, 1.78, 0.96, 1.51, 8.94, 4.47, 1.72, 2.27, 0.037871169802077394
No.568: 1.40, 1.64, 0.88, 1.78, 0.96, 1.51, 8.94, 4.47, 1.72, 2.27, 0.037871169802077394
No.569: 1.40, 1.64, 0.88, 1.78, 0.96, 1.51, 8.94, 4.48, 1.72, 2.27, 0.03787117993935211
No.570: 1.40, 1.64, 0.88, 1.78, 0.96, 1.51, 8.94, 4.48, 1.71, 2.27, 0.03787117993935211
No.571: 1.40, 1.64, 0.88, 1.78, 0.96, 1.51, 8.94, 4.47, 1.71, 2.27, 0.037871169802077394
No.572: 1.40, 1.64, 0.88, 1.78, 0.96, 1.51, 8.94, 4.48, 1.72, 2.27, 0.03787117993935211
No.573: 1.40, 1.64, 0.88, 1.78, 0.96, 1.51, 8.94, 4.48, 1.71, 2.27, 0.03787117993935211
No.574: 1.40, 1.64, 0.88, 1.78, 0.96, 1.51, 8.94, 4.48, 1.72, 2.27, 0.03787117993935211
No.575: 1.40, 1.64, 0.88, 1.78, 0.96, 1.51, 8.94, 4.48, 1.71, 2.27, 0.03787117993935211
No.576: 1.40, 1.64, 0.88, 1.78, 0.96, 1.50, 8.94, 4.48, 1.71, 2.26, 0.03787127838988376
No.577: 1.40, 1.63, 0.88, 1.78, 0.96, 1.51, 8.94, 4.47, 1.72, 2.27, 0.03787604327614287
No.578: 1.40, 1.64, 0.88, 1.78, 0.96, 1.50, 8.94, 4.48, 1.71, 2.27, 0.03787127838988376
No.579: 1.40, 1.64, 0.88, 1.78, 0.96, 1.51, 8.94, 4.47, 1.72, 2.27, 0.037871169802077394
No.580: 1.40, 1.64, 0.88, 1.78, 0.96, 1.51, 8.94, 4.47, 1.72, 2.27, 0.037871169802077394
No.581: 1.40, 1.64, 0.88, 1.78, 0.96, 1.51, 8.94, 4.47, 1.71, 2.27, 0.037871169802077394
No.582: 1.40, 1.64, 0.88, 1.78, 0.96, 1.51, 8.94, 4.48, 1.72, 2.27, 0.03787117993935211
No.583: 1.40, 1.64, 0.88, 1.78, 0.96, 1.51, 8.94, 4.48, 1.71, 2.27, 0.03787117993935211
No.584: 1.40, 1.64, 0.88, 1.78, 0.96, 1.51, 8.94, 4.48, 1.72, 2.27, 0.03787117993935211
No.585: 1.40, 1.64, 0.88, 1.78, 0.96, 1.51, 8.94, 4.47, 1.71, 2.27, 0.037871169802077394
No.586: 1.40, 1.64, 0.88, 1.78, 0.96, 1.51, 8.94, 4.47, 1.72, 2.27, 0.037871169802077394
No.587: 1.40, 1.64, 0.88, 1.78, 0.96, 1.51, 8.94, 4.48, 1.71, 2.27, 0.03787117993935211
No.588: 1.40, 1.64, 0.88, 1.78, 0.96, 1.50, 8.94, 4.48, 1.71, 2.27, 0.03787127838988376
No.589: 1.40, 1.63, 0.88, 1.78, 0.96, 1.51, 8.94, 4.47, 1.72, 2.27, 0.03787604327614287
No.590: 1.40, 1.64, 0.88, 1.78, 0.96, 1.51, 8.94, 4.48, 1.71, 2.27, 0.03787117993935211
No.591: 1.40, 1.63, 0.88, 1.78, 0.96, 1.51, 8.94, 4.47, 1.72, 2.27, 0.03787604327614287
No.592: 1.40, 1.64, 0.88, 1.78, 0.96, 1.51, 8.94, 4.48, 1.71, 2.27, 0.03787117993935211
No.593: 1.40, 1.64, 0.88, 1.78, 0.96, 1.51, 8.94, 4.47, 1.72, 2.27, 0.037871169802077394
No.594: 1.40, 1.64, 0.88, 1.78, 0.96, 1.51, 8.94, 4.47, 1.72, 2.27, 0.037871169802077394
No.595: 1.40, 1.64, 0.88, 1.78, 0.96, 1.51, 8.94, 4.47, 1.71, 2.27, 0.037871169802077394
No.596: 1.40, 1.64, 0.88, 1.78, 0.96, 1.51, 8.94, 4.47, 1.71, 2.27, 0.037871169802077394
No.597: 1.40, 1.64, 0.88, 1.78, 0.96, 1.51, 8.94, 4.47, 1.71, 2.27, 0.037871169802077394
No.598: 1.40, 1.64, 0.88, 1.78, 0.96, 1.51, 8.94, 4.48, 1.72, 2.27, 0.03787117993935211
No.599: 1.40, 1.64, 0.88, 1.78, 0.96, 1.51, 8.94, 4.47, 1.71, 2.27, 0.037871169802077394
No.600: 1.40, 1.64, 0.88, 1.78, 0.96, 1.51, 8.94, 4.47, 1.72, 2.27, 0.037871169802077394
No.601: 1.40, 1.64, 0.88, 1.78, 0.96, 1.51, 8.94, 4.48, 1.71, 2.27, 0.03787117993935211
No.602: 1.40, 1.64, 0.88, 1.78, 0.96, 1.51, 8.94, 4.47, 1.71, 2.27, 0.037871169802077394
No.603: 1.40, 1.64, 0.88, 1.78, 0.97, 1.51, 8.94, 4.47, 1.72, 2.27, 0.03787116505637358
No.604: 1.40, 1.64, 0.88, 1.78, 0.97, 1.51, 8.94, 4.47, 1.72, 2.27, 0.03787116505637358
No.605: 1.40, 1.64, 0.88, 1.78, 0.96, 1.51, 8.94, 4.47, 1.71, 2.27, 0.037871169802077394
No.606: 1.40, 1.64, 0.88, 1.78, 0.96, 1.51, 8.94, 4.47, 1.71, 2.27, 0.037871169802077394
No.607: 1.40, 1.64, 0.88, 1.78, 0.96, 1.51, 8.94, 4.47, 1.72, 2.27, 0.037871169802077394
No.608: 1.40, 1.64, 0.88, 1.78, 0.96, 1.51, 8.94, 4.47, 1.71, 2.27, 0.037871169802077394
No.609: 1.40, 1.64, 0.88, 1.78, 0.96, 1.51, 8.94, 4.47, 1.72, 2.27, 0.037871169802077394
No.610: 1.40, 1.64, 0.88, 1.78, 0.96, 1.51, 8.94, 4.47, 1.72, 2.27, 0.037871169802077394
No.611: 1.40, 1.64, 0.88, 1.78, 0.96, 1.51, 8.94, 4.47, 1.72, 2.27, 0.037871169802077394
No.612: 1.40, 1.64, 0.88, 1.78, 0.96, 1.51, 8.94, 4.47, 1.72, 2.27, 0.037871169802077394
No.613: 1.40, 1.64, 0.88, 1.78, 0.96, 1.51, 8.94, 4.47, 1.71, 2.27, 0.037871169802077394
No.614: 1.40, 1.64, 0.88, 1.78, 0.96, 1.51, 8.94, 4.47, 1.72, 2.27, 0.037871169802077394
No.615: 1.40, 1.64, 0.88, 1.78, 0.96, 1.51, 8.94, 4.47, 1.71, 2.27, 0.037871169802077394
No.616: 1.40, 1.64, 0.88, 1.78, 0.96, 1.51, 8.94, 4.47, 1.72, 2.27, 0.037871169802077394
No.617: 1.40, 1.64, 0.88, 1.78, 0.96, 1.51, 8.94, 4.47, 1.71, 2.27, 0.037871169802077394
No.618: 1.40, 1.64, 0.88, 1.78, 0.96, 1.51, 8.94, 4.47, 1.71, 2.27, 0.037871169802077394
No.619: 1.40, 1.64, 0.88, 1.78, 0.96, 1.51, 8.94, 4.47, 1.72, 2.27, 0.037871169802077394
No.620: 1.40, 1.64, 0.88, 1.78, 0.96, 1.51, 8.94, 4.47, 1.71, 2.27, 0.037871169802077394
No.621: 1.40, 1.64, 0.88, 1.78, 0.96, 1.51, 8.94, 4.47, 1.72, 2.27, 0.037871169802077394
No.622: 1.40, 1.64, 0.88, 1.78, 0.96, 1.51, 8.94, 4.47, 1.72, 2.27, 0.037871169802077394
No.623: 1.40, 1.64, 0.88, 1.78, 0.96, 1.51, 8.94, 4.47, 1.72, 2.27, 0.037871169802077394
No.624: 1.40, 1.64, 0.88, 1.78, 0.96, 1.51, 8.94, 4.47, 1.72, 2.27, 0.037871169802077394
No.625: 1.40, 1.64, 0.88, 1.78, 0.96, 1.51, 8.94, 4.47, 1.71, 2.27, 0.037871169802077394
No.626: 1.40, 1.64, 0.88, 1.78, 0.96, 1.51, 8.94, 4.47, 1.72, 2.27, 0.037871169802077394
No.627: 1.40, 1.64, 0.88, 1.78, 0.96, 1.51, 8.94, 4.47, 1.71, 2.27, 0.037871169802077394
No.628: 1.40, 1.64, 0.88, 1.78, 0.96, 1.51, 8.94, 4.47, 1.72, 2.27, 0.037871169802077394
No.629: 1.40, 1.64, 0.88, 1.78, 0.96, 1.51, 8.94, 4.47, 1.72, 2.27, 0.037871169802077394
No.630: 1.40, 1.64, 0.88, 1.78, 0.96, 1.51, 8.94, 4.47, 1.71, 2.27, 0.037871169802077394
No.631: 1.40, 1.64, 0.88, 1.78, 0.96, 1.51, 8.94, 4.47, 1.72, 2.27, 0.037871169802077394
No.632: 1.40, 1.64, 0.88, 1.78, 0.96, 1.51, 8.94, 4.47, 1.71, 2.27, 0.037871169802077394
No.633: 1.40, 1.64, 0.88, 1.78, 0.96, 1.51, 8.94, 4.47, 1.72, 2.27, 0.037871169802077394
No.634: 1.40, 1.64, 0.88, 1.78, 0.96, 1.51, 8.94, 4.47, 1.72, 2.27, 0.037871169802077394
No.635: 1.40, 1.64, 0.88, 1.78, 0.96, 1.51, 8.94, 4.47, 1.72, 2.27, 0.037871169802077394
No.636: 1.40, 1.64, 0.88, 1.78, 0.96, 1.51, 8.94, 4.47, 1.72, 2.27, 0.037871169802077394
No.637: 1.40, 1.64, 0.88, 1.78, 0.96, 1.51, 8.94, 4.47, 1.72, 2.27, 0.037871169802077394
No.638: 1.40, 1.64, 0.88, 1.78, 0.96, 1.51, 8.94, 4.47, 1.72, 2.27, 0.037871169802077394
No.639: 1.40, 1.64, 0.88, 1.78, 0.96, 1.51, 8.94, 4.47, 1.71, 2.27, 0.037871169802077394
No.640: 1.40, 1.64, 0.88, 1.78, 0.96, 1.51, 8.94, 4.47, 1.72, 2.27, 0.037871169802077394
No.641: 1.40, 1.64, 0.88, 1.78, 0.96, 1.51, 8.94, 4.47, 1.72, 2.27, 0.037871169802077394
No.642: 1.40, 1.64, 0.88, 1.78, 0.96, 1.51, 8.94, 4.47, 1.71, 2.27, 0.037871169802077394
No.643: 1.40, 1.64, 0.88, 1.78, 0.96, 1.51, 8.94, 4.47, 1.72, 2.27, 0.037871169802077394
No.644: 1.40, 1.64, 0.88, 1.78, 0.96, 1.51, 8.94, 4.47, 1.71, 2.27, 0.037871169802077394
No.645: 1.40, 1.64, 0.88, 1.78, 0.96, 1.51, 8.94, 4.47, 1.72, 2.27, 0.037871169802077394
No.646: 1.40, 1.64, 0.88, 1.78, 0.96, 1.51, 8.94, 4.47, 1.72, 2.27, 0.037871169802077394
No.647: 1.40, 1.64, 0.88, 1.78, 0.96, 1.51, 8.94, 4.47, 1.72, 2.27, 0.037871169802077394
No.648: 1.40, 1.64, 0.88, 1.78, 0.96, 1.51, 8.94, 4.47, 1.72, 2.27, 0.037871169802077394
No.649: 1.40, 1.64, 0.88, 1.78, 0.96, 1.51, 8.94, 4.47, 1.72, 2.27, 0.037871169802077394
No.650: 1.40, 1.64, 0.88, 1.78, 0.96, 1.51, 8.94, 4.47, 1.72, 2.27, 0.037871169802077394
No.651: 1.40, 1.64, 0.88, 1.78, 0.96, 1.51, 8.94, 4.47, 1.71, 2.27, 0.037871169802077394
No.652: 1.40, 1.64, 0.88, 1.78, 0.96, 1.51, 8.94, 4.47, 1.72, 2.27, 0.037871169802077394
No.653: 1.40, 1.64, 0.88, 1.78, 0.96, 1.51, 8.94, 4.47, 1.72, 2.27, 0.037871169802077394
No.654: 1.40, 1.64, 0.88, 1.78, 0.96, 1.51, 8.94, 4.47, 1.71, 2.27, 0.037871169802077394
No.655: 1.40, 1.64, 0.88, 1.78, 0.96, 1.51, 8.94, 4.47, 1.72, 2.27, 0.037871169802077394
No.656: 1.40, 1.64, 0.88, 1.78, 0.96, 1.51, 8.94, 4.47, 1.72, 2.27, 0.037871169802077394
No.657: 1.40, 1.64, 0.88, 1.78, 0.97, 1.51, 8.94, 4.47, 1.72, 2.27, 0.03787116505637358
No.658: 1.40, 1.64, 0.88, 1.78, 0.96, 1.51, 8.94, 4.47, 1.72, 2.27, 0.037871169802077394
No.659: 1.40, 1.64, 0.88, 1.78, 0.97, 1.51, 8.94, 4.47, 1.72, 2.27, 0.03787116505637358
No.660: 1.40, 1.64, 0.88, 1.78, 0.96, 1.51, 8.94, 4.47, 1.72, 2.27, 0.037871169802077394
No.661: 1.40, 1.64, 0.88, 1.78, 0.96, 1.51, 8.94, 4.47, 1.72, 2.27, 0.037871169802077394
No.662: 1.40, 1.64, 0.88, 1.78, 0.96, 1.51, 8.94, 4.47, 1.72, 2.27, 0.037871169802077394
No.663: 1.40, 1.64, 0.88, 1.78, 0.96, 1.51, 8.94, 4.47, 1.71, 2.27, 0.037871169802077394
No.664: 1.40, 1.64, 0.88, 1.78, 0.96, 1.51, 8.94, 4.47, 1.72, 2.27, 0.037871169802077394
No.665: 1.40, 1.64, 0.88, 1.78, 0.96, 1.51, 8.94, 4.47, 1.72, 2.27, 0.037871169802077394
No.666: 1.40, 1.64, 0.88, 1.78, 0.96, 1.51, 8.94, 4.47, 1.72, 2.27, 0.037871169802077394
No.667: 1.40, 1.64, 0.88, 1.78, 0.97, 1.51, 8.94, 4.47, 1.72, 2.27, 0.03787116505637358
No.668: 1.40, 1.64, 0.88, 1.78, 0.96, 1.51, 8.94, 4.47, 1.72, 2.27, 0.037871169802077394
No.669: 1.40, 1.64, 0.88, 1.78, 0.96, 1.51, 8.94, 4.47, 1.72, 2.27, 0.037871169802077394
No.670: 1.40, 1.64, 0.88, 1.78, 0.97, 1.51, 8.94, 4.47, 1.72, 2.27, 0.03787116505637358
No.671: 1.40, 1.64, 0.88, 1.78, 0.97, 1.51, 8.94, 4.47, 1.72, 2.27, 0.03787116505637358
No.672: 1.40, 1.64, 0.88, 1.78, 0.97, 1.51, 8.94, 4.47, 1.72, 2.27, 0.03787116505637358
No.673: 1.40, 1.64, 0.88, 1.78, 0.96, 1.51, 8.94, 4.47, 1.72, 2.27, 0.037871169802077394
No.674: 1.40, 1.64, 0.88, 1.78, 0.96, 1.51, 8.94, 4.47, 1.72, 2.27, 0.037871169802077394
No.675: 1.40, 1.64, 0.88, 1.78, 0.96, 1.51, 8.94, 4.47, 1.72, 2.27, 0.037871169802077394
No.676: 1.40, 1.64, 0.88, 1.78, 0.96, 1.51, 8.94, 4.47, 1.72, 2.27, 0.037871169802077394
No.677: 1.40, 1.64, 0.88, 1.78, 0.96, 1.51, 8.94, 4.47, 1.72, 2.27, 0.037871169802077394
No.678: 1.40, 1.64, 0.88, 1.78, 0.96, 1.51, 8.94, 4.47, 1.72, 2.27, 0.037871169802077394
No.679: 1.40, 1.64, 0.88, 1.78, 0.97, 1.51, 8.94, 4.47, 1.72, 2.27, 0.03787116505637358
No.680: 1.40, 1.64, 0.88, 1.78, 0.97, 1.51, 8.94, 4.47, 1.72, 2.27, 0.03787116505637358
No.681: 1.40, 1.64, 0.88, 1.78, 0.97, 1.51, 8.94, 4.47, 1.72, 2.27, 0.03787116505637358
No.682: 1.40, 1.64, 0.88, 1.78, 0.97, 1.51, 8.94, 4.47, 1.72, 2.27, 0.03787116505637358
No.683: 1.40, 1.64, 0.88, 1.78, 0.97, 1.51, 8.94, 4.47, 1.72, 2.27, 0.03787116505637358
No.684: 1.40, 1.64, 0.88, 1.78, 0.97, 1.51, 8.94, 4.47, 1.72, 2.27, 0.03787116505637358
No.685: 1.40, 1.64, 0.88, 1.78, 0.97, 1.51, 8.94, 4.47, 1.72, 2.27, 0.03787116505637358
No.686: 1.40, 1.64, 0.88, 1.78, 0.97, 1.51, 8.94, 4.47, 1.72, 2.27, 0.03787116505637358
No.687: 1.40, 1.64, 0.88, 1.78, 0.97, 1.51, 8.94, 4.47, 1.72, 2.27, 0.03787116505637358
No.688: 1.40, 1.64, 0.88, 1.78, 0.97, 1.51, 8.94, 4.47, 1.72, 2.27, 0.03787116505637358
No.689: 1.40, 1.64, 0.88, 1.78, 0.97, 1.51, 8.94, 4.47, 1.72, 2.27, 0.03787116505637358
No.690: 1.40, 1.64, 0.88, 1.78, 0.97, 1.51, 8.94, 4.47, 1.72, 2.27, 0.03787116505637358
No.691: 1.40, 1.64, 0.88, 1.78, 0.97, 1.51, 8.94, 4.47, 1.72, 2.27, 0.03787116505637358
No.692: 1.40, 1.64, 0.88, 1.78, 0.97, 1.51, 8.94, 4.47, 1.72, 2.27, 0.03787116505637358
No.693: 1.40, 1.64, 0.88, 1.78, 0.97, 1.51, 8.94, 4.47, 1.72, 2.27, 0.03787116505637358
No.694: 1.40, 1.64, 0.88, 1.78, 0.97, 1.51, 8.94, 4.47, 1.72, 2.27, 0.03787116505637358
No.695: 1.40, 1.64, 0.88, 1.78, 0.97, 1.51, 8.94, 4.47, 1.72, 2.27, 0.03787116505637358
No.696: 1.40, 1.64, 0.88, 1.78, 0.97, 1.51, 8.94, 4.47, 1.72, 2.27, 0.03787116505637358
No.697: 1.40, 1.64, 0.88, 1.78, 0.97, 1.51, 8.94, 4.47, 1.72, 2.27, 0.03787116505637358
No.698: 1.40, 1.64, 0.88, 1.78, 0.97, 1.51, 8.94, 4.47, 1.72, 2.27, 0.03787116505637358
No.699: 1.40, 1.64, 0.88, 1.78, 0.97, 1.51, 8.94, 4.47, 1.72, 2.27, 0.03787116505637358
No.700: 1.40, 1.64, 0.88, 1.78, 0.97, 1.51, 8.94, 4.47, 1.72, 2.27, 0.03787116505637358
No.701: 1.40, 1.64, 0.88, 1.78, 0.97, 1.51, 8.94, 4.47, 1.72, 2.27, 0.03787116505637358
No.702: 1.40, 1.64, 0.88, 1.78, 0.97, 1.51, 8.94, 4.47, 1.72, 2.27, 0.03787116505637358
No.703: 1.40, 1.64, 0.88, 1.78, 0.97, 1.51, 8.94, 4.47, 1.72, 2.27, 0.03787116505637358
No.704: 1.40, 1.64, 0.88, 1.78, 0.97, 1.51, 8.94, 4.47, 1.72, 2.27, 0.03787116505637358
No.705: 1.40, 1.64, 0.88, 1.78, 0.97, 1.51, 8.94, 4.47, 1.72, 2.27, 0.03787116505637358
No.706: 1.40, 1.64, 0.88, 1.78, 0.97, 1.51, 8.94, 4.47, 1.72, 2.27, 0.03787116505637358
No.707: 1.40, 1.64, 0.88, 1.78, 0.97, 1.51, 8.94, 4.47, 1.72, 2.27, 0.03787116505637358
No.708: 1.40, 1.64, 0.88, 1.78, 0.97, 1.51, 8.94, 4.47, 1.72, 2.27, 0.03787116505637358
No.709: 1.40, 1.64, 0.88, 1.78, 0.97, 1.51, 8.94, 4.47, 1.72, 2.27, 0.03787116505637358
No.710: 1.40, 1.64, 0.88, 1.78, 0.97, 1.51, 8.94, 4.47, 1.72, 2.27, 0.03787116505637358
No.711: 1.40, 1.64, 0.88, 1.78, 0.97, 1.51, 8.94, 4.47, 1.72, 2.27, 0.03787116505637358
No.712: 1.40, 1.64, 0.88, 1.78, 0.97, 1.51, 8.94, 4.47, 1.72, 2.27, 0.03787116505637358
No.713: 1.40, 1.64, 0.88, 1.78, 0.97, 1.51, 8.94, 4.47, 1.72, 2.27, 0.03787116505637358
No.714: 1.40, 1.64, 0.88, 1.78, 0.97, 1.51, 8.94, 4.47, 1.72, 2.27, 0.03787116505637358
No.715: 1.40, 1.64, 0.88, 1.78, 0.97, 1.51, 8.94, 4.47, 1.72, 2.27, 0.03787116505637358
No.716: 1.40, 1.64, 0.88, 1.78, 0.97, 1.51, 8.94, 4.47, 1.72, 2.27, 0.03787116505637358
No.717: 1.40, 1.64, 0.88, 1.78, 0.97, 1.51, 8.94, 4.47, 1.72, 2.27, 0.03787116505637358
No.718: 1.40, 1.64, 0.88, 1.78, 0.97, 1.51, 8.94, 4.47, 1.72, 2.27, 0.03787116505637358
No.719: 1.40, 1.64, 0.88, 1.78, 0.97, 1.51, 8.94, 4.47, 1.72, 2.27, 0.03787116505637358
No.720: 1.40, 1.64, 0.88, 1.78, 0.97, 1.51, 8.94, 4.47, 1.72, 2.27, 0.03787116505637358
No.721: 1.40, 1.64, 0.88, 1.78, 0.97, 1.51, 8.94, 4.47, 1.72, 2.27, 0.03787116505637358
No.722: 1.40, 1.64, 0.88, 1.78, 0.97, 1.51, 8.94, 4.47, 1.72, 2.27, 0.03787116505637358
No.723: 1.40, 1.64, 0.88, 1.78, 0.97, 1.51, 8.94, 4.47, 1.72, 2.27, 0.03787116505637358
No.724: 1.40, 1.64, 0.88, 1.78, 0.97, 1.51, 8.94, 4.47, 1.72, 2.27, 0.03787116505637358
No.725: 1.40, 1.64, 0.88, 1.78, 0.97, 1.51, 8.94, 4.47, 1.72, 2.27, 0.03787116505637358
No.726: 1.40, 1.64, 0.88, 1.78, 0.97, 1.51, 8.94, 4.47, 1.72, 2.27, 0.03787116505637358
No.727: 1.40, 1.64, 0.88, 1.78, 0.97, 1.51, 8.94, 4.47, 1.72, 2.27, 0.03787116505637358
No.728: 1.40, 1.64, 0.88, 1.78, 0.97, 1.51, 8.94, 4.47, 1.72, 2.27, 0.03787116505637358
No.729: 1.40, 1.64, 0.88, 1.78, 0.97, 1.51, 8.94, 4.47, 1.72, 2.27, 0.03787116505637358
No.730: 1.40, 1.64, 0.88, 1.78, 0.97, 1.51, 8.94, 4.47, 1.72, 2.27, 0.03787116505637358
No.731: 1.40, 1.64, 0.88, 1.78, 0.97, 1.51, 8.94, 4.47, 1.72, 2.27, 0.03787116505637358
No.732: 1.40, 1.64, 0.88, 1.78, 0.97, 1.51, 8.94, 4.47, 1.72, 2.27, 0.03787116505637358
No.733: 1.40, 1.64, 0.88, 1.78, 0.97, 1.51, 8.94, 4.47, 1.72, 2.27, 0.03787116505637358
No.734: 1.40, 1.64, 0.88, 1.78, 0.97, 1.51, 8.94, 4.47, 1.72, 2.27, 0.03787116505637358
No.735: 1.40, 1.64, 0.88, 1.78, 0.97, 1.51, 8.94, 4.47, 1.72, 2.27, 0.03787116505637358
No.736: 1.40, 1.64, 0.88, 1.78, 0.97, 1.51, 8.94, 4.47, 1.72, 2.27, 0.03787116505637358
No.737: 1.40, 1.64, 0.88, 1.78, 0.97, 1.51, 8.94, 4.47, 1.72, 2.27, 0.03787116505637358
No.738: 1.40, 1.64, 0.88, 1.78, 0.97, 1.51, 8.94, 4.47, 1.72, 2.27, 0.03787116505637358
No.739: 1.40, 1.64, 0.88, 1.78, 0.97, 1.51, 8.94, 4.47, 1.72, 2.27, 0.03787116505637358
No.740: 1.40, 1.64, 0.88, 1.78, 0.97, 1.51, 8.94, 4.47, 1.72, 2.27, 0.03787116505637358
No.741: 1.40, 1.64, 0.88, 1.78, 0.97, 1.51, 8.94, 4.47, 1.72, 2.27, 0.03787116505637358
No.742: 1.40, 1.64, 0.88, 1.78, 0.97, 1.51, 8.94, 4.47, 1.72, 2.27, 0.03787116505637358
No.743: 1.40, 1.64, 0.88, 1.78, 0.97, 1.51, 8.94, 4.47, 1.72, 2.27, 0.03787116505637358
No.744: 1.40, 1.64, 0.88, 1.78, 0.97, 1.51, 8.94, 4.47, 1.72, 2.27, 0.03787116505637358
No.745: 1.40, 1.64, 0.88, 1.78, 0.97, 1.51, 8.94, 4.47, 1.72, 2.27, 0.03787116505637358
No.746: 1.40, 1.64, 0.88, 1.78, 0.97, 1.51, 8.94, 4.47, 1.72, 2.27, 0.03787116505637358
No.747: 1.40, 1.64, 0.88, 1.78, 0.97, 1.51, 8.94, 4.47, 1.72, 2.27, 0.03787116505637358
No.748: 1.40, 1.64, 0.88, 1.78, 0.97, 1.51, 8.94, 4.47, 1.72, 2.27, 0.03787116505637358
No.749: 1.40, 1.64, 0.88, 1.78, 0.97, 1.51, 8.94, 4.47, 1.72, 2.27, 0.03787116505637358
No.750: 1.40, 1.64, 0.88, 1.78, 0.97, 1.51, 8.94, 4.47, 1.72, 2.27, 0.03787116505637358
No.751: 1.40, 1.64, 0.88, 1.78, 0.97, 1.51, 8.94, 4.47, 1.72, 2.27, 0.03787116505637358
No.752: 1.40, 1.64, 0.88, 1.78, 0.97, 1.51, 8.94, 4.47, 1.72, 2.27, 0.03787116505637358
No.753: 1.40, 1.64, 0.88, 1.78, 0.97, 1.51, 8.94, 4.47, 1.72, 2.27, 0.03787116505637358
No.754: 1.40, 1.64, 0.88, 1.78, 0.97, 1.51, 8.94, 4.47, 1.72, 2.27, 0.03787116505637358
No.755: 1.40, 1.64, 0.88, 1.78, 0.97, 1.51, 8.94, 4.47, 1.72, 2.27, 0.03787116505637358
No.756: 1.40, 1.64, 0.88, 1.78, 0.97, 1.51, 8.94, 4.47, 1.72, 2.27, 0.03787116505637358
No.757: 1.40, 1.64, 0.88, 1.78, 0.97, 1.51, 8.94, 4.47, 1.72, 2.27, 0.03787116505637358
No.758: 1.40, 1.64, 0.88, 1.78, 0.97, 1.51, 8.94, 4.47, 1.72, 2.27, 0.03787116505637358
No.759: 1.40, 1.64, 0.88, 1.78, 0.97, 1.51, 8.94, 4.47, 1.72, 2.27, 0.03787116505637358
No.760: 1.40, 1.64, 0.88, 1.78, 0.97, 1.51, 8.94, 4.47, 1.72, 2.27, 0.03787116505637358
No.761: 1.40, 1.64, 0.88, 1.78, 0.97, 1.51, 8.94, 4.47, 1.72, 2.27, 0.03787116505637358
No.762: 1.40, 1.64, 0.88, 1.78, 0.97, 1.51, 8.94, 4.47, 1.72, 2.27, 0.03787116505637358
No.763: 1.40, 1.64, 0.88, 1.78, 0.97, 1.51, 8.94, 4.47, 1.72, 2.27, 0.03787116505637358
No.764: 1.40, 1.64, 0.88, 1.78, 0.97, 1.51, 8.94, 4.47, 1.72, 2.27, 0.03787116505637358
No.765: 1.40, 1.64, 0.88, 1.78, 0.97, 1.51, 8.94, 4.47, 1.72, 2.27, 0.03787116505637358
No.766: 1.40, 1.64, 0.88, 1.78, 0.97, 1.51, 8.94, 4.47, 1.72, 2.27, 0.03787116505637358
No.767: 1.40, 1.64, 0.88, 1.78, 0.97, 1.51, 8.94, 4.47, 1.72, 2.27, 0.03787116505637358
No.768: 1.40, 1.64, 0.88, 1.78, 0.97, 1.51, 8.94, 4.47, 1.72, 2.27, 0.03787116505637358
No.769: 1.40, 1.64, 0.88, 1.78, 0.97, 1.51, 8.94, 4.47, 1.72, 2.27, 0.03787116505637358
No.770: 1.40, 1.64, 0.88, 1.78, 0.97, 1.51, 8.94, 4.47, 1.72, 2.27, 0.03787116505637358
No.771: 1.40, 1.64, 0.88, 1.78, 0.97, 1.51, 8.94, 4.47, 1.72, 2.27, 0.03787116505637358
No.772: 1.40, 1.64, 0.88, 1.78, 0.97, 1.51, 8.94, 4.47, 1.72, 2.27, 0.03787116505637358
No.773: 1.40, 1.64, 0.88, 1.78, 0.97, 1.51, 8.94, 4.47, 1.72, 2.27, 0.03787116505637358
No.774: 1.40, 1.64, 0.88, 1.78, 0.97, 1.51, 8.94, 4.47, 1.72, 2.27, 0.03787116505637358
No.775: 1.40, 1.64, 0.88, 1.78, 0.97, 1.51, 8.94, 4.47, 1.72, 2.27, 0.03787116505637358
No.776: 1.40, 1.64, 0.88, 1.78, 0.97, 1.51, 8.94, 4.47, 1.72, 2.27, 0.03787116505637358
No.777: 1.40, 1.64, 0.88, 1.78, 0.97, 1.51, 8.94, 4.47, 1.72, 2.27, 0.03787116505637358
No.778: 1.40, 1.64, 0.88, 1.78, 0.97, 1.51, 8.94, 4.47, 1.72, 2.27, 0.03787116505637358
No.779: 1.40, 1.64, 0.88, 1.78, 0.97, 1.51, 8.94, 4.47, 1.72, 2.27, 0.03787116505637358
No.780: 1.40, 1.64, 0.88, 1.78, 0.97, 1.51, 8.94, 4.47, 1.72, 2.27, 0.03787116505637358
No.781: 1.40, 1.64, 0.88, 1.78, 0.97, 1.51, 8.94, 4.47, 1.72, 2.27, 0.03787116505637358
No.782: 1.40, 1.64, 0.88, 1.78, 0.97, 1.51, 8.94, 4.47, 1.72, 2.27, 0.03787116505637358
No.783: 1.40, 1.64, 0.88, 1.78, 0.97, 1.51, 8.94, 4.47, 1.72, 2.27, 0.03787116505637358
No.784: 1.40, 1.64, 0.88, 1.78, 0.97, 1.51, 8.94, 4.47, 1.72, 2.27, 0.03787116505637358
No.785: 1.40, 1.64, 0.88, 1.78, 0.97, 1.51, 8.94, 4.47, 1.72, 2.27, 0.03787116505637358
No.786: 1.40, 1.64, 0.88, 1.78, 0.97, 1.51, 8.94, 4.47, 1.72, 2.27, 0.03787116505637358
No.787: 1.40, 1.64, 0.88, 1.78, 0.97, 1.51, 8.94, 4.47, 1.72, 2.27, 0.03787116505637358
No.788: 1.40, 1.64, 0.88, 1.78, 0.97, 1.51, 8.94, 4.47, 1.72, 2.27, 0.03787116505637358
No.789: 1.40, 1.64, 0.88, 1.78, 0.97, 1.51, 8.94, 4.47, 1.72, 2.27, 0.03787116505637358
No.790: 1.40, 1.64, 0.88, 1.78, 0.97, 1.51, 8.94, 4.47, 1.72, 2.27, 0.03787116505637358
No.791: 1.40, 1.64, 0.88, 1.78, 0.97, 1.51, 8.94, 4.47, 1.72, 2.27, 0.03787116505637358
No.792: 1.40, 1.64, 0.88, 1.78, 0.97, 1.51, 8.94, 4.47, 1.72, 2.27, 0.03787116505637358
No.793: 1.40, 1.64, 0.88, 1.78, 0.97, 1.51, 8.94, 4.47, 1.72, 2.27, 0.03787116505637358
No.794: 1.40, 1.64, 0.88, 1.78, 0.97, 1.51, 8.94, 4.47, 1.72, 2.27, 0.03787116505637358
No.795: 1.40, 1.64, 0.88, 1.78, 0.97, 1.51, 8.94, 4.47, 1.72, 2.27, 0.03787116505637358
No.796: 1.40, 1.64, 0.88, 1.78, 0.97, 1.51, 8.94, 4.47, 1.72, 2.27, 0.03787116505637358
No.797: 1.40, 1.64, 0.88, 1.78, 0.97, 1.51, 8.94, 4.47, 1.72, 2.27, 0.03787116505637358
No.798: 1.40, 1.64, 0.88, 1.78, 0.97, 1.51, 8.94, 4.47, 1.72, 2.27, 0.03787116505637358
No.799: 1.40, 1.64, 0.88, 1.78, 0.97, 1.51, 8.94, 4.47, 1.72, 2.27, 0.03787116505637358
No.800: 1.40, 1.64, 0.88, 1.78, 0.97, 1.51, 8.94, 4.47, 1.72, 2.27, 0.03787116505637358
No.801: 1.40, 1.64, 0.88, 1.78, 0.97, 1.51, 8.94, 4.47, 1.72, 2.27, 0.03787116505637358
No.802: 1.40, 1.64, 0.88, 1.78, 0.97, 1.51, 8.94, 4.47, 1.72, 2.27, 0.03787116505637358
No.803: 1.40, 1.64, 0.88, 1.78, 0.97, 1.51, 8.94, 4.47, 1.72, 2.27, 0.03787116505637358
No.804: 1.40, 1.64, 0.88, 1.78, 0.97, 1.51, 8.94, 4.47, 1.72, 2.27, 0.03787116505637358
No.805: 1.40, 1.64, 0.88, 1.78, 0.97, 1.51, 8.94, 4.47, 1.72, 2.27, 0.03787116505637358
No.806: 1.40, 1.64, 0.88, 1.78, 0.97, 1.51, 8.94, 4.47, 1.72, 2.27, 0.03787116505637358
No.807: 1.40, 1.64, 0.88, 1.78, 0.97, 1.51, 8.94, 4.47, 1.72, 2.27, 0.03787116505637358
No.808: 1.40, 1.64, 0.88, 1.78, 0.97, 1.51, 8.94, 4.47, 1.72, 2.27, 0.03787116505637358
No.809: 1.40, 1.64, 0.88, 1.78, 0.97, 1.51, 8.94, 4.47, 1.72, 2.27, 0.03787116505637358
No.810: 1.40, 1.64, 0.88, 1.78, 0.97, 1.51, 8.94, 4.47, 1.72, 2.27, 0.03787116505637358
No.811: 1.40, 1.64, 0.88, 1.78, 0.97, 1.51, 8.94, 4.47, 1.72, 2.27, 0.03787116505637358
No.812: 1.40, 1.64, 0.88, 1.78, 0.97, 1.51, 8.94, 4.47, 1.72, 2.27, 0.03787116505637358
No.813: 1.40, 1.64, 0.88, 1.78, 0.97, 1.51, 8.94, 4.47, 1.72, 2.27, 0.03787116505637358
No.814: 1.40, 1.64, 0.88, 1.78, 0.97, 1.51, 8.94, 4.47, 1.72, 2.27, 0.03787116505637358
No.815: 1.40, 1.64, 0.88, 1.78, 0.97, 1.51, 8.94, 4.47, 1.72, 2.27, 0.03787116505637358
No.816: 1.40, 1.64, 0.88, 1.78, 0.97, 1.51, 8.94, 4.47, 1.72, 2.27, 0.03787116505637358
No.817: 1.40, 1.64, 0.88, 1.78, 0.97, 1.51, 8.94, 4.47, 1.72, 2.27, 0.03787116505637358
No.818: 1.40, 1.64, 0.88, 1.78, 0.97, 1.51, 8.94, 4.47, 1.72, 2.27, 0.03787116505637358
No.819: 1.40, 1.64, 0.88, 1.78, 0.97, 1.51, 8.94, 4.47, 1.72, 2.27, 0.03787116505637358
No.820: 1.40, 1.64, 0.88, 1.78, 0.97, 1.51, 8.94, 4.47, 1.72, 2.27, 0.03787116505637358
No.821: 1.40, 1.64, 0.88, 1.78, 0.97, 1.51, 8.94, 4.47, 1.72, 2.27, 0.03787116505637358
No.822: 1.40, 1.64, 0.88, 1.78, 0.97, 1.51, 8.94, 4.47, 1.72, 2.27, 0.03787116505637358
No.823: 1.40, 1.64, 0.88, 1.78, 0.97, 1.51, 8.94, 4.47, 1.72, 2.27, 0.03787116505637358
No.824: 1.40, 1.64, 0.88, 1.78, 0.97, 1.51, 8.94, 4.47, 1.72, 2.27, 0.03787116505637358
No.825: 1.40, 1.64, 0.88, 1.78, 0.97, 1.51, 8.94, 4.47, 1.72, 2.27, 0.03787116505637358
No.826: 1.40, 1.64, 0.88, 1.78, 0.97, 1.51, 8.94, 4.47, 1.72, 2.27, 0.03787116505637358
No.827: 1.40, 1.64, 0.88, 1.78, 0.97, 1.51, 8.94, 4.47, 1.72, 2.27, 0.03787116505637358
No.828: 1.40, 1.64, 0.88, 1.78, 0.97, 1.51, 8.94, 4.47, 1.72, 2.27, 0.03787116505637358
No.829: 1.40, 1.64, 0.88, 1.78, 0.97, 1.51, 8.94, 4.47, 1.72, 2.27, 0.03787116505637358
No.830: 1.40, 1.64, 0.88, 1.78, 0.97, 1.51, 8.94, 4.47, 1.72, 2.27, 0.03787116505637358
No.831: 1.40, 1.64, 0.88, 1.78, 0.97, 1.51, 8.94, 4.47, 1.72, 2.27, 0.03787116505637358
No.832: 1.40, 1.64, 0.88, 1.78, 0.97, 1.51, 8.94, 4.47, 1.72, 2.27, 0.03787116505637358
No.833: 1.40, 1.64, 0.88, 1.78, 0.97, 1.51, 8.94, 4.47, 1.72, 2.27, 0.03787116505637358
No.834: 1.40, 1.64, 0.88, 1.78, 0.97, 1.51, 8.94, 4.47, 1.72, 2.27, 0.03787116505637358
No.835: 1.40, 1.64, 0.88, 1.78, 0.97, 1.51, 8.94, 4.47, 1.72, 2.27, 0.03787116505637358
No.836: 1.40, 1.64, 0.88, 1.78, 0.97, 1.51, 8.94, 4.47, 1.72, 2.27, 0.03787116505637358
No.837: 1.40, 1.64, 0.88, 1.78, 0.97, 1.51, 8.94, 4.47, 1.72, 2.27, 0.03787116505637358
No.838: 1.40, 1.64, 0.88, 1.78, 0.97, 1.51, 8.94, 4.47, 1.72, 2.27, 0.03787116505637358
No.839: 1.40, 1.64, 0.88, 1.78, 0.97, 1.51, 8.94, 4.47, 1.72, 2.27, 0.03787116505637358
No.840: 1.40, 1.64, 0.88, 1.78, 0.97, 1.51, 8.94, 4.47, 1.72, 2.27, 0.03787116505637358
No.841: 1.40, 1.64, 0.88, 1.78, 0.97, 1.51, 8.94, 4.47, 1.72, 2.27, 0.03787116505637358
No.842: 1.40, 1.64, 0.88, 1.78, 0.97, 1.51, 8.94, 4.47, 1.72, 2.27, 0.03787116505637358
No.843: 1.40, 1.64, 0.88, 1.78, 0.97, 1.51, 8.94, 4.47, 1.72, 2.27, 0.03787116505637358
No.844: 1.40, 1.64, 0.88, 1.78, 0.97, 1.51, 8.94, 4.47, 1.72, 2.27, 0.03787116505637358
No.845: 1.40, 1.64, 0.88, 1.78, 0.97, 1.51, 8.94, 4.47, 1.72, 2.27, 0.03787116505637358
No.846: 1.40, 1.64, 0.88, 1.78, 0.97, 1.51, 8.94, 4.47, 1.72, 2.27, 0.03787116505637358
No.847: 1.40, 1.64, 0.88, 1.78, 0.97, 1.51, 8.94, 4.47, 1.72, 2.27, 0.03787116505637358
No.848: 1.40, 1.64, 0.88, 1.78, 0.97, 1.51, 8.94, 4.47, 1.72, 2.27, 0.03787116505637358
No.849: 1.40, 1.64, 0.88, 1.78, 0.97, 1.51, 8.94, 4.47, 1.72, 2.27, 0.03787116505637358
No.850: 1.40, 1.64, 0.88, 1.78, 0.97, 1.51, 8.94, 4.47, 1.72, 2.27, 0.03787116505637358
No.851: 1.40, 1.64, 0.88, 1.78, 0.97, 1.51, 8.94, 4.47, 1.72, 2.27, 0.03787116505637358
No.852: 1.40, 1.64, 0.88, 1.78, 0.97, 1.51, 8.94, 4.47, 1.72, 2.27, 0.03787116505637358
No.853: 1.40, 1.64, 0.88, 1.78, 0.97, 1.51, 8.94, 4.47, 1.72, 2.27, 0.03787116505637358
No.854: 1.40, 1.64, 0.88, 1.78, 0.97, 1.51, 8.94, 4.47, 1.72, 2.27, 0.03787116505637358
No.855: 1.40, 1.64, 0.88, 1.78, 0.97, 1.51, 8.94, 4.47, 1.72, 2.27, 0.03787116505637358
No.856: 1.40, 1.64, 0.88, 1.78, 0.97, 1.51, 8.94, 4.47, 1.72, 2.27, 0.03787116505637358
No.857: 1.40, 1.64, 0.88, 1.78, 0.97, 1.51, 8.94, 4.47, 1.72, 2.27, 0.03787116505637358
No.858: 1.40, 1.64, 0.88, 1.78, 0.97, 1.51, 8.94, 4.47, 1.72, 2.27, 0.03787116505637358
No.859: 1.40, 1.64, 0.88, 1.78, 0.97, 1.51, 8.94, 4.47, 1.72, 2.27, 0.03787116505637358
No.860: 1.40, 1.64, 0.88, 1.78, 0.97, 1.51, 8.94, 4.47, 1.72, 2.27, 0.03787116505637358
No.861: 1.40, 1.64, 0.88, 1.78, 0.97, 1.51, 8.94, 4.47, 1.72, 2.27, 0.03787116505637358
No.862: 1.40, 1.64, 0.88, 1.78, 0.97, 1.51, 8.94, 4.47, 1.72, 2.27, 0.03787116505637358
No.863: 1.40, 1.64, 0.88, 1.78, 0.97, 1.51, 8.94, 4.47, 1.72, 2.27, 0.03787116505637358
No.864: 1.40, 1.64, 0.88, 1.78, 0.97, 1.51, 8.94, 4.47, 1.72, 2.27, 0.03787116505637358
No.865: 1.40, 1.64, 0.88, 1.78, 0.97, 1.51, 8.94, 4.47, 1.72, 2.27, 0.03787116505637358
No.866: 1.40, 1.64, 0.88, 1.78, 0.97, 1.51, 8.94, 4.47, 1.72, 2.27, 0.03787116505637358
No.867: 1.40, 1.64, 0.88, 1.78, 0.97, 1.51, 8.94, 4.47, 1.72, 2.27, 0.03787116505637358
No.868: 1.40, 1.64, 0.88, 1.78, 0.97, 1.51, 8.94, 4.47, 1.72, 2.27, 0.03787116505637358
No.869: 1.40, 1.64, 0.88, 1.78, 0.97, 1.51, 8.94, 4.47, 1.72, 2.27, 0.03787116505637358
No.870: 1.40, 1.64, 0.88, 1.78, 0.97, 1.51, 8.94, 4.47, 1.72, 2.27, 0.03787116505637358
No.871: 1.40, 1.64, 0.88, 1.78, 0.97, 1.51, 8.94, 4.47, 1.72, 2.27, 0.03787116505637358
No.872: 1.40, 1.64, 0.88, 1.78, 0.97, 1.51, 8.94, 4.47, 1.72, 2.27, 0.03787116505637358
No.873: 1.40, 1.64, 0.88, 1.78, 0.97, 1.51, 8.94, 4.47, 1.72, 2.27, 0.03787116505637358
No.874: 1.40, 1.64, 0.88, 1.78, 0.97, 1.51, 8.94, 4.47, 1.72, 2.27, 0.03787116505637358
No.875: 1.40, 1.64, 0.88, 1.78, 0.97, 1.51, 8.94, 4.47, 1.72, 2.27, 0.03787116505637358
No.876: 1.40, 1.64, 0.88, 1.78, 0.97, 1.51, 8.94, 4.47, 1.72, 2.27, 0.03787116505637358
No.877: 1.40, 1.64, 0.88, 1.78, 0.97, 1.51, 8.94, 4.47, 1.72, 2.27, 0.03787116505637358
No.878: 1.40, 1.64, 0.88, 1.78, 0.97, 1.51, 8.94, 4.47, 1.72, 2.27, 0.03787116505637358
No.879: 1.40, 1.64, 0.88, 1.78, 0.97, 1.51, 8.94, 4.47, 1.72, 2.27, 0.03787116505637358
No.880: 1.40, 1.64, 0.88, 1.78, 0.97, 1.51, 8.94, 4.47, 1.72, 2.27, 0.03787116505637358
No.881: 1.40, 1.64, 0.88, 1.78, 0.97, 1.51, 8.94, 4.47, 1.72, 2.27, 0.03787116505637358
No.882: 1.40, 1.64, 0.88, 1.78, 0.97, 1.51, 8.94, 4.47, 1.72, 2.27, 0.03787116505637358
No.883: 1.40, 1.64, 0.88, 1.78, 0.97, 1.51, 8.94, 4.47, 1.72, 2.27, 0.03787116505637358
No.884: 1.40, 1.64, 0.88, 1.78, 0.97, 1.51, 8.94, 4.47, 1.72, 2.27, 0.03787116505637358
No.885: 1.40, 1.64, 0.88, 1.78, 0.97, 1.51, 8.94, 4.47, 1.72, 2.27, 0.03787116505637358
No.886: 1.40, 1.64, 0.88, 1.78, 0.97, 1.51, 8.94, 4.47, 1.72, 2.27, 0.03787116505637358
No.887: 1.40, 1.64, 0.88, 1.78, 0.97, 1.51, 8.94, 4.47, 1.72, 2.27, 0.03787116505637358
No.888: 1.40, 1.64, 0.88, 1.78, 0.97, 1.51, 8.94, 4.47, 1.72, 2.27, 0.03787116505637358
No.889: 1.40, 1.64, 0.88, 1.78, 0.97, 1.51, 8.94, 4.47, 1.72, 2.27, 0.03787116505637358
No.890: 1.40, 1.64, 0.88, 1.78, 0.97, 1.51, 8.94, 4.47, 1.72, 2.27, 0.03787116505637358
No.891: 1.40, 1.64, 0.88, 1.78, 0.97, 1.51, 8.94, 4.47, 1.72, 2.27, 0.03787116505637358
No.892: 1.40, 1.64, 0.88, 1.78, 0.97, 1.51, 8.94, 4.47, 1.72, 2.27, 0.03787116505637358
No.893: 1.40, 1.64, 0.88, 1.78, 0.97, 1.51, 8.94, 4.47, 1.72, 2.27, 0.03787116505637358
No.894: 1.40, 1.64, 0.88, 1.78, 0.97, 1.51, 8.94, 4.47, 1.72, 2.27, 0.03787116505637358
No.895: 1.40, 1.64, 0.88, 1.78, 0.97, 1.51, 8.94, 4.47, 1.72, 2.27, 0.03787116505637358
No.896: 1.40, 1.64, 0.88, 1.78, 0.97, 1.51, 8.94, 4.47, 1.72, 2.27, 0.03787116505637358
No.897: 1.40, 1.64, 0.88, 1.78, 0.97, 1.51, 8.94, 4.47, 1.72, 2.27, 0.03787116505637358
No.898: 1.40, 1.64, 0.88, 1.78, 0.97, 1.51, 8.94, 4.47, 1.72, 2.27, 0.03787116505637358
No.899: 1.40, 1.64, 0.88, 1.78, 0.97, 1.51, 8.94, 4.47, 1.72, 2.27, 0.03787116505637358
No.900: 1.40, 1.64, 0.88, 1.78, 0.97, 1.51, 8.94, 4.47, 1.72, 2.27, 0.03787116505637358
No.901: 1.40, 1.64, 0.88, 1.78, 0.97, 1.51, 8.94, 4.47, 1.72, 2.27, 0.03787116505637358
No.902: 1.40, 1.64, 0.88, 1.78, 0.97, 1.51, 8.94, 4.47, 1.72, 2.27, 0.03787116505637358
No.903: 1.40, 1.64, 0.88, 1.78, 0.97, 1.51, 8.94, 4.47, 1.72, 2.27, 0.03787116505637358
No.904: 1.40, 1.64, 0.88, 1.78, 0.97, 1.51, 8.94, 4.47, 1.72, 2.27, 0.03787116505637358
No.905: 1.40, 1.64, 0.88, 1.78, 0.97, 1.51, 8.94, 4.47, 1.72, 2.27, 0.03787116505637358
No.906: 1.40, 1.64, 0.88, 1.78, 0.97, 1.51, 8.94, 4.47, 1.72, 2.27, 0.03787116505637358
No.907: 1.40, 1.64, 0.88, 1.78, 0.97, 1.51, 8.94, 4.47, 1.72, 2.27, 0.03787116505637358
No.908: 1.40, 1.64, 0.88, 1.78, 0.97, 1.51, 8.94, 4.47, 1.72, 2.27, 0.03787116505637358
No.909: 1.40, 1.64, 0.88, 1.78, 0.97, 1.51, 8.94, 4.47, 1.72, 2.27, 0.03787116505637358
No.910: 1.40, 1.64, 0.88, 1.78, 0.97, 1.51, 8.94, 4.47, 1.72, 2.27, 0.03787116505637358
No.911: 1.40, 1.64, 0.88, 1.78, 0.97, 1.51, 8.94, 4.47, 1.72, 2.27, 0.03787116505637358
No.912: 1.40, 1.64, 0.88, 1.78, 0.97, 1.51, 8.94, 4.47, 1.72, 2.27, 0.03787116505637358
No.913: 1.40, 1.64, 0.88, 1.78, 0.97, 1.51, 8.94, 4.47, 1.72, 2.27, 0.03787116505637358
No.914: 1.40, 1.64, 0.88, 1.78, 0.97, 1.51, 8.94, 4.47, 1.72, 2.27, 0.03787116505637358
No.915: 1.40, 1.64, 0.88, 1.78, 0.97, 1.51, 8.94, 4.47, 1.72, 2.27, 0.03787116505637358
No.916: 1.40, 1.64, 0.88, 1.78, 0.97, 1.51, 8.94, 4.47, 1.72, 2.27, 0.03787116505637358
No.917: 1.40, 1.64, 0.88, 1.78, 0.97, 1.51, 8.94, 4.47, 1.72, 2.27, 0.03787116505637358
No.918: 1.40, 1.64, 0.88, 1.78, 0.97, 1.51, 8.94, 4.47, 1.72, 2.27, 0.03787116505637358
No.919: 1.40, 1.64, 0.88, 1.78, 0.97, 1.51, 8.94, 4.47, 1.72, 2.27, 0.03787116505637358
No.920: 1.40, 1.64, 0.88, 1.78, 0.97, 1.51, 8.94, 4.47, 1.72, 2.27, 0.03787116505637358
No.921: 1.40, 1.64, 0.88, 1.78, 0.97, 1.51, 8.94, 4.47, 1.72, 2.27, 0.03787116505637358
No.922: 1.40, 1.64, 0.88, 1.78, 0.97, 1.51, 8.94, 4.47, 1.72, 2.27, 0.03787116505637358
No.923: 1.40, 1.64, 0.88, 1.78, 0.97, 1.51, 8.94, 4.47, 1.72, 2.27, 0.03787116505637358
No.924: 1.40, 1.64, 0.88, 1.78, 0.97, 1.51, 8.94, 4.47, 1.72, 2.27, 0.03787116505637358
No.925: 1.40, 1.64, 0.88, 1.78, 0.97, 1.51, 8.94, 4.47, 1.72, 2.27, 0.03787116505637358
No.926: 1.40, 1.64, 0.88, 1.78, 0.97, 1.51, 8.94, 4.47, 1.72, 2.27, 0.03787116505637358
No.927: 1.40, 1.64, 0.88, 1.78, 0.97, 1.51, 8.94, 4.47, 1.72, 2.27, 0.03787116505637358
No.928: 1.40, 1.64, 0.88, 1.78, 0.97, 1.51, 8.94, 4.47, 1.72, 2.27, 0.03787116505637358
No.929: 1.40, 1.64, 0.88, 1.78, 0.97, 1.51, 8.94, 4.47, 1.72, 2.27, 0.03787116505637358
No.930: 1.40, 1.64, 0.88, 1.78, 0.97, 1.51, 8.94, 4.47, 1.72, 2.27, 0.03787116505637358
No.931: 1.40, 1.64, 0.88, 1.78, 0.97, 1.51, 8.94, 4.47, 1.72, 2.27, 0.03787116505637358
No.932: 1.40, 1.64, 0.88, 1.78, 0.97, 1.51, 8.94, 4.47, 1.72, 2.27, 0.03787116505637358
No.933: 1.40, 1.64, 0.88, 1.78, 0.97, 1.51, 8.94, 4.47, 1.72, 2.27, 0.03787116505637358
No.934: 1.40, 1.64, 0.88, 1.78, 0.97, 1.51, 8.94, 4.47, 1.72, 2.27, 0.03787116505637358
No.935: 1.40, 1.64, 0.88, 1.78, 0.97, 1.51, 8.94, 4.47, 1.72, 2.27, 0.03787116505637358
No.936: 1.40, 1.64, 0.88, 1.78, 0.97, 1.51, 8.94, 4.47, 1.72, 2.27, 0.03787116505637358
No.937: 1.40, 1.64, 0.88, 1.78, 0.97, 1.51, 8.94, 4.47, 1.72, 2.27, 0.03787116505637358
No.938: 1.40, 1.64, 0.88, 1.78, 0.97, 1.51, 8.94, 4.47, 1.72, 2.27, 0.03787116505637358
No.939: 1.40, 1.64, 0.88, 1.78, 0.97, 1.51, 8.94, 4.47, 1.72, 2.27, 0.03787116505637358
No.940: 1.40, 1.64, 0.88, 1.78, 0.97, 1.51, 8.94, 4.47, 1.72, 2.27, 0.03787116505637358
No.941: 1.40, 1.64, 0.88, 1.78, 0.97, 1.51, 8.94, 4.47, 1.72, 2.27, 0.03787116505637358
No.942: 1.40, 1.64, 0.88, 1.78, 0.97, 1.51, 8.94, 4.47, 1.72, 2.27, 0.03787116505637358
No.943: 1.40, 1.64, 0.88, 1.78, 0.97, 1.51, 8.94, 4.47, 1.72, 2.27, 0.03787116505637358
No.944: 1.40, 1.64, 0.88, 1.78, 0.97, 1.51, 8.94, 4.47, 1.72, 2.27, 0.03787116505637358
No.945: 1.40, 1.64, 0.88, 1.78, 0.97, 1.51, 8.94, 4.47, 1.72, 2.27, 0.03787116505637358
No.946: 1.40, 1.64, 0.88, 1.78, 0.97, 1.51, 8.94, 4.47, 1.72, 2.27, 0.03787116505637358
No.947: 1.40, 1.64, 0.88, 1.78, 0.97, 1.51, 8.94, 4.47, 1.72, 2.27, 0.03787116505637358
No.948: 1.40, 1.64, 0.88, 1.78, 0.97, 1.51, 8.94, 4.47, 1.72, 2.27, 0.03787116505637358
No.949: 1.40, 1.64, 0.88, 1.78, 0.97, 1.51, 8.94, 4.47, 1.72, 2.27, 0.03787116505637358
No.950: 1.40, 1.64, 0.88, 1.78, 0.97, 1.51, 8.94, 4.47, 1.72, 2.27, 0.03787116505637358
No.951: 1.40, 1.64, 0.88, 1.78, 0.97, 1.51, 8.94, 4.47, 1.72, 2.27, 0.03787116505637358
No.952: 1.40, 1.64, 0.88, 1.78, 0.97, 1.51, 8.94, 4.47, 1.72, 2.27, 0.03787116505637358
No.953: 1.40, 1.64, 0.88, 1.78, 0.97, 1.51, 8.94, 4.47, 1.72, 2.27, 0.03787116505637358
No.954: 1.40, 1.64, 0.88, 1.78, 0.97, 1.51, 8.94, 4.47, 1.72, 2.27, 0.03787116505637358
No.955: 1.40, 1.64, 0.88, 1.78, 0.97, 1.51, 8.94, 4.47, 1.72, 2.27, 0.03787116505637358
No.956: 1.40, 1.64, 0.88, 1.78, 0.97, 1.51, 8.94, 4.47, 1.72, 2.27, 0.03787116505637358
No.957: 1.40, 1.64, 0.88, 1.78, 0.97, 1.51, 8.94, 4.47, 1.72, 2.27, 0.03787116505637358
No.958: 1.40, 1.64, 0.88, 1.78, 0.97, 1.51, 8.94, 4.47, 1.72, 2.27, 0.03787116505637358
No.959: 1.40, 1.64, 0.88, 1.78, 0.97, 1.51, 8.94, 4.47, 1.72, 2.27, 0.03787116505637358
No.960: 1.40, 1.64, 0.88, 1.78, 0.97, 1.51, 8.94, 4.47, 1.72, 2.27, 0.03787116505637358
No.961: 1.40, 1.64, 0.88, 1.78, 0.97, 1.51, 8.94, 4.47, 1.72, 2.27, 0.03787116505637358
No.962: 1.40, 1.64, 0.88, 1.78, 0.97, 1.51, 8.94, 4.47, 1.72, 2.27, 0.03787116505637358
No.963: 1.40, 1.64, 0.88, 1.78, 0.97, 1.51, 8.94, 4.47, 1.72, 2.27, 0.03787116505637358
No.964: 1.40, 1.64, 0.88, 1.78, 0.97, 1.51, 8.94, 4.47, 1.72, 2.27, 0.03787116505637358
No.965: 1.40, 1.64, 0.88, 1.78, 0.97, 1.51, 8.94, 4.47, 1.72, 2.27, 0.03787116505637358
No.966: 1.40, 1.64, 0.88, 1.78, 0.97, 1.51, 8.94, 4.47, 1.72, 2.27, 0.03787116505637358
No.967: 1.40, 1.64, 0.88, 1.78, 0.97, 1.51, 8.94, 4.47, 1.72, 2.27, 0.03787116505637358
No.968: 1.40, 1.64, 0.88, 1.78, 0.97, 1.51, 8.94, 4.47, 1.72, 2.27, 0.03787116505637358
No.969: 1.40, 1.64, 0.88, 1.78, 0.97, 1.51, 8.94, 4.47, 1.72, 2.27, 0.03787116505637358
No.970: 1.40, 1.64, 0.88, 1.78, 0.97, 1.51, 8.94, 4.47, 1.72, 2.27, 0.03787116505637358
No.971: 1.40, 1.64, 0.88, 1.78, 0.97, 1.51, 8.94, 4.47, 1.72, 2.27, 0.03787116505637358
No.972: 1.40, 1.64, 0.88, 1.78, 0.97, 1.51, 8.94, 4.47, 1.72, 2.27, 0.03787116505637358
No.973: 1.40, 1.64, 0.88, 1.78, 0.97, 1.51, 8.94, 4.47, 1.72, 2.27, 0.03787116505637358
No.974: 1.40, 1.64, 0.88, 1.78, 0.97, 1.51, 8.94, 4.47, 1.72, 2.27, 0.03787116505637358
No.975: 1.40, 1.64, 0.88, 1.78, 0.97, 1.51, 8.94, 4.47, 1.72, 2.27, 0.03787116505637358
No.976: 1.40, 1.64, 0.88, 1.78, 0.97, 1.51, 8.94, 4.47, 1.72, 2.27, 0.03787116505637358
No.977: 1.40, 1.64, 0.88, 1.78, 0.97, 1.51, 8.94, 4.47, 1.72, 2.27, 0.03787116505637358
No.978: 1.40, 1.64, 0.88, 1.78, 0.97, 1.51, 8.94, 4.47, 1.72, 2.27, 0.03787116505637358
No.979: 1.40, 1.64, 0.88, 1.78, 0.97, 1.51, 8.94, 4.47, 1.72, 2.27, 0.03787116505637358
No.980: 1.40, 1.64, 0.88, 1.78, 0.97, 1.51, 8.94, 4.47, 1.72, 2.27, 0.03787116505637358
No.981: 1.40, 1.64, 0.88, 1.78, 0.97, 1.51, 8.94, 4.47, 1.72, 2.27, 0.03787116505637358
No.982: 1.40, 1.64, 0.88, 1.78, 0.97, 1.51, 8.94, 4.47, 1.72, 2.27, 0.03787116505637358
No.983: 1.40, 1.64, 0.88, 1.78, 0.97, 1.51, 8.94, 4.47, 1.72, 2.27, 0.03787116505637358
No.984: 1.40, 1.64, 0.88, 1.78, 0.97, 1.51, 8.94, 4.47, 1.72, 2.27, 0.03787116505637358
No.985: 1.40, 1.64, 0.88, 1.78, 0.97, 1.51, 8.94, 4.47, 1.72, 2.27, 0.03787116505637358
No.986: 1.40, 1.64, 0.88, 1.78, 0.97, 1.51, 8.94, 4.47, 1.72, 2.27, 0.03787116505637358
No.987: 1.40, 1.64, 0.88, 1.78, 0.97, 1.51, 8.94, 4.47, 1.72, 2.27, 0.03787116505637358
No.988: 1.40, 1.64, 0.88, 1.78, 0.97, 1.51, 8.94, 4.47, 1.72, 2.27, 0.03787116505637358
No.989: 1.40, 1.64, 0.88, 1.78, 0.97, 1.51, 8.94, 4.47, 1.72, 2.27, 0.03787116505637358
No.990: 1.40, 1.64, 0.88, 1.78, 0.97, 1.51, 8.94, 4.47, 1.72, 2.27, 0.03787116505637358
No.991: 1.40, 1.64, 0.88, 1.78, 0.97, 1.51, 8.94, 4.47, 1.72, 2.27, 0.03787116505637358
No.992: 1.40, 1.64, 0.88, 1.78, 0.97, 1.51, 8.94, 4.47, 1.72, 2.27, 0.03787116505637358
No.993: 1.40, 1.64, 0.88, 1.78, 0.97, 1.51, 8.94, 4.47, 1.72, 2.27, 0.03787116505637358
No.994: 1.40, 1.64, 0.88, 1.78, 0.97, 1.51, 8.94, 4.47, 1.72, 2.27, 0.03787116505637358
No.995: 1.40, 1.64, 0.88, 1.78, 0.97, 1.51, 8.94, 4.47, 1.72, 2.27, 0.03787116505637358
No.996: 1.40, 1.64, 0.88, 1.78, 0.97, 1.51, 8.94, 4.47, 1.72, 2.27, 0.03787116505637358
No.997: 1.40, 1.64, 0.88, 1.78, 0.97, 1.51, 8.94, 4.47, 1.72, 2.27, 0.03787116505637358
No.998: 1.40, 1.64, 0.88, 1.78, 0.97, 1.51, 8.94, 4.47, 1.72, 2.27, 0.03787116505637358
No.999: 1.40, 1.64, 0.88, 1.78, 0.97, 1.51, 8.94, 4.47, 1.72, 2.27, 0.03787116505637358
No.1000: 1.40, 1.64, 0.88, 1.78, 0.97, 1.51, 8.94, 4.47, 1.72, 2.27, 0.03787116505637358
No.1001: 1.40, 1.64, 0.88, 1.78, 0.97, 1.51, 8.94, 4.47, 1.72, 2.27, 0.03787116505637358
No.1002: 1.40, 1.64, 0.88, 1.78, 0.97, 1.51, 8.94, 4.47, 1.72, 2.27, 0.03787116505637358
No.1003: 1.40, 1.64, 0.88, 1.78, 0.97, 1.51, 8.94, 4.47, 1.72, 2.27, 0.03787116505637358
No.1004: 1.40, 1.64, 0.88, 1.78, 0.97, 1.51, 8.94, 4.47, 1.72, 2.27, 0.03787116505637358
No.1005: 1.40, 1.64, 0.88, 1.78, 0.97, 1.51, 8.94, 4.47, 1.72, 2.27, 0.03787116505637358
No.1006: 1.40, 1.64, 0.88, 1.78, 0.97, 1.51, 8.94, 4.47, 1.72, 2.27, 0.03787116505637358
No.1007: 1.40, 1.64, 0.88, 1.78, 0.97, 1.51, 8.94, 4.47, 1.72, 2.27, 0.03787116505637358
No.1008: 1.40, 1.64, 0.88, 1.78, 0.97, 1.51, 8.94, 4.47, 1.72, 2.27, 0.03787116505637358
No.1009: 1.40, 1.64, 0.88, 1.78, 0.97, 1.51, 8.94, 4.47, 1.72, 2.27, 0.03787116505637358
No.1010: 1.40, 1.64, 0.88, 1.78, 0.97, 1.51, 8.94, 4.47, 1.72, 2.27, 0.03787116505637358
No.1011: 1.40, 1.64, 0.88, 1.78, 0.97, 1.51, 8.94, 4.47, 1.72, 2.27, 0.03787116505637358
No.1012: 1.40, 1.64, 0.88, 1.78, 0.97, 1.51, 8.94, 4.47, 1.72, 2.27, 0.03787116505637358
No.1013: 1.40, 1.64, 0.88, 1.78, 0.97, 1.51, 8.94, 4.47, 1.72, 2.27, 0.03787116505637358
No.1014: 1.40, 1.64, 0.88, 1.78, 0.97, 1.51, 8.94, 4.47, 1.72, 2.27, 0.03787116505637358
No.1015: 1.40, 1.64, 0.88, 1.78, 0.97, 1.51, 8.94, 4.47, 1.72, 2.27, 0.03787116505637358
No.1016: 1.40, 1.64, 0.88, 1.78, 0.97, 1.51, 8.94, 4.47, 1.72, 2.27, 0.03787116505637358
No.1017: 1.40, 1.64, 0.88, 1.78, 0.97, 1.51, 8.94, 4.47, 1.72, 2.27, 0.03787116505637358
No.1018: 1.40, 1.64, 0.88, 1.78, 0.97, 1.51, 8.94, 4.47, 1.72, 2.27, 0.03787116505637358
No.1019: 1.40, 1.64, 0.88, 1.78, 0.97, 1.51, 8.94, 4.47, 1.72, 2.27, 0.03787116505637358
No.1020: 1.40, 1.64, 0.88, 1.78, 0.97, 1.51, 8.94, 4.47, 1.72, 2.27, 0.03787116505637358
No.1021: 1.40, 1.64, 0.88, 1.78, 0.97, 1.51, 8.94, 4.47, 1.72, 2.27, 0.03787116505637358
No.1022: 1.40, 1.64, 0.88, 1.78, 0.97, 1.51, 8.94, 4.47, 1.72, 2.27, 0.03787116505637358
No.1023: 1.40, 1.64, 0.88, 1.78, 0.97, 1.51, 8.94, 4.47, 1.72, 2.27, 0.03787116505637358
No.1024: 1.40, 1.64, 0.88, 1.78, 0.97, 1.51, 8.94, 4.47, 1.72, 2.27, 0.03787116505637358
No.1025: 1.40, 1.64, 0.88, 1.78, 0.97, 1.51, 8.94, 4.47, 1.72, 2.27, 0.03787116505637358
No.1026: 1.40, 1.64, 0.88, 1.78, 0.97, 1.51, 8.94, 4.47, 1.72, 2.27, 0.03787116505637358
No.1027: 1.40, 1.64, 0.88, 1.78, 0.97, 1.51, 8.94, 4.47, 1.72, 2.27, 0.03787116505637358
No.1028: 1.40, 1.64, 0.88, 1.78, 0.97, 1.51, 8.94, 4.47, 1.72, 2.27, 0.03787116505637358
No.1029: 1.40, 1.64, 0.88, 1.78, 0.97, 1.51, 8.94, 4.47, 1.72, 2.27, 0.03787116505637358
No.1030: 1.40, 1.64, 0.88, 1.78, 0.97, 1.51, 8.94, 4.47, 1.72, 2.27, 0.03787116505637358
No.1031: 1.40, 1.64, 0.88, 1.78, 0.97, 1.51, 8.94, 4.47, 1.72, 2.27, 0.03787116505637358
No.1032: 1.40, 1.64, 0.88, 1.78, 0.97, 1.51, 8.94, 4.47, 1.72, 2.27, 0.03787116505637358
No.1033: 1.40, 1.64, 0.88, 1.78, 0.97, 1.51, 8.94, 4.47, 1.72, 2.27, 0.03787116505637358
No.1034: 1.40, 1.64, 0.88, 1.78, 0.97, 1.51, 8.94, 4.47, 1.72, 2.27, 0.03787116505637358
No.1035: 1.40, 1.64, 0.88, 1.78, 0.97, 1.51, 8.94, 4.47, 1.72, 2.27, 0.03787116505637358
No.1036: 1.40, 1.64, 0.88, 1.78, 0.97, 1.51, 8.94, 4.47, 1.72, 2.27, 0.03787116505637358
No.1037: 1.40, 1.64, 0.88, 1.78, 0.97, 1.51, 8.94, 4.47, 1.72, 2.27, 0.03787116505637358
No.1038: 1.40, 1.64, 0.88, 1.78, 0.97, 1.51, 8.94, 4.47, 1.72, 2.27, 0.03787116505637358
No.1039: 1.40, 1.64, 0.88, 1.78, 0.97, 1.51, 8.94, 4.47, 1.72, 2.27, 0.03787116505637358
No.1040: 1.40, 1.64, 0.88, 1.78, 0.97, 1.51, 8.94, 4.47, 1.72, 2.27, 0.03787116505637358
No.1041: 1.40, 1.64, 0.88, 1.78, 0.97, 1.51, 8.94, 4.47, 1.72, 2.27, 0.03787116505637358
No.1042: 1.40, 1.64, 0.88, 1.78, 0.97, 1.51, 8.94, 4.47, 1.72, 2.27, 0.03787116505637358
No.1043: 1.40, 1.64, 0.88, 1.78, 0.97, 1.51, 8.94, 4.47, 1.72, 2.27, 0.03787116505637358
No.1044: 1.40, 1.64, 0.88, 1.78, 0.97, 1.51, 8.94, 4.47, 1.72, 2.27, 0.03787116505637358
No.1045: 1.40, 1.64, 0.88, 1.78, 0.97, 1.51, 8.94, 4.47, 1.72, 2.27, 0.03787116505637358
No.1046: 1.40, 1.64, 0.88, 1.78, 0.97, 1.51, 8.94, 4.47, 1.72, 2.27, 0.03787116505637358
No.1047: 1.40, 1.64, 0.88, 1.78, 0.97, 1.51, 8.94, 4.47, 1.72, 2.27, 0.03787116505637358
No.1048: 1.40, 1.64, 0.88, 1.78, 0.97, 1.51, 8.94, 4.47, 1.72, 2.27, 0.03787116505637358
No.1049: 1.40, 1.64, 0.88, 1.78, 0.97, 1.51, 8.94, 4.47, 1.72, 2.27, 0.03787116505637358
No.1050: 1.40, 1.64, 0.88, 1.78, 0.97, 1.51, 8.94, 4.47, 1.72, 2.27, 0.03787116505637358
No.1051: 1.40, 1.64, 0.88, 1.78, 0.97, 1.51, 8.94, 4.47, 1.72, 2.27, 0.03787116505637358
No.1052: 1.40, 1.64, 0.88, 1.78, 0.97, 1.51, 8.94, 4.47, 1.72, 2.27, 0.03787116505637358
No.1053: 1.40, 1.64, 0.88, 1.78, 0.97, 1.51, 8.94, 4.47, 1.72, 2.27, 0.03787116505637358
No.1054: 1.40, 1.64, 0.88, 1.78, 0.97, 1.51, 8.94, 4.47, 1.72, 2.27, 0.03787116505637358
No.1055: 1.40, 1.64, 0.88, 1.78, 0.97, 1.51, 8.94, 4.47, 1.72, 2.27, 0.03787116505637358
No.1056: 1.40, 1.64, 0.88, 1.78, 0.97, 1.51, 8.94, 4.47, 1.72, 2.27, 0.03787116505637358
No.1057: 1.40, 1.64, 0.88, 1.78, 0.97, 1.51, 8.94, 4.47, 1.72, 2.27, 0.03787116505637358
No.1058: 1.40, 1.64, 0.88, 1.78, 0.97, 1.51, 8.94, 4.47, 1.72, 2.27, 0.03787116505637358
No.1059: 1.40, 1.64, 0.88, 1.78, 0.97, 1.51, 8.94, 4.47, 1.72, 2.27, 0.03787116505637358
No.1060: 1.40, 1.64, 0.88, 1.78, 0.97, 1.51, 8.94, 4.47, 1.72, 2.27, 0.03787116505637358
No.1061: 1.40, 1.64, 0.88, 1.78, 0.97, 1.51, 8.94, 4.47, 1.72, 2.27, 0.03787116505637358
No.1062: 1.40, 1.64, 0.88, 1.78, 0.97, 1.51, 8.94, 4.47, 1.72, 2.27, 0.03787116505637358
No.1063: 1.40, 1.64, 0.88, 1.78, 0.97, 1.51, 8.94, 4.47, 1.72, 2.27, 0.03787116505637358
No.1064: 1.40, 1.64, 0.88, 1.78, 0.97, 1.51, 8.94, 4.47, 1.72, 2.27, 0.03787116505637358
No.1065: 1.40, 1.64, 0.88, 1.78, 0.97, 1.51, 8.94, 4.47, 1.72, 2.27, 0.03787116505637358
No.1066: 1.40, 1.64, 0.88, 1.78, 0.97, 1.51, 8.94, 4.47, 1.72, 2.27, 0.03787116505637358
No.1067: 1.40, 1.64, 0.88, 1.78, 0.97, 1.51, 8.94, 4.47, 1.72, 2.27, 0.03787116505637358
No.1068: 1.40, 1.64, 0.88, 1.78, 0.97, 1.51, 8.94, 4.47, 1.72, 2.27, 0.03787116505637358
No.1069: 1.40, 1.64, 0.88, 1.78, 0.97, 1.51, 8.94, 4.47, 1.72, 2.27, 0.03787116505637358
No.1070: 1.40, 1.64, 0.88, 1.78, 0.97, 1.51, 8.94, 4.47, 1.72, 2.27, 0.03787116505637358
No.1071: 1.40, 1.64, 0.88, 1.78, 0.97, 1.51, 8.94, 4.47, 1.72, 2.27, 0.03787116505637358
No.1072: 1.40, 1.64, 0.88, 1.78, 0.97, 1.51, 8.94, 4.47, 1.72, 2.27, 0.03787116505637358
No.1073: 1.40, 1.64, 0.88, 1.78, 0.97, 1.51, 8.94, 4.47, 1.72, 2.27, 0.03787116505637358
No.1074: 1.40, 1.64, 0.88, 1.78, 0.97, 1.51, 8.94, 4.47, 1.72, 2.27, 0.03787116505637358
No.1075: 1.40, 1.64, 0.88, 1.78, 0.97, 1.51, 8.94, 4.47, 1.72, 2.27, 0.03787116505637358
No.1076: 1.40, 1.64, 0.88, 1.78, 0.97, 1.51, 8.94, 4.47, 1.72, 2.27, 0.03787116505637358
No.1077: 1.40, 1.64, 0.88, 1.78, 0.97, 1.51, 8.94, 4.47, 1.72, 2.27, 0.03787116505637358
No.1078: 1.40, 1.64, 0.88, 1.78, 0.97, 1.51, 8.94, 4.47, 1.72, 2.27, 0.03787116505637358
No.1079: 1.40, 1.64, 0.88, 1.78, 0.97, 1.51, 8.94, 4.47, 1.72, 2.27, 0.03787116505637358
No.1080: 1.40, 1.64, 0.88, 1.78, 0.97, 1.51, 8.94, 4.47, 1.72, 2.27, 0.03787116505637358
No.1081: 1.40, 1.64, 0.88, 1.78, 0.97, 1.51, 8.94, 4.47, 1.72, 2.27, 0.03787116505637358
No.1082: 1.40, 1.64, 0.88, 1.78, 0.97, 1.51, 8.94, 4.47, 1.72, 2.27, 0.03787116505637358
No.1083: 1.40, 1.64, 0.88, 1.78, 0.97, 1.51, 8.94, 4.47, 1.72, 2.27, 0.03787116505637358
No.1084: 1.40, 1.64, 0.88, 1.78, 0.97, 1.51, 8.94, 4.47, 1.72, 2.27, 0.03787116505637358
No.1085: 1.40, 1.64, 0.88, 1.78, 0.97, 1.51, 8.94, 4.47, 1.72, 2.27, 0.03787116505637358
No.1086: 1.40, 1.64, 0.88, 1.78, 0.97, 1.51, 8.94, 4.47, 1.72, 2.27, 0.03787116505637358
No.1087: 1.40, 1.64, 0.88, 1.78, 0.97, 1.51, 8.94, 4.47, 1.72, 2.27, 0.03787116505637358
No.1088: 1.40, 1.64, 0.88, 1.78, 0.97, 1.51, 8.94, 4.47, 1.72, 2.27, 0.03787116505637358
No.1089: 1.40, 1.64, 0.88, 1.78, 0.97, 1.51, 8.94, 4.47, 1.72, 2.27, 0.03787116505637358
No.1090: 1.40, 1.64, 0.88, 1.78, 0.97, 1.51, 8.94, 4.47, 1.72, 2.27, 0.03787116505637358
No.1091: 1.40, 1.64, 0.88, 1.78, 0.97, 1.51, 8.94, 4.47, 1.72, 2.27, 0.03787116505637358
No.1092: 1.40, 1.64, 0.88, 1.78, 0.97, 1.51, 8.94, 4.47, 1.72, 2.27, 0.03787116505637358
No.1093: 1.40, 1.64, 0.88, 1.78, 0.97, 1.51, 8.94, 4.47, 1.72, 2.27, 0.03787116505637358
No.1094: 1.40, 1.64, 0.88, 1.78, 0.97, 1.51, 8.94, 4.47, 1.72, 2.27, 0.03787116505637358
