#| No.|Asub | b0  | b1  | b2  | b3  | t1  | t2  | t3  |Cmin |Cmax | evalulate_value (min value is recommendation) |
#|iter| x0  | x1  | x2  | x3  | x4  | x5  | x6  | x7  | x8  | x9  | evalulate_value (min value is reccomendation) |
No.1: 1.14, 6.17, 2.71, 4.80, 2.60, 1.10, 2.30, 2.21, 0.69, 1.70, 260429084518.06766
No.2: 1.20, 6.17, 2.71, 4.80, 2.60, 1.10, 2.30, 2.21, 0.69, 1.70, 114395372929.35326
No.3: 1.14, 6.48, 2.71, 4.80, 2.60, 1.10, 2.30, 2.21, 0.69, 1.70, 8168467854.494922
No.4: 1.14, 6.17, 2.84, 4.80, 2.60, 1.10, 2.30, 2.21, 0.69, 1.70, 1869888223261.8518
No.5: 1.14, 6.17, 2.71, 5.04, 2.60, 1.10, 2.30, 2.21, 0.69, 1.70, 38316862141.25642
No.6: 1.14, 6.17, 2.71, 4.80, 2.74, 1.10, 2.30, 2.21, 0.69, 1.70, 12484451471.481613
No.7: 1.14, 6.17, 2.71, 4.80, 2.60, 1.16, 2.30, 2.21, 0.69, 1.70, 52105537285.75383
No.8: 1.14, 6.17, 2.71, 4.80, 2.60, 1.10, 2.42, 2.21, 0.69, 1.70, 21647097301.916092
No.9: 1.14, 6.17, 2.71, 4.80, 2.60, 1.10, 2.30, 2.32, 0.69, 1.70, 56077279685.57082
No.10: 1.14, 6.17, 2.71, 4.80, 2.60, 1.10, 2.30, 2.21, 0.72, 1.70, 649038280.1237236
No.11: 1.14, 6.17, 2.71, 4.80, 2.60, 1.10, 2.30, 2.21, 0.69, 1.79, 5624795098.993126
No.12: 1.16, 6.24, 2.57, 4.85, 2.63, 1.12, 2.33, 2.23, 0.69, 1.72, 3114286872328.102
No.13: 1.15, 6.18, 2.80, 4.81, 2.61, 1.11, 2.31, 2.21, 0.69, 1.71, 1146599723442.2708
No.14: 1.15, 6.23, 2.61, 4.85, 2.63, 1.11, 2.32, 2.22, 0.69, 1.72, 851866252772.2909
No.15: 1.15, 6.22, 2.64, 4.84, 2.62, 1.11, 2.32, 2.22, 0.69, 1.72, 1838000183208.7036
No.16: 1.14, 6.17, 2.71, 4.80, 2.60, 1.10, 2.30, 2.21, 0.69, 1.78, 1168246268.77808
No.17: 1.14, 6.45, 2.71, 4.80, 2.60, 1.10, 2.30, 2.21, 0.69, 1.70, 9845729061.972471
No.18: 1.14, 6.17, 2.71, 4.80, 2.72, 1.10, 2.30, 2.21, 0.69, 1.70, 42101327481.63564
No.19: 1.14, 6.17, 2.71, 4.80, 2.60, 1.10, 2.41, 2.21, 0.69, 1.70, 20681808997.016144
No.20: 1.14, 6.17, 2.71, 5.02, 2.60, 1.10, 2.30, 2.21, 0.69, 1.70, 18505261051.903133
No.21: 1.14, 6.17, 2.71, 4.80, 2.60, 1.15, 2.30, 2.21, 0.69, 1.70, 43685070537.10468
No.22: 1.14, 6.17, 2.71, 4.80, 2.60, 1.10, 2.30, 2.30, 0.69, 1.70, 38816887273.131676
No.23: 1.20, 6.17, 2.71, 4.80, 2.60, 1.10, 2.30, 2.21, 0.69, 1.70, 114395372929.35326
No.24: 1.14, 6.17, 2.71, 4.80, 2.60, 1.10, 2.30, 2.21, 0.69, 1.70, 260429084518.06766
No.25: 1.15, 6.18, 2.79, 4.81, 2.61, 1.11, 2.31, 2.21, 0.69, 1.71, 1202406800260.6992
No.26: 1.15, 6.22, 2.62, 4.84, 2.62, 1.11, 2.32, 2.22, 0.69, 1.72, 300083154462.4331
No.27: 1.15, 6.22, 2.65, 4.84, 2.62, 1.11, 2.32, 2.22, 0.69, 1.72, 1313498175489.0955
No.28: 1.14, 6.17, 2.71, 4.80, 2.60, 1.10, 2.30, 2.21, 0.69, 1.77, 388969621.00767314
No.29: 1.14, 6.42, 2.71, 4.80, 2.60, 1.10, 2.30, 2.21, 0.69, 1.70, 179550093982.6844
No.30: 1.14, 6.17, 2.71, 5.00, 2.60, 1.10, 2.30, 2.21, 0.69, 1.70, 60495432477.269424
No.31: 1.14, 6.17, 2.71, 4.80, 2.60, 1.10, 2.40, 2.21, 0.69, 1.70, 153253089430.24002
No.32: 1.14, 6.17, 2.71, 4.80, 2.60, 1.10, 2.30, 2.29, 0.69, 1.70, 90316539062.45041
No.33: 1.14, 6.17, 2.71, 4.80, 2.71, 1.10, 2.30, 2.21, 0.69, 1.70, 51995924734.0545
No.34: 1.14, 6.17, 2.71, 4.80, 2.60, 1.15, 2.30, 2.21, 0.69, 1.70, 43685070537.10468
No.35: 1.19, 6.17, 2.71, 4.80, 2.60, 1.10, 2.30, 2.21, 0.69, 1.70, 26311891039.514763
No.36: 1.14, 6.17, 2.71, 4.80, 2.60, 1.10, 2.30, 2.21, 0.69, 1.70, 260429084518.06766
No.37: 1.15, 6.18, 2.78, 4.81, 2.61, 1.11, 2.31, 2.21, 0.69, 1.71, 393069722412.8463
No.38: 1.15, 6.22, 2.63, 4.84, 2.62, 1.11, 2.32, 2.22, 0.70, 1.72, 564523131416.2782
No.39: 1.15, 6.19, 2.76, 4.81, 2.61, 1.11, 2.31, 2.21, 0.69, 1.71, 379322562621.2414
No.40: 1.15, 6.21, 2.65, 4.83, 2.62, 1.11, 2.32, 2.22, 0.70, 1.72, 117090979031.46075
No.41: 1.16, 6.23, 2.69, 4.85, 2.63, 1.12, 2.33, 2.23, 0.70, 1.72, 181346888226.27145
No.42: 1.15, 6.22, 2.70, 4.84, 2.63, 1.11, 2.32, 2.22, 0.70, 1.72, 267751114089.62827
No.43: 1.14, 6.17, 2.71, 4.80, 2.60, 1.10, 2.30, 2.21, 0.72, 1.71, 1698174567.6257324
No.44: 1.19, 6.17, 2.71, 4.80, 2.60, 1.10, 2.30, 2.21, 0.69, 1.71, 2045705085978.1028
No.45: 1.14, 6.17, 2.71, 4.80, 2.60, 1.15, 2.30, 2.21, 0.69, 1.71, 78393689616.54427
No.46: 1.14, 6.17, 2.71, 4.80, 2.70, 1.10, 2.30, 2.21, 0.69, 1.71, 97202200699.15097
No.47: 1.14, 6.17, 2.71, 4.98, 2.60, 1.10, 2.30, 2.21, 0.69, 1.71, 66239371533.74237
No.48: 1.14, 6.17, 2.71, 4.80, 2.60, 1.10, 2.30, 2.29, 0.69, 1.71, 70782429443.91696
No.49: 1.15, 6.21, 2.66, 4.83, 2.62, 1.11, 2.32, 2.22, 0.70, 1.72, 1557810723044.613
No.50: 1.14, 6.17, 2.71, 4.80, 2.60, 1.10, 2.39, 2.21, 0.69, 1.71, 33257031306.205994
No.51: 1.14, 6.40, 2.71, 4.80, 2.60, 1.10, 2.30, 2.21, 0.69, 1.71, 6656308486.530523
No.52: 1.14, 6.17, 2.71, 4.80, 2.60, 1.10, 2.30, 2.21, 0.69, 1.71, 112251101491.00096
No.53: 1.10, 6.23, 2.70, 4.85, 2.63, 1.11, 2.32, 2.22, 0.70, 1.73, 5574063142.200174
No.54: 1.13, 6.20, 2.75, 4.82, 2.61, 1.11, 2.31, 2.21, 0.69, 1.72, 180365855602.597
No.55: 1.13, 6.20, 2.74, 4.82, 2.61, 1.11, 2.31, 2.21, 0.69, 1.72, 148745257261.2819
No.56: 1.15, 6.21, 2.67, 4.83, 2.62, 1.11, 2.32, 2.22, 0.69, 1.72, 383041997546.6994
No.57: 1.14, 6.20, 2.73, 4.82, 2.62, 1.11, 2.31, 2.21, 0.69, 1.72, 260739822251.318
No.58: 1.14, 6.17, 2.71, 4.80, 2.60, 1.10, 2.30, 2.21, 0.71, 1.72, 2635787325.1178794
No.59: 1.11, 6.22, 2.70, 4.84, 2.62, 1.11, 2.32, 2.22, 0.70, 1.73, 14135176310.363892
No.60: 1.14, 6.38, 2.71, 4.80, 2.60, 1.10, 2.30, 2.21, 0.69, 1.72, 2820422920453.968
No.61: 1.14, 6.17, 2.71, 4.80, 2.60, 1.10, 2.38, 2.21, 0.69, 1.72, 94048969332.85767
No.62: 1.14, 6.17, 2.71, 4.96, 2.60, 1.10, 2.30, 2.21, 0.69, 1.72, 6265101246.86289
No.63: 1.14, 6.17, 2.71, 4.80, 2.60, 1.10, 2.30, 2.28, 0.69, 1.72, 103649524735.77907
No.64: 1.14, 6.17, 2.71, 4.80, 2.60, 1.14, 2.30, 2.21, 0.69, 1.72, 19665229273.865234
No.65: 1.14, 6.17, 2.71, 4.80, 2.69, 1.10, 2.30, 2.21, 0.69, 1.72, 43667018712.71639
No.66: 1.14, 6.17, 2.71, 4.80, 2.60, 1.10, 2.30, 2.21, 0.69, 1.72, 53035091316.70977
No.67: 1.13, 6.20, 2.73, 4.82, 2.61, 1.11, 2.31, 2.21, 0.69, 1.72, 42752008160.73185
No.68: 1.14, 5.99, 2.71, 4.85, 2.63, 1.11, 2.33, 2.22, 0.70, 1.73, 18623706.78405393
No.69: 1.13, 5.95, 2.71, 4.85, 2.63, 1.12, 2.33, 2.23, 0.70, 1.73, 174746716.5884776
No.70: 1.13, 6.15, 2.71, 4.86, 2.63, 1.12, 2.33, 2.14, 0.70, 1.74, 1096613981.2467325
No.71: 1.13, 6.15, 2.71, 4.87, 2.64, 1.12, 2.24, 2.20, 0.70, 1.74, 1787365269.2934983
No.72: 1.13, 6.14, 2.71, 4.88, 2.64, 1.12, 2.31, 2.20, 0.70, 1.74, 432632445.7672283
No.73: 1.13, 6.13, 2.71, 4.89, 2.55, 1.12, 2.31, 2.20, 0.70, 1.75, 79045275.33786558
No.74: 1.13, 6.10, 2.68, 4.89, 2.61, 1.12, 2.30, 2.19, 0.70, 1.75, 22677219.700923983
No.75: 1.12, 6.11, 2.70, 4.92, 2.62, 1.09, 2.30, 2.19, 0.71, 1.76, 3842022.182281838
No.76: 1.12, 6.10, 2.70, 4.94, 2.63, 1.08, 2.30, 2.19, 0.71, 1.76, 11770464.227081364
No.77: 1.16, 6.04, 2.71, 4.90, 2.60, 1.11, 2.28, 2.17, 0.71, 1.75, 337724258.32828766
No.78: 1.13, 6.05, 2.71, 4.77, 2.62, 1.12, 2.30, 2.18, 0.71, 1.77, 1342778.3006885774
No.79: 1.13, 6.04, 2.71, 4.75, 2.63, 1.12, 2.30, 2.18, 0.72, 1.78, 489999016.9628915
No.80: 1.12, 6.03, 2.71, 4.92, 2.63, 1.12, 2.29, 2.18, 0.69, 1.78, 6285675.010117361
No.81: 1.14, 6.04, 2.70, 4.87, 2.59, 1.11, 2.37, 2.18, 0.70, 1.77, 152920225.64534912
No.82: 1.13, 6.01, 2.70, 4.88, 2.59, 1.11, 2.29, 2.24, 0.71, 1.78, 127200728.61425313
No.83: 1.14, 5.99, 2.70, 4.86, 2.57, 1.11, 2.31, 2.19, 0.70, 1.78, 38414773.71746174
No.84: 1.12, 5.92, 2.70, 4.95, 2.60, 1.12, 2.31, 2.18, 0.72, 1.75, 181312579.4669956
No.85: 1.10, 6.04, 2.69, 4.86, 2.60, 1.12, 2.34, 2.22, 0.70, 1.77, 1056397.7329551163
No.86: 1.09, 6.04, 2.69, 4.85, 2.60, 1.12, 2.34, 2.22, 0.70, 1.78, 3269070445.1729493
No.87: 1.13, 6.18, 2.70, 4.80, 2.60, 1.11, 2.32, 2.21, 0.69, 1.78, 1403987863.2539217
No.88: 1.12, 5.96, 2.70, 4.93, 2.60, 1.12, 2.31, 2.19, 0.71, 1.76, 129288437.37982854
No.89: 1.12, 6.05, 2.70, 4.88, 2.61, 1.12, 2.25, 2.23, 0.71, 1.76, 84450.54372464358
No.90: 1.12, 6.05, 2.70, 4.89, 2.61, 1.12, 2.23, 2.23, 0.71, 1.76, 1727787.795340407
No.91: 1.13, 6.14, 2.70, 4.82, 2.61, 1.11, 2.29, 2.22, 0.70, 1.77, 330324267.76330954
No.92: 1.12, 5.99, 2.70, 4.91, 2.60, 1.12, 2.31, 2.19, 0.71, 1.76, 252435833.7716564
No.93: 1.10, 6.04, 2.69, 4.86, 2.60, 1.12, 2.33, 2.22, 0.70, 1.77, 1433053.9655963436
No.94: 1.13, 6.05, 2.71, 4.78, 2.62, 1.12, 2.29, 2.19, 0.71, 1.77, 1119552.6128408953
No.95: 1.12, 6.10, 2.70, 4.92, 2.62, 1.09, 2.30, 2.20, 0.71, 1.76, 5770464.956859378
No.96: 1.12, 6.03, 2.71, 4.92, 2.63, 1.12, 2.29, 2.18, 0.69, 1.78, 6285675.010117361
No.97: 1.13, 5.99, 2.71, 4.85, 2.63, 1.12, 2.32, 2.22, 0.70, 1.74, 5184784.2421528995
No.98: 1.13, 6.09, 2.68, 4.89, 2.61, 1.12, 2.29, 2.19, 0.70, 1.75, 35564042.87931487
No.99: 1.14, 6.00, 2.70, 4.87, 2.57, 1.11, 2.30, 2.19, 0.70, 1.78, 31554379.97234902
No.100: 1.12, 6.12, 2.71, 4.89, 2.56, 1.12, 2.30, 2.20, 0.70, 1.75, 199375136.27876255
No.101: 1.13, 6.01, 2.70, 4.88, 2.59, 1.11, 2.28, 2.24, 0.71, 1.78, 181234082.21338823
No.102: 1.12, 5.97, 2.70, 4.92, 2.60, 1.12, 2.30, 2.19, 0.71, 1.76, 21550323.636850566
No.103: 1.13, 5.94, 2.69, 4.86, 2.66, 1.11, 2.29, 2.21, 0.70, 1.78, 133388028.63882282
No.104: 1.12, 6.04, 2.70, 4.87, 2.64, 1.12, 2.31, 2.16, 0.70, 1.75, 755729.7392640277
No.105: 1.12, 6.13, 2.71, 4.89, 2.57, 1.12, 2.31, 2.19, 0.70, 1.74, 20726654.493820015
No.106: 1.11, 5.99, 2.72, 4.86, 2.60, 1.11, 2.30, 2.20, 0.70, 1.77, 53892273.93971369
No.107: 1.13, 6.08, 2.69, 4.89, 2.61, 1.12, 2.29, 2.19, 0.70, 1.75, 26961422.739770368
No.108: 1.11, 6.10, 2.71, 4.89, 2.65, 1.13, 2.30, 2.20, 0.71, 1.74, 36230746.34490311
No.109: 1.13, 6.01, 2.70, 4.87, 2.58, 1.11, 2.30, 2.20, 0.70, 1.77, 96374158.55839185
No.110: 1.12, 6.04, 2.70, 4.87, 2.64, 1.12, 2.30, 2.17, 0.70, 1.75, 674676.3002900055
No.111: 1.13, 6.05, 2.71, 4.79, 2.62, 1.12, 2.29, 2.19, 0.71, 1.77, 23861498.322676394
No.112: 1.10, 6.04, 2.69, 4.86, 2.60, 1.12, 2.32, 2.22, 0.70, 1.77, 403213.2868926911
No.113: 1.13, 6.00, 2.71, 4.85, 2.62, 1.12, 2.31, 2.22, 0.70, 1.74, 2710.5619995476904
No.114: 1.12, 6.09, 2.70, 4.92, 2.62, 1.09, 2.29, 2.20, 0.71, 1.76, 194808.34647655577
No.115: 1.12, 6.03, 2.71, 4.91, 2.62, 1.12, 2.29, 2.19, 0.69, 1.78, 1016935.5922044251
No.116: 1.12, 6.12, 2.71, 4.89, 2.57, 1.12, 2.30, 2.19, 0.70, 1.74, 14974154.233800212
No.117: 1.12, 5.98, 2.70, 4.92, 2.60, 1.12, 2.30, 2.20, 0.71, 1.76, 55331129.65650418
No.118: 1.13, 6.07, 2.69, 4.88, 2.61, 1.12, 2.29, 2.20, 0.70, 1.75, 23702906.82609794
No.119: 1.14, 6.00, 2.70, 4.87, 2.58, 1.11, 2.30, 2.20, 0.70, 1.78, 90200966.95727187
No.120: 1.11, 6.09, 2.71, 4.89, 2.65, 1.13, 2.29, 2.20, 0.71, 1.74, 3715181.064284233
No.121: 1.12, 6.14, 2.70, 4.83, 2.63, 1.12, 2.29, 2.21, 0.70, 1.76, 34449034.367157556
No.122: 1.12, 6.12, 2.70, 4.85, 2.63, 1.12, 2.29, 2.20, 0.70, 1.76, 468731471.2772803
No.123: 1.12, 6.04, 2.70, 4.88, 2.61, 1.12, 2.25, 2.23, 0.70, 1.75, 1232218.8508097327
No.124: 1.12, 6.08, 2.70, 4.91, 2.62, 1.10, 2.30, 2.20, 0.71, 1.76, 115679.06693813157
No.125: 1.11, 6.03, 2.69, 4.86, 2.60, 1.12, 2.32, 2.22, 0.70, 1.77, 416570.6337348836
No.126: 1.12, 6.04, 2.70, 4.87, 2.64, 1.12, 2.30, 2.18, 0.70, 1.75, 67769.69849106006
No.127: 1.12, 6.03, 2.71, 4.91, 2.62, 1.12, 2.29, 2.19, 0.69, 1.77, 87907368.48203662
No.128: 1.11, 6.08, 2.71, 4.89, 2.65, 1.13, 2.29, 2.20, 0.70, 1.74, 4989061.182339591
No.129: 1.12, 6.11, 2.71, 4.88, 2.58, 1.12, 2.30, 2.19, 0.70, 1.74, 102924619.65605113
No.130: 1.13, 6.07, 2.69, 4.88, 2.61, 1.12, 2.29, 2.20, 0.70, 1.75, 23702906.82609794
No.131: 1.13, 6.05, 2.71, 4.80, 2.62, 1.12, 2.29, 2.19, 0.71, 1.77, 13717427.69501798
No.132: 1.12, 5.98, 2.70, 4.91, 2.60, 1.12, 2.30, 2.20, 0.71, 1.75, 59918671.54179524
No.133: 1.12, 5.97, 2.69, 4.87, 2.67, 1.11, 2.29, 2.21, 0.70, 1.77, 66796476.52698977
No.134: 1.12, 6.04, 2.69, 4.84, 2.63, 1.11, 2.30, 2.22, 0.72, 1.73, 3221509.528380705
No.135: 1.12, 6.11, 2.71, 4.87, 2.58, 1.12, 2.30, 2.20, 0.71, 1.74, 123523870.02294718
No.136: 1.12, 5.99, 2.70, 4.87, 2.65, 1.11, 2.29, 2.21, 0.70, 1.76, 33716778.194155335
No.137: 1.12, 6.11, 2.70, 4.82, 2.65, 1.11, 2.29, 2.22, 0.70, 1.75, 175958046.95481333
No.138: 1.12, 6.00, 2.70, 4.90, 2.61, 1.12, 2.30, 2.20, 0.71, 1.75, 39386424.974682
No.139: 1.12, 6.09, 2.70, 4.83, 2.64, 1.11, 2.29, 2.21, 0.70, 1.75, 81741155.44350848
No.140: 1.12, 6.01, 2.70, 4.89, 2.62, 1.12, 2.30, 2.20, 0.71, 1.75, 39262928.90665623
No.141: 1.12, 6.07, 2.70, 4.84, 2.64, 1.11, 2.29, 2.21, 0.70, 1.75, 117401578.66172282
No.142: 1.12, 6.02, 2.70, 4.88, 2.62, 1.12, 2.30, 2.20, 0.71, 1.75, 404959.77257035853
No.143: 1.12, 6.10, 2.70, 4.86, 2.59, 1.12, 2.30, 2.20, 0.71, 1.74, 112693540.5450562
No.144: 1.12, 6.01, 2.70, 4.87, 2.64, 1.11, 2.29, 2.21, 0.71, 1.76, 97868150.89508665
No.145: 1.12, 6.03, 2.70, 4.87, 2.63, 1.12, 2.30, 2.18, 0.70, 1.75, 22282.177449376883
No.146: 1.12, 6.08, 2.70, 4.90, 2.62, 1.10, 2.30, 2.20, 0.71, 1.76, 24004817.85781713
No.147: 1.12, 6.02, 2.70, 4.88, 2.62, 1.12, 2.30, 2.21, 0.71, 1.75, 66224.83020448653
No.148: 1.11, 6.03, 2.70, 4.86, 2.61, 1.12, 2.32, 2.22, 0.70, 1.76, 815590.1692557283
No.149: 1.12, 6.04, 2.70, 4.88, 2.61, 1.12, 2.26, 2.23, 0.70, 1.75, 77264.88017042723
No.150: 1.12, 6.03, 2.70, 4.84, 2.63, 1.11, 2.30, 2.22, 0.71, 1.73, 581102.9615413791
No.151: 1.11, 6.07, 2.71, 4.88, 2.64, 1.12, 2.29, 2.21, 0.70, 1.74, 48831513.77898948
No.152: 1.13, 6.04, 2.71, 4.80, 2.62, 1.12, 2.29, 2.20, 0.71, 1.76, 25890121.58860526
No.153: 1.13, 6.06, 2.69, 4.88, 2.61, 1.12, 2.29, 2.20, 0.70, 1.75, 5055317.976468341
No.154: 1.12, 5.99, 2.70, 4.87, 2.65, 1.11, 2.29, 2.21, 0.70, 1.76, 33716778.194155335
No.155: 1.13, 5.99, 2.69, 4.84, 2.60, 1.11, 2.30, 2.21, 0.71, 1.76, 14716654.941413328
No.156: 1.13, 6.07, 2.70, 4.85, 2.59, 1.11, 2.30, 2.21, 0.71, 1.75, 24515123.298529778
No.157: 1.12, 6.03, 2.69, 4.93, 2.61, 1.11, 2.30, 2.23, 0.70, 1.74, 81070.20708008466
No.158: 1.12, 5.99, 2.69, 4.89, 2.65, 1.11, 2.29, 2.22, 0.70, 1.75, 38856679.00712664
No.159: 1.12, 6.06, 2.70, 4.86, 2.60, 1.11, 2.30, 2.21, 0.71, 1.75, 405771.07163206243
No.160: 1.12, 5.98, 2.69, 4.83, 2.61, 1.13, 2.30, 2.22, 0.70, 1.74, 12982.051012272734
No.161: 1.11, 6.07, 2.70, 4.89, 2.63, 1.13, 2.30, 2.21, 0.70, 1.73, 4976966.2625236055
No.162: 1.11, 6.00, 2.70, 4.86, 2.62, 1.12, 2.30, 2.23, 0.70, 1.74, 337586.8984110912
No.163: 1.13, 5.98, 2.70, 4.84, 2.60, 1.10, 2.30, 2.22, 0.71, 1.76, 40097745.95373003
No.164: 1.11, 6.05, 2.70, 4.88, 2.62, 1.12, 2.30, 2.22, 0.70, 1.73, 270120.70662953414
No.165: 1.13, 6.02, 2.70, 4.87, 2.63, 1.12, 2.28, 2.21, 0.71, 1.72, 40327.25098031831
No.166: 1.12, 6.01, 2.71, 4.90, 2.61, 1.12, 2.29, 2.21, 0.69, 1.75, 2259768.6046725404
No.167: 1.12, 6.03, 2.70, 4.85, 2.62, 1.11, 2.30, 2.22, 0.71, 1.74, 632810.1395120583
No.168: 1.12, 5.98, 2.69, 4.84, 2.61, 1.13, 2.30, 2.22, 0.70, 1.74, 43904552.43838054
No.169: 1.12, 6.03, 2.70, 4.86, 2.63, 1.12, 2.30, 2.19, 0.70, 1.75, 367751.223634742
No.170: 1.13, 6.01, 2.70, 4.87, 2.63, 1.12, 2.28, 2.21, 0.70, 1.72, 20467238.977568373
No.171: 1.12, 6.02, 2.70, 4.88, 2.62, 1.12, 2.30, 2.21, 0.71, 1.75, 66224.83020448653
No.172: 1.12, 6.03, 2.70, 4.88, 2.62, 1.12, 2.26, 2.23, 0.70, 1.75, 114860.55989184679
No.173: 1.12, 6.02, 2.69, 4.92, 2.61, 1.11, 2.30, 2.23, 0.70, 1.74, 112330.44972084569
No.174: 1.12, 6.05, 2.70, 4.88, 2.62, 1.12, 2.30, 2.22, 0.70, 1.73, 4447977.461003877
No.175: 1.11, 6.00, 2.71, 4.86, 2.62, 1.12, 2.31, 2.23, 0.70, 1.74, 37891.56911123965
No.176: 1.13, 6.05, 2.70, 4.86, 2.60, 1.11, 2.30, 2.21, 0.70, 1.75, 1845413.1098592868
No.177: 1.12, 6.03, 2.70, 4.84, 2.63, 1.11, 2.30, 2.22, 0.71, 1.73, 581102.9615413791
No.178: 1.12, 6.06, 2.71, 4.90, 2.63, 1.10, 2.29, 2.21, 0.71, 1.74, 7063681.478938059
No.179: 1.11, 6.04, 2.70, 4.87, 2.61, 1.11, 2.31, 2.22, 0.70, 1.76, 303427.21057595435
No.180: 1.12, 5.99, 2.69, 4.84, 2.61, 1.13, 2.31, 2.22, 0.70, 1.75, 800332.8443201102
No.181: 1.13, 6.00, 2.70, 4.85, 2.61, 1.11, 2.30, 2.22, 0.71, 1.76, 8090153.607142036
No.182: 1.12, 6.04, 2.70, 4.88, 2.62, 1.12, 2.30, 2.22, 0.70, 1.74, 1155451.3369042955
No.183: 1.11, 5.99, 2.70, 4.88, 2.64, 1.12, 2.30, 2.23, 0.70, 1.74, 9682165.465194577
No.184: 1.12, 6.04, 2.70, 4.86, 2.60, 1.12, 2.30, 2.21, 0.70, 1.75, 483821.87538257905
No.185: 1.12, 6.00, 2.70, 4.86, 2.61, 1.11, 2.30, 2.22, 0.70, 1.75, 70657.61033827467
No.186: 1.12, 6.05, 2.71, 4.90, 2.63, 1.10, 2.29, 2.21, 0.71, 1.74, 3304705.1208344907
No.187: 1.12, 6.00, 2.70, 4.85, 2.61, 1.12, 2.31, 2.22, 0.70, 1.75, 11612952.908993695
No.188: 1.11, 6.00, 2.71, 4.86, 2.62, 1.12, 2.31, 2.23, 0.70, 1.74, 37891.56911123965
No.189: 1.12, 6.01, 2.70, 4.87, 2.62, 1.12, 2.30, 2.21, 0.70, 1.75, 1683923.545579649
No.190: 1.12, 6.00, 2.70, 4.86, 2.61, 1.11, 2.30, 2.22, 0.70, 1.75, 70657.61033827467
No.191: 1.12, 6.02, 2.70, 4.91, 2.61, 1.11, 2.31, 2.23, 0.70, 1.74, 1636450.0074739514
No.192: 1.12, 6.03, 2.70, 4.87, 2.62, 1.12, 2.27, 2.23, 0.70, 1.75, 230055.8147325938
No.193: 1.11, 6.04, 2.70, 4.87, 2.61, 1.11, 2.31, 2.22, 0.70, 1.76, 303427.21057595435
No.194: 1.12, 6.03, 2.70, 4.86, 2.63, 1.12, 2.30, 2.19, 0.70, 1.75, 367751.223634742
No.195: 1.12, 6.04, 2.70, 4.86, 2.61, 1.12, 2.30, 2.21, 0.70, 1.74, 811799.9681306601
No.196: 1.12, 6.03, 2.70, 4.84, 2.63, 1.11, 2.30, 2.22, 0.71, 1.73, 581102.9615413791
No.197: 1.12, 5.99, 2.69, 4.84, 2.61, 1.13, 2.31, 2.22, 0.70, 1.75, 800332.8443201102
No.198: 1.12, 6.02, 2.70, 4.85, 2.61, 1.11, 2.31, 2.23, 0.70, 1.74, 763616.3900187697
No.199: 1.12, 6.01, 2.71, 4.80, 2.62, 1.12, 2.30, 2.21, 0.71, 1.75, 220003.52972854808
No.200: 1.12, 5.99, 2.70, 4.84, 2.63, 1.12, 2.30, 2.22, 0.70, 1.75, 890003.3991217769
No.201: 1.12, 6.03, 2.70, 4.86, 2.61, 1.12, 2.30, 2.22, 0.70, 1.74, 15113068.127625067
No.202: 1.12, 6.00, 2.71, 4.86, 2.62, 1.12, 2.31, 2.23, 0.70, 1.74, 1777032.5218375695
No.203: 1.13, 6.00, 2.70, 4.86, 2.61, 1.11, 2.30, 2.22, 0.70, 1.75, 31182991.184280552
No.204: 1.12, 6.01, 2.71, 4.81, 2.62, 1.12, 2.30, 2.21, 0.71, 1.75, 41690.709539154755
No.205: 1.12, 6.03, 2.70, 4.87, 2.62, 1.12, 2.27, 2.23, 0.70, 1.75, 230055.8147325938
No.206: 1.11, 6.04, 2.70, 4.87, 2.61, 1.11, 2.31, 2.22, 0.70, 1.76, 303427.21057595435
No.207: 1.12, 6.02, 2.70, 4.86, 2.63, 1.12, 2.31, 2.19, 0.70, 1.74, 21852769.672354806
No.208: 1.12, 6.02, 2.70, 4.84, 2.63, 1.11, 2.30, 2.22, 0.71, 1.74, 559772.8519501021
No.209: 1.12, 6.02, 2.70, 4.85, 2.61, 1.11, 2.31, 2.23, 0.70, 1.74, 763616.3900187697
No.210: 1.12, 5.99, 2.70, 4.84, 2.61, 1.13, 2.31, 2.22, 0.70, 1.75, 15092.909040450328
No.211: 1.13, 6.03, 2.70, 4.86, 2.61, 1.12, 2.30, 2.21, 0.70, 1.74, 15007518.378625281
No.212: 1.12, 6.03, 2.70, 4.85, 2.62, 1.12, 2.30, 2.22, 0.70, 1.74, 177356.67023230484
No.213: 1.12, 6.01, 2.70, 4.84, 2.60, 1.12, 2.30, 2.25, 0.70, 1.74, 7628.651002128061
No.214: 1.12, 5.99, 2.70, 4.84, 2.63, 1.12, 2.30, 2.24, 0.70, 1.74, 76263008.46255398
No.215: 1.12, 6.03, 2.70, 4.86, 2.61, 1.12, 2.30, 2.22, 0.70, 1.74, 15113068.127625067
No.216: 1.12, 6.01, 2.70, 4.84, 2.61, 1.12, 2.30, 2.25, 0.70, 1.74, 84662.46643152938
No.217: 1.12, 5.99, 2.70, 4.84, 2.61, 1.12, 2.31, 2.22, 0.70, 1.75, 1589466.8415938176
No.218: 1.12, 6.01, 2.71, 4.81, 2.62, 1.12, 2.30, 2.22, 0.70, 1.75, 4966.422118334265
No.219: 1.12, 6.03, 2.70, 4.85, 2.62, 1.12, 2.30, 2.22, 0.70, 1.74, 177356.67023230484
No.220: 1.12, 6.02, 2.70, 4.87, 2.62, 1.12, 2.28, 2.22, 0.70, 1.75, 1346870.3923573215
No.221: 1.12, 6.03, 2.70, 4.87, 2.62, 1.11, 2.31, 2.22, 0.70, 1.75, 994.3649825296458
No.222: 1.12, 6.02, 2.70, 4.84, 2.63, 1.11, 2.30, 2.22, 0.71, 1.74, 559772.8519501021
No.223: 1.12, 6.02, 2.70, 4.85, 2.62, 1.11, 2.31, 2.23, 0.70, 1.74, 4698.789590933294
No.224: 1.12, 6.00, 2.71, 4.86, 2.62, 1.12, 2.31, 2.23, 0.70, 1.74, 1777032.5218375695
No.225: 1.13, 6.03, 2.70, 4.86, 2.61, 1.12, 2.30, 2.22, 0.70, 1.74, 1467243.2935277524
No.226: 1.13, 6.03, 2.70, 4.84, 2.61, 1.12, 2.30, 2.22, 0.70, 1.75, 401489.44126173266
No.227: 1.12, 6.05, 2.71, 4.86, 2.63, 1.11, 2.30, 2.22, 0.70, 1.74, 2704920.996011061
No.228: 1.12, 6.00, 2.70, 4.84, 2.61, 1.12, 2.31, 2.22, 0.70, 1.75, 924591.240798343
No.229: 1.12, 6.00, 2.70, 4.83, 2.63, 1.12, 2.30, 2.23, 0.70, 1.74, 11944805.280896375
No.230: 1.13, 6.03, 2.70, 4.86, 2.61, 1.12, 2.30, 2.22, 0.70, 1.74, 1467243.2935277524
No.231: 1.13, 6.00, 2.71, 4.86, 2.62, 1.12, 2.31, 2.22, 0.70, 1.74, 4861352.235745541
No.232: 1.12, 6.02, 2.70, 4.85, 2.62, 1.11, 2.31, 2.23, 0.70, 1.74, 4698.789590933294
No.233: 1.12, 6.01, 2.71, 4.82, 2.62, 1.12, 2.30, 2.22, 0.70, 1.75, 48769.52943448399
No.234: 1.12, 6.01, 2.70, 4.84, 2.61, 1.12, 2.30, 2.25, 0.70, 1.74, 84662.46643152938
No.235: 1.12, 6.03, 2.70, 4.85, 2.62, 1.12, 2.30, 2.22, 0.70, 1.74, 177356.67023230484
No.236: 1.13, 6.03, 2.70, 4.84, 2.61, 1.12, 2.30, 2.22, 0.70, 1.75, 401489.44126173266
No.237: 1.12, 6.02, 2.70, 4.85, 2.62, 1.11, 2.31, 2.22, 0.71, 1.74, 8481.974195346476
No.238: 1.12, 6.00, 2.70, 4.85, 2.61, 1.12, 2.31, 2.22, 0.70, 1.75, 11612952.908993695
No.239: 1.12, 6.02, 2.70, 4.87, 2.62, 1.12, 2.28, 2.22, 0.70, 1.75, 1346870.3923573215
No.240: 1.13, 6.03, 2.70, 4.86, 2.61, 1.12, 2.30, 2.22, 0.70, 1.74, 1467243.2935277524
No.241: 1.12, 6.04, 2.71, 4.86, 2.62, 1.11, 2.30, 2.22, 0.70, 1.74, 5301795.976395847
No.242: 1.12, 6.03, 2.71, 4.85, 2.62, 1.11, 2.30, 2.22, 0.70, 1.74, 30167.53615221464
No.243: 1.11, 6.05, 2.70, 4.85, 2.61, 1.12, 2.29, 2.22, 0.71, 1.75, 5338651.691371911
No.244: 1.13, 6.01, 2.71, 4.85, 2.62, 1.12, 2.31, 2.22, 0.70, 1.74, 11466819.584009035
No.245: 1.12, 6.02, 2.70, 4.86, 2.62, 1.11, 2.31, 2.23, 0.70, 1.74, 41994.85656794887
No.246: 1.12, 6.02, 2.70, 4.85, 2.62, 1.11, 2.31, 2.22, 0.71, 1.74, 8481.974195346476
No.247: 1.12, 6.03, 2.71, 4.86, 2.62, 1.11, 2.30, 2.22, 0.70, 1.74, 1961174.5635357848
No.248: 1.12, 6.01, 2.71, 4.82, 2.62, 1.12, 2.30, 2.22, 0.70, 1.75, 48769.52943448399
No.249: 1.12, 6.01, 2.70, 4.85, 2.61, 1.12, 2.30, 2.24, 0.70, 1.74, 134704.69122532266
No.250: 1.12, 6.03, 2.70, 4.85, 2.62, 1.12, 2.31, 2.22, 0.70, 1.74, 18459.86847670497
No.251: 1.13, 6.03, 2.70, 4.85, 2.61, 1.12, 2.30, 2.22, 0.70, 1.75, 820570.1753311399
No.252: 1.12, 6.02, 2.70, 4.87, 2.62, 1.12, 2.28, 2.22, 0.70, 1.75, 1346870.3923573215
No.253: 1.12, 6.03, 2.70, 4.86, 2.61, 1.11, 2.31, 2.22, 0.70, 1.75, 1023418.218887309
No.254: 1.13, 6.00, 2.71, 4.86, 2.62, 1.12, 2.31, 2.22, 0.70, 1.74, 4861352.235745541
No.255: 1.11, 6.05, 2.70, 4.85, 2.61, 1.12, 2.30, 2.22, 0.71, 1.75, 1102698.278807884
No.256: 1.12, 6.02, 2.70, 4.85, 2.61, 1.12, 2.30, 2.22, 0.70, 1.75, 240204.3557201618
No.257: 1.12, 6.03, 2.70, 4.83, 2.61, 1.12, 2.33, 2.22, 0.70, 1.74, 2232625.471662526
No.258: 1.12, 6.02, 2.70, 4.86, 2.62, 1.12, 2.29, 2.22, 0.70, 1.75, 341904.9665602658
No.259: 1.13, 6.00, 2.71, 4.85, 2.62, 1.12, 2.31, 2.22, 0.70, 1.74, 2710.5619995476904
No.260: 1.12, 6.01, 2.70, 4.84, 2.62, 1.12, 2.30, 2.23, 0.70, 1.75, 296323.3106320904
No.261: 1.12, 6.00, 2.70, 4.85, 2.62, 1.12, 2.31, 2.23, 0.70, 1.74, 145490.79947061447
No.262: 1.12, 6.01, 2.70, 4.83, 2.62, 1.12, 2.32, 2.23, 0.70, 1.74, 42400.24744530887
No.263: 1.12, 6.02, 2.70, 4.86, 2.61, 1.11, 2.31, 2.22, 0.70, 1.74, 1093695.5970385263
No.264: 1.12, 6.01, 2.70, 4.84, 2.62, 1.12, 2.31, 2.23, 0.70, 1.75, 53631.44686339765
No.265: 1.12, 6.01, 2.71, 4.85, 2.63, 1.11, 2.31, 2.23, 0.70, 1.74, 19035.47999975424
No.266: 1.13, 6.03, 2.70, 4.84, 2.62, 1.12, 2.31, 2.22, 0.70, 1.75, 222825.06709058207
No.267: 1.12, 6.01, 2.70, 4.85, 2.62, 1.12, 2.31, 2.23, 0.70, 1.74, 60600.43852981132
No.268: 1.12, 6.02, 2.70, 4.85, 2.63, 1.11, 2.32, 2.21, 0.70, 1.74, 2215182.0407493366
No.269: 1.12, 6.01, 2.70, 4.85, 2.61, 1.12, 2.31, 2.24, 0.70, 1.74, 52344.26249579091
No.270: 1.12, 6.02, 2.70, 4.84, 2.62, 1.12, 2.31, 2.22, 0.70, 1.75, 1954195.2451470967
No.271: 1.12, 6.01, 2.70, 4.85, 2.62, 1.12, 2.31, 2.23, 0.70, 1.74, 60600.43852981132
No.272: 1.13, 6.00, 2.70, 4.86, 2.62, 1.12, 2.31, 2.22, 0.70, 1.74, 4140409.557894188
No.273: 1.12, 6.02, 2.70, 4.85, 2.62, 1.11, 2.31, 2.22, 0.71, 1.74, 8481.974195346476
No.274: 1.12, 6.03, 2.70, 4.85, 2.62, 1.12, 2.31, 2.22, 0.70, 1.74, 18459.86847670497
No.275: 1.12, 6.01, 2.71, 4.85, 2.63, 1.11, 2.31, 2.23, 0.70, 1.74, 19035.47999975424
No.276: 1.12, 6.02, 2.70, 4.86, 2.62, 1.11, 2.31, 2.23, 0.70, 1.74, 41994.85656794887
No.277: 1.12, 6.01, 2.70, 4.84, 2.62, 1.12, 2.32, 2.23, 0.70, 1.74, 33643.117851411334
No.278: 1.12, 6.01, 2.71, 4.83, 2.62, 1.12, 2.30, 2.22, 0.70, 1.75, 1486798.564457877
No.279: 1.12, 6.02, 2.70, 4.85, 2.61, 1.12, 2.31, 2.24, 0.70, 1.75, 229625.87850680124
No.280: 1.12, 6.01, 2.70, 4.84, 2.62, 1.12, 2.31, 2.23, 0.70, 1.75, 53631.44686339765
No.281: 1.12, 6.01, 2.70, 4.85, 2.62, 1.12, 2.31, 2.23, 0.70, 1.74, 60600.43852981132
No.282: 1.11, 6.03, 2.70, 4.84, 2.62, 1.12, 2.31, 2.23, 0.71, 1.75, 49392.970803769575
No.283: 1.12, 6.02, 2.70, 4.87, 2.62, 1.11, 2.32, 2.24, 0.70, 1.74, 28246.88675990013
No.284: 1.12, 6.03, 2.70, 4.86, 2.63, 1.11, 2.32, 2.22, 0.70, 1.74, 97620241.47256482
No.285: 1.12, 6.02, 2.70, 4.85, 2.61, 1.12, 2.31, 2.23, 0.70, 1.75, 68500.47832566233
No.286: 1.12, 6.02, 2.70, 4.86, 2.62, 1.11, 2.31, 2.22, 0.70, 1.74, 38649.737460394485
No.287: 1.12, 6.03, 2.70, 4.85, 2.62, 1.11, 2.31, 2.22, 0.70, 1.75, 17948.607093721104
No.288: 1.12, 6.03, 2.70, 4.86, 2.62, 1.11, 2.32, 2.22, 0.70, 1.74, 77549908.66787209
No.289: 1.12, 6.02, 2.70, 4.85, 2.62, 1.12, 2.31, 2.23, 0.70, 1.75, 16920.084834554407
No.290: 1.13, 6.01, 2.70, 4.87, 2.62, 1.11, 2.32, 2.22, 0.70, 1.74, 20060648.16823519
No.291: 1.11, 6.03, 2.70, 4.85, 2.62, 1.12, 2.31, 2.23, 0.71, 1.75, 4647038.750151722
No.292: 1.12, 6.02, 2.70, 4.85, 2.62, 1.11, 2.31, 2.22, 0.71, 1.74, 8481.974195346476
No.293: 1.12, 6.02, 2.70, 4.85, 2.62, 1.12, 2.31, 2.23, 0.70, 1.75, 16920.084834554407
No.294: 1.12, 6.03, 2.70, 4.86, 2.62, 1.11, 2.31, 2.22, 0.70, 1.75, 2478.5651974445927
No.295: 1.12, 6.03, 2.70, 4.86, 2.62, 1.12, 2.31, 2.22, 0.70, 1.74, 167475.7925704333
No.296: 1.12, 6.01, 2.71, 4.85, 2.62, 1.11, 2.31, 2.23, 0.70, 1.74, 14879.975992976224
No.297: 1.12, 6.03, 2.70, 4.87, 2.62, 1.11, 2.31, 2.23, 0.70, 1.74, 56159718.83078319
No.298: 1.12, 6.01, 2.70, 4.84, 2.62, 1.12, 2.32, 2.23, 0.70, 1.74, 33643.117851411334
No.299: 1.12, 6.03, 2.70, 4.86, 2.62, 1.11, 2.31, 2.22, 0.70, 1.74, 1018443.6296293306
No.300: 1.12, 6.02, 2.70, 4.86, 2.62, 1.11, 2.31, 2.22, 0.70, 1.74, 38649.737460394485
No.301: 1.11, 6.03, 2.70, 4.85, 2.62, 1.12, 2.31, 2.23, 0.71, 1.75, 4647038.750151722
No.302: 1.12, 6.02, 2.70, 4.83, 2.62, 1.12, 2.31, 2.21, 0.70, 1.75, 4269474.063529209
No.303: 1.13, 6.02, 2.70, 4.86, 2.62, 1.11, 2.32, 2.22, 0.70, 1.74, 80208.52563043757
No.304: 1.12, 6.02, 2.70, 4.88, 2.62, 1.11, 2.32, 2.23, 0.70, 1.74, 684825.5779912412
No.305: 1.12, 6.02, 2.70, 4.86, 2.62, 1.12, 2.31, 2.23, 0.70, 1.74, 131531.15401778935
No.306: 1.12, 6.02, 2.70, 4.83, 2.62, 1.12, 2.31, 2.22, 0.70, 1.75, 1051165.6207301463
No.307: 1.12, 6.02, 2.70, 4.87, 2.62, 1.11, 2.32, 2.23, 0.70, 1.74, 1056797.899204218
No.308: 1.12, 6.03, 2.70, 4.86, 2.62, 1.11, 2.31, 2.22, 0.70, 1.75, 2478.5651974445927
No.309: 1.12, 6.03, 2.70, 4.85, 2.62, 1.11, 2.31, 2.22, 0.71, 1.74, 194125.51939973925
No.310: 1.12, 6.02, 2.71, 4.85, 2.62, 1.11, 2.31, 2.23, 0.70, 1.74, 27953008.40939723
No.311: 1.12, 6.02, 2.70, 4.85, 2.62, 1.12, 2.31, 2.23, 0.70, 1.75, 16920.084834554407
No.312: 1.12, 6.01, 2.70, 4.84, 2.62, 1.12, 2.32, 2.23, 0.70, 1.75, 30458.737723343784
No.313: 1.12, 6.02, 2.70, 4.86, 2.62, 1.11, 2.31, 2.22, 0.70, 1.75, 621858.5498822049
No.314: 1.12, 6.02, 2.70, 4.86, 2.62, 1.11, 2.32, 2.22, 0.70, 1.74, 69447.6734490406
No.315: 1.12, 6.02, 2.70, 4.86, 2.62, 1.12, 2.31, 2.23, 0.70, 1.75, 32418.932659175265
No.316: 1.12, 6.03, 2.70, 4.86, 2.62, 1.12, 2.31, 2.22, 0.70, 1.74, 167475.7925704333
No.317: 1.12, 6.02, 2.70, 4.88, 2.62, 1.11, 2.32, 2.23, 0.70, 1.74, 684825.5779912412
No.318: 1.12, 6.03, 2.70, 4.86, 2.61, 1.12, 2.31, 2.22, 0.70, 1.75, 1412296.1417140868
No.319: 1.12, 6.03, 2.70, 4.86, 2.62, 1.12, 2.31, 2.22, 0.70, 1.75, 82772.50364454462
No.320: 1.12, 6.03, 2.70, 4.84, 2.62, 1.12, 2.31, 2.22, 0.70, 1.75, 505428.7221033516
No.321: 1.12, 6.03, 2.70, 4.85, 2.62, 1.12, 2.31, 2.22, 0.70, 1.75, 244418.5703592755
No.322: 1.12, 6.02, 2.70, 4.87, 2.62, 1.11, 2.32, 2.23, 0.70, 1.74, 1056797.899204218
No.323: 1.12, 6.03, 2.70, 4.84, 2.62, 1.12, 2.31, 2.22, 0.70, 1.75, 505428.7221033516
No.324: 1.12, 6.03, 2.70, 4.86, 2.62, 1.11, 2.31, 2.22, 0.70, 1.75, 2478.5651974445927
No.325: 1.12, 6.02, 2.70, 4.85, 2.62, 1.12, 2.31, 2.23, 0.70, 1.75, 16920.084834554407
No.326: 1.12, 6.02, 2.70, 4.85, 2.62, 1.12, 2.32, 2.22, 0.70, 1.75, 14995125.261905324
No.327: 1.12, 6.02, 2.70, 4.86, 2.62, 1.12, 2.31, 2.23, 0.70, 1.75, 32418.932659175265
No.328: 1.12, 6.02, 2.70, 4.86, 2.62, 1.11, 2.32, 2.22, 0.70, 1.75, 3791053.6739204703
No.329: 1.12, 6.03, 2.70, 4.86, 2.62, 1.12, 2.31, 2.22, 0.70, 1.75, 82772.50364454462
No.330: 1.12, 6.03, 2.70, 4.86, 2.62, 1.12, 2.31, 2.22, 0.70, 1.75, 82772.50364454462
No.331: 1.12, 6.03, 2.70, 4.86, 2.62, 1.11, 2.31, 2.22, 0.71, 1.74, 252335.95637474713
No.332: 1.12, 6.03, 2.70, 4.85, 2.62, 1.12, 2.31, 2.22, 0.70, 1.75, 244418.5703592755
No.333: 1.12, 6.03, 2.70, 4.84, 2.62, 1.12, 2.31, 2.22, 0.70, 1.75, 505428.7221033516
No.334: 1.12, 6.04, 2.70, 4.87, 2.62, 1.12, 2.30, 2.22, 0.70, 1.75, 9161.083652103653
No.335: 1.11, 6.04, 2.70, 4.85, 2.62, 1.12, 2.31, 2.22, 0.71, 1.75, 49715969.94783238
No.336: 1.12, 6.02, 2.70, 4.86, 2.62, 1.11, 2.31, 2.22, 0.70, 1.75, 621858.5498822049
No.337: 1.12, 6.04, 2.70, 4.86, 2.62, 1.12, 2.31, 2.22, 0.70, 1.75, 61402.785795237454
No.338: 1.12, 6.03, 2.70, 4.88, 2.62, 1.11, 2.31, 2.23, 0.70, 1.74, 28166246.567909356
No.339: 1.12, 6.03, 2.70, 4.85, 2.62, 1.12, 2.31, 2.22, 0.70, 1.75, 244418.5703592755
No.340: 1.12, 6.03, 2.70, 4.86, 2.62, 1.12, 2.31, 2.22, 0.70, 1.75, 82772.50364454462
No.341: 1.12, 6.03, 2.70, 4.87, 2.62, 1.11, 2.31, 2.23, 0.70, 1.75, 7533.736019562778
No.342: 1.12, 6.03, 2.70, 4.87, 2.61, 1.11, 2.31, 2.23, 0.70, 1.75, 767603.4881294918
No.343: 1.12, 6.03, 2.70, 4.86, 2.62, 1.12, 2.31, 2.22, 0.70, 1.75, 82772.50364454462
No.344: 1.12, 6.03, 2.70, 4.87, 2.61, 1.11, 2.31, 2.22, 0.70, 1.75, 16233.728401322696
No.345: 1.12, 6.03, 2.70, 4.86, 2.62, 1.11, 2.31, 2.22, 0.70, 1.74, 1018443.6296293306
No.346: 1.12, 6.03, 2.70, 4.86, 2.62, 1.12, 2.31, 2.22, 0.70, 1.75, 82772.50364454462
No.347: 1.12, 6.03, 2.70, 4.86, 2.62, 1.11, 2.31, 2.22, 0.70, 1.75, 2478.5651974445927
No.348: 1.12, 6.03, 2.70, 4.87, 2.62, 1.11, 2.31, 2.23, 0.70, 1.75, 7533.736019562778
No.349: 1.12, 6.04, 2.70, 4.87, 2.62, 1.11, 2.30, 2.22, 0.70, 1.75, 51034.58943623792
No.350: 1.12, 6.03, 2.70, 4.87, 2.61, 1.11, 2.31, 2.22, 0.70, 1.75, 16233.728401322696
No.351: 1.12, 6.02, 2.70, 4.86, 2.62, 1.12, 2.31, 2.23, 0.70, 1.75, 32418.932659175265
No.352: 1.12, 6.02, 2.70, 4.86, 2.62, 1.11, 2.31, 2.23, 0.70, 1.75, 23801.949141225
No.353: 1.12, 6.04, 2.70, 4.86, 2.62, 1.12, 2.31, 2.22, 0.70, 1.75, 61402.785795237454
No.354: 1.12, 6.03, 2.70, 4.86, 2.62, 1.12, 2.31, 2.22, 0.70, 1.75, 82772.50364454462
No.355: 1.12, 6.03, 2.70, 4.86, 2.62, 1.12, 2.31, 2.22, 0.70, 1.75, 82772.50364454462
No.356: 1.12, 6.03, 2.70, 4.86, 2.62, 1.12, 2.31, 2.22, 0.70, 1.75, 82772.50364454462
No.357: 1.12, 6.03, 2.70, 4.86, 2.62, 1.11, 2.31, 2.22, 0.70, 1.74, 1018443.6296293306
No.358: 1.12, 6.03, 2.70, 4.86, 2.62, 1.12, 2.31, 2.22, 0.70, 1.75, 82772.50364454462
No.359: 1.12, 6.03, 2.70, 4.86, 2.62, 1.11, 2.31, 2.22, 0.70, 1.75, 2478.5651974445927
No.360: 1.12, 6.03, 2.70, 4.87, 2.62, 1.11, 2.31, 2.23, 0.70, 1.75, 7533.736019562778
No.361: 1.12, 6.03, 2.70, 4.87, 2.61, 1.11, 2.31, 2.22, 0.70, 1.75, 16233.728401322696
No.362: 1.12, 6.02, 2.70, 4.86, 2.62, 1.11, 2.31, 2.23, 0.70, 1.75, 23801.949141225
No.363: 1.12, 6.02, 2.70, 4.86, 2.62, 1.12, 2.31, 2.22, 0.70, 1.75, 1364746.994719511
No.364: 1.12, 6.04, 2.70, 4.87, 2.62, 1.11, 2.30, 2.22, 0.70, 1.75, 51034.58943623792
No.365: 1.12, 6.03, 2.70, 4.86, 2.62, 1.12, 2.31, 2.22, 0.70, 1.75, 82772.50364454462
No.366: 1.12, 6.03, 2.70, 4.86, 2.62, 1.12, 2.31, 2.22, 0.70, 1.75, 82772.50364454462
No.367: 1.12, 6.03, 2.70, 4.86, 2.62, 1.12, 2.31, 2.22, 0.70, 1.75, 82772.50364454462
No.368: 1.12, 6.03, 2.70, 4.86, 2.62, 1.12, 2.31, 2.22, 0.70, 1.75, 82772.50364454462
No.369: 1.12, 6.04, 2.70, 4.87, 2.61, 1.11, 2.31, 2.22, 0.70, 1.75, 18975.859759285162
No.370: 1.12, 6.03, 2.70, 4.87, 2.62, 1.11, 2.31, 2.22, 0.70, 1.75, 994.3649825296458
No.371: 1.12, 6.04, 2.70, 4.87, 2.61, 1.11, 2.31, 2.22, 0.70, 1.75, 18975.859759285162
No.372: 1.12, 6.04, 2.70, 4.87, 2.62, 1.11, 2.31, 2.22, 0.70, 1.75, 1377584.102268323
No.373: 1.12, 6.03, 2.70, 4.87, 2.62, 1.11, 2.31, 2.22, 0.70, 1.75, 994.3649825296458
No.374: 1.12, 6.03, 2.70, 4.88, 2.62, 1.11, 2.31, 2.22, 0.70, 1.75, 321262.54160881304
No.375: 1.12, 6.03, 2.70, 4.86, 2.62, 1.12, 2.31, 2.22, 0.70, 1.75, 82772.50364454462
No.376: 1.12, 6.03, 2.70, 4.87, 2.62, 1.11, 2.31, 2.22, 0.70, 1.75, 994.3649825296458
No.377: 1.12, 6.03, 2.70, 4.87, 2.62, 1.11, 2.31, 2.22, 0.70, 1.75, 994.3649825296458
No.378: 1.12, 6.03, 2.70, 4.86, 2.62, 1.11, 2.31, 2.22, 0.70, 1.75, 2478.5651974445927
No.379: 1.12, 6.03, 2.70, 4.87, 2.62, 1.11, 2.31, 2.23, 0.70, 1.75, 7533.736019562778
No.380: 1.12, 6.03, 2.70, 4.87, 2.61, 1.11, 2.31, 2.22, 0.70, 1.75, 16233.728401322696
No.381: 1.12, 6.04, 2.70, 4.87, 2.61, 1.11, 2.31, 2.22, 0.70, 1.75, 18975.859759285162
No.382: 1.12, 6.04, 2.70, 4.87, 2.61, 1.11, 2.31, 2.22, 0.70, 1.75, 18975.859759285162
No.383: 1.12, 6.02, 2.70, 4.86, 2.62, 1.11, 2.31, 2.23, 0.70, 1.75, 23801.949141225
No.384: 1.12, 6.04, 2.70, 4.87, 2.62, 1.11, 2.31, 2.22, 0.70, 1.75, 1377584.102268323
No.385: 1.12, 6.03, 2.70, 4.86, 2.62, 1.12, 2.31, 2.22, 0.70, 1.75, 82772.50364454462
No.386: 1.12, 6.03, 2.70, 4.87, 2.61, 1.11, 2.32, 2.23, 0.70, 1.75, 116052.86904414652
No.387: 1.12, 6.03, 2.70, 4.87, 2.61, 1.11, 2.32, 2.23, 0.70, 1.75, 116052.86904414652
No.388: 1.12, 6.03, 2.70, 4.87, 2.62, 1.11, 2.31, 2.22, 0.70, 1.75, 994.3649825296458
No.389: 1.12, 6.03, 2.70, 4.88, 2.62, 1.11, 2.31, 2.22, 0.70, 1.75, 321262.54160881304
No.390: 1.12, 6.03, 2.70, 4.86, 2.62, 1.11, 2.31, 2.22, 0.70, 1.75, 2478.5651974445927
No.391: 1.12, 6.04, 2.70, 4.87, 2.62, 1.11, 2.31, 2.22, 0.70, 1.75, 1377584.102268323
No.392: 1.12, 6.03, 2.70, 4.86, 2.62, 1.11, 2.31, 2.22, 0.70, 1.75, 2478.5651974445927
No.393: 1.12, 6.03, 2.70, 4.86, 2.62, 1.12, 2.31, 2.22, 0.70, 1.75, 82772.50364454462
No.394: 1.12, 6.03, 2.70, 4.87, 2.61, 1.11, 2.31, 2.22, 0.70, 1.75, 16233.728401322696
No.395: 1.12, 6.03, 2.70, 4.86, 2.62, 1.11, 2.31, 2.23, 0.70, 1.75, 110206.41232778435
No.396: 1.12, 6.04, 2.70, 4.87, 2.61, 1.11, 2.31, 2.22, 0.70, 1.75, 18975.859759285162
No.397: 1.12, 6.03, 2.70, 4.87, 2.62, 1.11, 2.31, 2.22, 0.70, 1.75, 994.3649825296458
No.398: 1.12, 6.03, 2.70, 4.87, 2.62, 1.11, 2.31, 2.22, 0.70, 1.75, 994.3649825296458
No.399: 1.12, 6.03, 2.70, 4.87, 2.62, 1.11, 2.31, 2.22, 0.70, 1.75, 994.3649825296458
No.400: 1.12, 6.03, 2.70, 4.86, 2.62, 1.11, 2.31, 2.22, 0.70, 1.75, 2478.5651974445927
No.401: 1.12, 6.03, 2.70, 4.86, 2.62, 1.11, 2.31, 2.22, 0.70, 1.75, 2478.5651974445927
No.402: 1.12, 6.03, 2.70, 4.86, 2.62, 1.11, 2.31, 2.22, 0.70, 1.75, 2478.5651974445927
No.403: 1.12, 6.03, 2.70, 4.87, 2.62, 1.11, 2.31, 2.22, 0.70, 1.75, 994.3649825296458
No.404: 1.12, 6.03, 2.70, 4.87, 2.61, 1.11, 2.31, 2.22, 0.70, 1.75, 16233.728401322696
No.405: 1.12, 6.03, 2.70, 4.87, 2.61, 1.11, 2.31, 2.22, 0.70, 1.75, 16233.728401322696
No.406: 1.12, 6.04, 2.70, 4.87, 2.61, 1.11, 2.31, 2.22, 0.70, 1.75, 18975.859759285162
No.407: 1.12, 6.03, 2.70, 4.86, 2.62, 1.11, 2.31, 2.22, 0.70, 1.75, 2478.5651974445927
No.408: 1.12, 6.03, 2.70, 4.86, 2.62, 1.12, 2.31, 2.22, 0.70, 1.75, 82772.50364454462
No.409: 1.12, 6.03, 2.70, 4.87, 2.62, 1.11, 2.31, 2.22, 0.70, 1.75, 994.3649825296458
No.410: 1.12, 6.03, 2.70, 4.86, 2.62, 1.11, 2.31, 2.22, 0.70, 1.75, 2478.5651974445927
No.411: 1.12, 6.03, 2.70, 4.86, 2.62, 1.11, 2.31, 2.22, 0.70, 1.75, 2478.5651974445927
No.412: 1.12, 6.03, 2.70, 4.87, 2.62, 1.11, 2.31, 2.22, 0.70, 1.75, 994.3649825296458
No.413: 1.12, 6.04, 2.70, 4.87, 2.61, 1.11, 2.31, 2.22, 0.70, 1.75, 18975.859759285162
No.414: 1.12, 6.03, 2.70, 4.86, 2.62, 1.11, 2.31, 2.22, 0.70, 1.75, 2478.5651974445927
No.415: 1.12, 6.03, 2.70, 4.87, 2.62, 1.11, 2.31, 2.22, 0.70, 1.75, 994.3649825296458
No.416: 1.12, 6.03, 2.70, 4.87, 2.62, 1.11, 2.31, 2.22, 0.70, 1.75, 994.3649825296458
No.417: 1.12, 6.03, 2.70, 4.87, 2.62, 1.11, 2.31, 2.22, 0.70, 1.75, 994.3649825296458
No.418: 1.12, 6.03, 2.70, 4.87, 2.62, 1.11, 2.31, 2.22, 0.70, 1.75, 994.3649825296458
No.419: 1.12, 6.03, 2.70, 4.87, 2.62, 1.11, 2.31, 2.22, 0.70, 1.75, 994.3649825296458
No.420: 1.12, 6.03, 2.70, 4.87, 2.62, 1.11, 2.31, 2.22, 0.70, 1.75, 994.3649825296458
No.421: 1.12, 6.03, 2.70, 4.86, 2.62, 1.11, 2.31, 2.22, 0.70, 1.75, 2478.5651974445927
No.422: 1.12, 6.03, 2.70, 4.86, 2.62, 1.11, 2.31, 2.22, 0.70, 1.75, 2478.5651974445927
No.423: 1.12, 6.03, 2.70, 4.86, 2.62, 1.11, 2.31, 2.22, 0.70, 1.75, 2478.5651974445927
No.424: 1.12, 6.03, 2.70, 4.86, 2.62, 1.11, 2.31, 2.22, 0.70, 1.75, 2478.5651974445927
No.425: 1.12, 6.04, 2.70, 4.87, 2.61, 1.11, 2.31, 2.22, 0.70, 1.75, 18975.859759285162
No.426: 1.12, 6.03, 2.70, 4.86, 2.62, 1.11, 2.31, 2.22, 0.70, 1.75, 2478.5651974445927
No.427: 1.12, 6.03, 2.70, 4.87, 2.62, 1.11, 2.31, 2.22, 0.70, 1.75, 994.3649825296458
No.428: 1.12, 6.03, 2.70, 4.87, 2.62, 1.11, 2.31, 2.22, 0.70, 1.75, 994.3649825296458
No.429: 1.12, 6.03, 2.70, 4.87, 2.62, 1.11, 2.31, 2.22, 0.70, 1.75, 994.3649825296458
No.430: 1.12, 6.03, 2.70, 4.87, 2.62, 1.11, 2.31, 2.22, 0.70, 1.75, 994.3649825296458
No.431: 1.12, 6.03, 2.70, 4.87, 2.62, 1.11, 2.31, 2.22, 0.70, 1.75, 994.3649825296458
No.432: 1.12, 6.03, 2.70, 4.87, 2.62, 1.11, 2.31, 2.22, 0.70, 1.75, 994.3649825296458
No.433: 1.12, 6.03, 2.70, 4.86, 2.62, 1.11, 2.31, 2.22, 0.70, 1.75, 2478.5651974445927
No.434: 1.12, 6.03, 2.70, 4.86, 2.62, 1.11, 2.31, 2.22, 0.70, 1.75, 2478.5651974445927
No.435: 1.12, 6.03, 2.70, 4.86, 2.62, 1.11, 2.31, 2.22, 0.70, 1.75, 2478.5651974445927
No.436: 1.12, 6.03, 2.70, 4.86, 2.62, 1.11, 2.31, 2.22, 0.70, 1.75, 2478.5651974445927
No.437: 1.12, 6.04, 2.70, 4.87, 2.61, 1.11, 2.31, 2.22, 0.70, 1.75, 18975.859759285162
No.438: 1.12, 6.03, 2.70, 4.86, 2.62, 1.11, 2.31, 2.22, 0.70, 1.75, 2478.5651974445927
No.439: 1.12, 6.03, 2.70, 4.87, 2.62, 1.11, 2.31, 2.22, 0.70, 1.75, 994.3649825296458
No.440: 1.12, 6.03, 2.70, 4.87, 2.62, 1.11, 2.31, 2.22, 0.70, 1.75, 994.3649825296458
No.441: 1.12, 6.03, 2.70, 4.87, 2.62, 1.11, 2.31, 2.22, 0.70, 1.75, 994.3649825296458
No.442: 1.12, 6.03, 2.70, 4.87, 2.62, 1.11, 2.31, 2.22, 0.70, 1.75, 994.3649825296458
No.443: 1.12, 6.03, 2.70, 4.87, 2.62, 1.11, 2.31, 2.22, 0.70, 1.75, 994.3649825296458
No.444: 1.12, 6.03, 2.70, 4.87, 2.62, 1.11, 2.31, 2.22, 0.70, 1.75, 994.3649825296458
No.445: 1.12, 6.03, 2.70, 4.86, 2.62, 1.11, 2.31, 2.22, 0.70, 1.75, 2478.5651974445927
No.446: 1.12, 6.03, 2.70, 4.86, 2.62, 1.11, 2.31, 2.22, 0.70, 1.75, 2478.5651974445927
No.447: 1.12, 6.03, 2.70, 4.87, 2.62, 1.11, 2.31, 2.22, 0.70, 1.75, 994.3649825296458
No.448: 1.12, 6.03, 2.70, 4.86, 2.62, 1.11, 2.31, 2.22, 0.70, 1.75, 2478.5651974445927
No.449: 1.12, 6.04, 2.70, 4.87, 2.61, 1.11, 2.31, 2.22, 0.70, 1.75, 18975.859759285162
No.450: 1.12, 6.03, 2.70, 4.87, 2.62, 1.11, 2.31, 2.22, 0.70, 1.75, 994.3649825296458
No.451: 1.12, 6.03, 2.70, 4.87, 2.62, 1.11, 2.31, 2.22, 0.70, 1.75, 994.3649825296458
No.452: 1.12, 6.03, 2.70, 4.87, 2.61, 1.11, 2.31, 2.22, 0.70, 1.75, 16233.728401322696
No.453: 1.12, 6.03, 2.70, 4.87, 2.62, 1.11, 2.31, 2.22, 0.70, 1.75, 994.3649825296458
No.454: 1.12, 6.03, 2.70, 4.87, 2.62, 1.11, 2.31, 2.22, 0.70, 1.75, 994.3649825296458
No.455: 1.12, 6.03, 2.70, 4.87, 2.62, 1.11, 2.31, 2.22, 0.70, 1.75, 994.3649825296458
No.456: 1.12, 6.03, 2.70, 4.87, 2.62, 1.11, 2.31, 2.22, 0.70, 1.75, 994.3649825296458
No.457: 1.12, 6.03, 2.70, 4.87, 2.62, 1.11, 2.31, 2.22, 0.70, 1.75, 994.3649825296458
No.458: 1.12, 6.03, 2.70, 4.87, 2.62, 1.11, 2.31, 2.22, 0.70, 1.75, 994.3649825296458
No.459: 1.12, 6.03, 2.70, 4.87, 2.62, 1.11, 2.31, 2.22, 0.70, 1.75, 994.3649825296458
No.460: 1.12, 6.03, 2.70, 4.87, 2.62, 1.11, 2.31, 2.22, 0.70, 1.75, 994.3649825296458
No.461: 1.12, 6.03, 2.70, 4.87, 2.62, 1.11, 2.31, 2.22, 0.70, 1.75, 994.3649825296458
No.462: 1.12, 6.03, 2.70, 4.87, 2.62, 1.11, 2.31, 2.22, 0.70, 1.75, 994.3649825296458
No.463: 1.12, 6.03, 2.70, 4.87, 2.62, 1.11, 2.31, 2.22, 0.70, 1.75, 994.3649825296458
No.464: 1.12, 6.03, 2.70, 4.87, 2.62, 1.11, 2.31, 2.22, 0.70, 1.75, 994.3649825296458
No.465: 1.12, 6.03, 2.70, 4.87, 2.62, 1.11, 2.31, 2.22, 0.70, 1.75, 994.3649825296458
No.466: 1.12, 6.03, 2.70, 4.87, 2.62, 1.11, 2.31, 2.22, 0.70, 1.75, 994.3649825296458
No.467: 1.12, 6.03, 2.70, 4.87, 2.62, 1.11, 2.31, 2.22, 0.70, 1.75, 994.3649825296458
No.468: 1.12, 6.03, 2.70, 4.87, 2.62, 1.11, 2.31, 2.22, 0.70, 1.75, 994.3649825296458
No.469: 1.12, 6.03, 2.70, 4.87, 2.62, 1.11, 2.31, 2.22, 0.70, 1.75, 994.3649825296458
No.470: 1.12, 6.03, 2.70, 4.87, 2.62, 1.11, 2.31, 2.22, 0.70, 1.75, 994.3649825296458
No.471: 1.12, 6.03, 2.70, 4.87, 2.62, 1.11, 2.31, 2.22, 0.70, 1.75, 994.3649825296458
No.472: 1.12, 6.03, 2.70, 4.87, 2.62, 1.11, 2.31, 2.22, 0.70, 1.75, 994.3649825296458
No.473: 1.12, 6.03, 2.70, 4.87, 2.62, 1.11, 2.31, 2.22, 0.70, 1.75, 994.3649825296458
No.474: 1.12, 6.03, 2.70, 4.87, 2.62, 1.11, 2.31, 2.22, 0.70, 1.75, 994.3649825296458
No.475: 1.12, 6.03, 2.70, 4.87, 2.62, 1.11, 2.31, 2.22, 0.70, 1.75, 994.3649825296458
No.476: 1.12, 6.03, 2.70, 4.87, 2.62, 1.11, 2.31, 2.22, 0.70, 1.75, 994.3649825296458
No.477: 1.12, 6.03, 2.70, 4.87, 2.62, 1.11, 2.31, 2.22, 0.70, 1.75, 994.3649825296458
No.478: 1.12, 6.03, 2.70, 4.87, 2.62, 1.11, 2.31, 2.22, 0.70, 1.75, 994.3649825296458
No.479: 1.12, 6.03, 2.70, 4.87, 2.62, 1.11, 2.31, 2.22, 0.70, 1.75, 994.3649825296458
No.480: 1.12, 6.03, 2.70, 4.87, 2.62, 1.11, 2.31, 2.22, 0.70, 1.75, 994.3649825296458
No.481: 1.12, 6.03, 2.70, 4.87, 2.62, 1.11, 2.31, 2.22, 0.70, 1.75, 994.3649825296458
No.482: 1.12, 6.03, 2.70, 4.87, 2.62, 1.11, 2.31, 2.22, 0.70, 1.75, 994.3649825296458
No.483: 1.12, 6.03, 2.70, 4.87, 2.62, 1.11, 2.31, 2.22, 0.70, 1.75, 994.3649825296458
No.484: 1.12, 6.03, 2.70, 4.87, 2.62, 1.11, 2.31, 2.22, 0.70, 1.75, 994.3649825296458
No.485: 1.12, 6.03, 2.70, 4.87, 2.62, 1.11, 2.31, 2.22, 0.70, 1.75, 994.3649825296458
No.486: 1.12, 6.03, 2.70, 4.87, 2.62, 1.11, 2.31, 2.22, 0.70, 1.75, 994.3649825296458
No.487: 1.12, 6.03, 2.70, 4.87, 2.62, 1.11, 2.31, 2.22, 0.70, 1.75, 994.3649825296458
No.488: 1.12, 6.03, 2.70, 4.87, 2.62, 1.11, 2.31, 2.22, 0.70, 1.75, 994.3649825296458
No.489: 1.12, 6.03, 2.70, 4.87, 2.62, 1.11, 2.31, 2.22, 0.70, 1.75, 994.3649825296458
No.490: 1.12, 6.03, 2.70, 4.87, 2.62, 1.11, 2.31, 2.22, 0.70, 1.75, 994.3649825296458
No.491: 1.12, 6.03, 2.70, 4.87, 2.62, 1.11, 2.31, 2.22, 0.70, 1.75, 994.3649825296458
No.492: 1.12, 6.03, 2.70, 4.87, 2.62, 1.11, 2.31, 2.22, 0.70, 1.75, 994.3649825296458
No.493: 1.12, 6.03, 2.70, 4.87, 2.62, 1.11, 2.31, 2.22, 0.70, 1.75, 994.3649825296458
No.494: 1.12, 6.03, 2.70, 4.87, 2.62, 1.11, 2.31, 2.22, 0.70, 1.75, 994.3649825296458
No.495: 1.12, 6.03, 2.70, 4.87, 2.62, 1.11, 2.31, 2.22, 0.70, 1.75, 994.3649825296458
No.496: 1.12, 6.03, 2.70, 4.87, 2.62, 1.11, 2.31, 2.22, 0.70, 1.75, 994.3649825296458
No.497: 1.12, 6.03, 2.70, 4.87, 2.62, 1.11, 2.31, 2.22, 0.70, 1.75, 994.3649825296458
No.498: 1.12, 6.03, 2.70, 4.87, 2.62, 1.11, 2.31, 2.22, 0.70, 1.75, 994.3649825296458
No.499: 1.12, 6.03, 2.70, 4.87, 2.62, 1.11, 2.31, 2.22, 0.70, 1.75, 994.3649825296458
No.500: 1.12, 6.03, 2.70, 4.87, 2.62, 1.11, 2.31, 2.22, 0.70, 1.75, 994.3649825296458
No.501: 1.12, 6.03, 2.70, 4.87, 2.62, 1.11, 2.31, 2.22, 0.70, 1.75, 994.3649825296458
No.502: 1.12, 6.03, 2.70, 4.87, 2.62, 1.11, 2.31, 2.22, 0.70, 1.75, 994.3649825296458
No.503: 1.12, 6.03, 2.70, 4.87, 2.62, 1.11, 2.31, 2.22, 0.70, 1.75, 994.3649825296458
No.504: 1.12, 6.03, 2.70, 4.87, 2.62, 1.11, 2.31, 2.22, 0.70, 1.75, 994.3649825296458
No.505: 1.12, 6.03, 2.70, 4.87, 2.62, 1.11, 2.31, 2.22, 0.70, 1.75, 994.3649825296458
No.506: 1.12, 6.03, 2.70, 4.87, 2.62, 1.11, 2.31, 2.22, 0.70, 1.75, 994.3649825296458
No.507: 1.12, 6.03, 2.70, 4.87, 2.62, 1.11, 2.31, 2.22, 0.70, 1.75, 994.3649825296458
No.508: 1.12, 6.03, 2.70, 4.87, 2.62, 1.11, 2.31, 2.22, 0.70, 1.75, 994.3649825296458
No.509: 1.12, 6.03, 2.70, 4.87, 2.62, 1.11, 2.31, 2.22, 0.70, 1.75, 994.3649825296458
No.510: 1.12, 6.03, 2.70, 4.87, 2.62, 1.11, 2.31, 2.22, 0.70, 1.75, 994.3649825296458
No.511: 1.12, 6.03, 2.70, 4.87, 2.62, 1.11, 2.31, 2.22, 0.70, 1.75, 994.3649825296458
No.512: 1.12, 6.03, 2.70, 4.87, 2.62, 1.11, 2.31, 2.22, 0.70, 1.75, 994.3649825296458
No.513: 1.12, 6.03, 2.70, 4.87, 2.62, 1.11, 2.31, 2.22, 0.70, 1.75, 994.3649825296458
No.514: 1.12, 6.03, 2.70, 4.87, 2.62, 1.11, 2.31, 2.22, 0.70, 1.75, 994.3649825296458
No.515: 1.12, 6.03, 2.70, 4.87, 2.62, 1.11, 2.31, 2.22, 0.70, 1.75, 994.3649825296458
No.516: 1.12, 6.03, 2.70, 4.87, 2.62, 1.11, 2.31, 2.22, 0.70, 1.75, 994.3649825296458
No.517: 1.12, 6.03, 2.70, 4.87, 2.62, 1.11, 2.31, 2.22, 0.70, 1.75, 994.3649825296458
No.518: 1.12, 6.03, 2.70, 4.87, 2.62, 1.11, 2.31, 2.22, 0.70, 1.75, 994.3649825296458
No.519: 1.12, 6.03, 2.70, 4.87, 2.62, 1.11, 2.31, 2.22, 0.70, 1.75, 994.3649825296458
No.520: 1.12, 6.03, 2.70, 4.87, 2.62, 1.11, 2.31, 2.22, 0.70, 1.75, 994.3649825296458
No.521: 1.12, 6.03, 2.70, 4.87, 2.62, 1.11, 2.31, 2.22, 0.70, 1.75, 994.3649825296458
No.522: 1.12, 6.03, 2.70, 4.87, 2.62, 1.11, 2.31, 2.22, 0.70, 1.75, 994.3649825296458
No.523: 1.12, 6.03, 2.70, 4.87, 2.62, 1.11, 2.31, 2.22, 0.70, 1.75, 994.3649825296458
No.524: 1.12, 6.03, 2.70, 4.87, 2.62, 1.11, 2.31, 2.22, 0.70, 1.75, 994.3649825296458
No.525: 1.12, 6.03, 2.70, 4.87, 2.62, 1.11, 2.31, 2.22, 0.70, 1.75, 994.3649825296458
No.526: 1.12, 6.03, 2.70, 4.87, 2.62, 1.11, 2.31, 2.22, 0.70, 1.75, 994.3649825296458
No.527: 1.12, 6.03, 2.70, 4.87, 2.62, 1.11, 2.31, 2.22, 0.70, 1.75, 994.3649825296458
No.528: 1.12, 6.03, 2.70, 4.87, 2.62, 1.11, 2.31, 2.22, 0.70, 1.75, 994.3649825296458
No.529: 1.12, 6.03, 2.70, 4.87, 2.62, 1.11, 2.31, 2.22, 0.70, 1.75, 994.3649825296458
No.530: 1.12, 6.03, 2.70, 4.87, 2.62, 1.11, 2.31, 2.22, 0.70, 1.75, 994.3649825296458
No.531: 1.12, 6.03, 2.70, 4.87, 2.62, 1.11, 2.31, 2.22, 0.70, 1.75, 994.3649825296458
No.532: 1.12, 6.03, 2.70, 4.87, 2.62, 1.11, 2.31, 2.22, 0.70, 1.75, 994.3649825296458
No.533: 1.12, 6.03, 2.70, 4.87, 2.62, 1.11, 2.31, 2.22, 0.70, 1.75, 994.3649825296458
No.534: 1.12, 6.03, 2.70, 4.87, 2.62, 1.11, 2.31, 2.22, 0.70, 1.75, 994.3649825296458
No.535: 1.12, 6.03, 2.70, 4.87, 2.62, 1.11, 2.31, 2.22, 0.70, 1.75, 994.3649825296458
No.536: 1.12, 6.03, 2.70, 4.87, 2.62, 1.11, 2.31, 2.22, 0.70, 1.75, 994.3649825296458
No.537: 1.12, 6.03, 2.70, 4.87, 2.62, 1.11, 2.31, 2.22, 0.70, 1.75, 994.3649825296458
No.538: 1.12, 6.03, 2.70, 4.87, 2.62, 1.11, 2.31, 2.22, 0.70, 1.75, 994.3649825296458
No.539: 1.12, 6.03, 2.70, 4.87, 2.62, 1.11, 2.31, 2.22, 0.70, 1.75, 994.3649825296458
No.540: 1.12, 6.03, 2.70, 4.87, 2.62, 1.11, 2.31, 2.22, 0.70, 1.75, 994.3649825296458
No.541: 1.12, 6.03, 2.70, 4.87, 2.62, 1.11, 2.31, 2.22, 0.70, 1.75, 994.3649825296458
No.542: 1.12, 6.03, 2.70, 4.87, 2.62, 1.11, 2.31, 2.22, 0.70, 1.75, 994.3649825296458
No.543: 1.12, 6.03, 2.70, 4.87, 2.62, 1.11, 2.31, 2.22, 0.70, 1.75, 994.3649825296458
No.544: 1.12, 6.03, 2.70, 4.87, 2.62, 1.11, 2.31, 2.22, 0.70, 1.75, 994.3649825296458
No.545: 1.12, 6.03, 2.70, 4.87, 2.62, 1.11, 2.31, 2.22, 0.70, 1.75, 994.3649825296458
No.546: 1.12, 6.03, 2.70, 4.87, 2.62, 1.11, 2.31, 2.22, 0.70, 1.75, 994.3649825296458
No.547: 1.12, 6.03, 2.70, 4.87, 2.62, 1.11, 2.31, 2.22, 0.70, 1.75, 994.3649825296458
No.548: 1.12, 6.03, 2.70, 4.87, 2.62, 1.11, 2.31, 2.22, 0.70, 1.75, 994.3649825296458
No.549: 1.12, 6.03, 2.70, 4.87, 2.62, 1.11, 2.31, 2.22, 0.70, 1.75, 994.3649825296458
No.550: 1.12, 6.03, 2.70, 4.87, 2.62, 1.11, 2.31, 2.22, 0.70, 1.75, 994.3649825296458
No.551: 1.12, 6.03, 2.70, 4.87, 2.62, 1.11, 2.31, 2.22, 0.70, 1.75, 994.3649825296458
No.552: 1.12, 6.03, 2.70, 4.87, 2.62, 1.11, 2.31, 2.22, 0.70, 1.75, 994.3649825296458
No.553: 1.12, 6.03, 2.70, 4.87, 2.62, 1.11, 2.31, 2.22, 0.70, 1.75, 994.3649825296458
No.554: 1.12, 6.03, 2.70, 4.87, 2.62, 1.11, 2.31, 2.22, 0.70, 1.75, 994.3649825296458
No.555: 1.12, 6.03, 2.70, 4.87, 2.62, 1.11, 2.31, 2.22, 0.70, 1.75, 994.3649825296458
No.556: 1.12, 6.03, 2.70, 4.87, 2.62, 1.11, 2.31, 2.22, 0.70, 1.75, 994.3649825296458
No.557: 1.12, 6.03, 2.70, 4.87, 2.62, 1.11, 2.31, 2.22, 0.70, 1.75, 994.3649825296458
No.558: 1.12, 6.03, 2.70, 4.87, 2.62, 1.11, 2.31, 2.22, 0.70, 1.75, 994.3649825296458
No.559: 1.12, 6.03, 2.70, 4.87, 2.62, 1.11, 2.31, 2.22, 0.70, 1.75, 994.3649825296458
No.560: 1.12, 6.03, 2.70, 4.87, 2.62, 1.11, 2.31, 2.22, 0.70, 1.75, 994.3649825296458
No.561: 1.12, 6.03, 2.70, 4.87, 2.62, 1.11, 2.31, 2.22, 0.70, 1.75, 994.3649825296458
No.562: 1.12, 6.03, 2.70, 4.87, 2.62, 1.11, 2.31, 2.22, 0.70, 1.75, 994.3649825296458
No.563: 1.12, 6.03, 2.70, 4.87, 2.62, 1.11, 2.31, 2.22, 0.70, 1.75, 994.3649825296458
No.564: 1.12, 6.03, 2.70, 4.87, 2.62, 1.11, 2.31, 2.22, 0.70, 1.75, 994.3649825296458
No.565: 1.12, 6.03, 2.70, 4.87, 2.62, 1.11, 2.31, 2.22, 0.70, 1.75, 994.3649825296458
No.566: 1.12, 6.03, 2.70, 4.87, 2.62, 1.11, 2.31, 2.22, 0.70, 1.75, 994.3649825296458
No.567: 1.12, 6.03, 2.70, 4.87, 2.62, 1.11, 2.31, 2.22, 0.70, 1.75, 994.3649825296458
No.568: 1.12, 6.03, 2.70, 4.87, 2.62, 1.11, 2.31, 2.22, 0.70, 1.75, 994.3649825296458
No.569: 1.12, 6.03, 2.70, 4.87, 2.62, 1.11, 2.31, 2.22, 0.70, 1.75, 994.3649825296458
No.570: 1.12, 6.03, 2.70, 4.87, 2.62, 1.11, 2.31, 2.22, 0.70, 1.75, 994.3649825296458
No.571: 1.12, 6.03, 2.70, 4.87, 2.62, 1.11, 2.31, 2.22, 0.70, 1.75, 994.3649825296458
No.572: 1.12, 6.03, 2.70, 4.87, 2.62, 1.11, 2.31, 2.22, 0.70, 1.75, 994.3649825296458
No.573: 1.12, 6.03, 2.70, 4.87, 2.62, 1.11, 2.31, 2.22, 0.70, 1.75, 994.3649825296458
No.574: 1.12, 6.03, 2.70, 4.87, 2.62, 1.11, 2.31, 2.22, 0.70, 1.75, 994.3649825296458
No.575: 1.12, 6.03, 2.70, 4.87, 2.62, 1.11, 2.31, 2.22, 0.70, 1.75, 994.3649825296458
No.576: 1.12, 6.03, 2.70, 4.87, 2.62, 1.11, 2.31, 2.22, 0.70, 1.75, 994.3649825296458
No.577: 1.12, 6.03, 2.70, 4.87, 2.62, 1.11, 2.31, 2.22, 0.70, 1.75, 994.3649825296458
No.578: 1.12, 6.03, 2.70, 4.87, 2.62, 1.11, 2.31, 2.22, 0.70, 1.75, 994.3649825296458
No.579: 1.12, 6.03, 2.70, 4.87, 2.62, 1.11, 2.31, 2.22, 0.70, 1.75, 994.3649825296458
No.580: 1.12, 6.03, 2.70, 4.87, 2.62, 1.11, 2.31, 2.22, 0.70, 1.75, 994.3649825296458
No.581: 1.12, 6.03, 2.70, 4.87, 2.62, 1.11, 2.31, 2.22, 0.70, 1.75, 994.3649825296458
No.582: 1.12, 6.03, 2.70, 4.87, 2.62, 1.11, 2.31, 2.22, 0.70, 1.75, 994.3649825296458
No.583: 1.12, 6.03, 2.70, 4.87, 2.62, 1.11, 2.31, 2.22, 0.70, 1.75, 994.3649825296458
No.584: 1.12, 6.03, 2.70, 4.87, 2.62, 1.11, 2.31, 2.22, 0.70, 1.75, 994.3649825296458
No.585: 1.12, 6.03, 2.70, 4.87, 2.62, 1.11, 2.31, 2.22, 0.70, 1.75, 994.3649825296458
No.586: 1.12, 6.03, 2.70, 4.87, 2.62, 1.11, 2.31, 2.22, 0.70, 1.75, 994.3649825296458
No.587: 1.12, 6.03, 2.70, 4.87, 2.62, 1.11, 2.31, 2.22, 0.70, 1.75, 994.3649825296458
No.588: 1.12, 6.03, 2.70, 4.87, 2.62, 1.11, 2.31, 2.22, 0.70, 1.75, 994.3649825296458
No.589: 1.12, 6.03, 2.70, 4.87, 2.62, 1.11, 2.31, 2.22, 0.70, 1.75, 994.3649825296458
No.590: 1.12, 6.03, 2.70, 4.87, 2.62, 1.11, 2.31, 2.22, 0.70, 1.75, 994.3649825296458
No.591: 1.12, 6.03, 2.70, 4.87, 2.62, 1.11, 2.31, 2.22, 0.70, 1.75, 994.3649825296458
No.592: 1.12, 6.03, 2.70, 4.87, 2.62, 1.11, 2.31, 2.22, 0.70, 1.75, 994.3649825296458
No.593: 1.12, 6.03, 2.70, 4.87, 2.62, 1.11, 2.31, 2.22, 0.70, 1.75, 994.3649825296458
No.594: 1.12, 6.03, 2.70, 4.87, 2.62, 1.11, 2.31, 2.22, 0.70, 1.75, 994.3649825296458
No.595: 1.12, 6.03, 2.70, 4.87, 2.62, 1.11, 2.31, 2.22, 0.70, 1.75, 994.3649825296458
No.596: 1.12, 6.03, 2.70, 4.87, 2.62, 1.11, 2.31, 2.22, 0.70, 1.75, 994.3649825296458
No.597: 1.12, 6.03, 2.70, 4.87, 2.62, 1.11, 2.31, 2.22, 0.70, 1.75, 994.3649825296458
No.598: 1.12, 6.03, 2.70, 4.87, 2.62, 1.11, 2.31, 2.22, 0.70, 1.75, 994.3649825296458
No.599: 1.12, 6.03, 2.70, 4.87, 2.62, 1.11, 2.31, 2.22, 0.70, 1.75, 994.3649825296458
No.600: 1.12, 6.03, 2.70, 4.87, 2.62, 1.11, 2.31, 2.22, 0.70, 1.75, 994.3649825296458
No.601: 1.12, 6.03, 2.70, 4.87, 2.62, 1.11, 2.31, 2.22, 0.70, 1.75, 994.3649825296458
No.602: 1.12, 6.03, 2.70, 4.87, 2.62, 1.11, 2.31, 2.22, 0.70, 1.75, 994.3649825296458
No.603: 1.12, 6.03, 2.70, 4.87, 2.62, 1.11, 2.31, 2.22, 0.70, 1.75, 994.3649825296458
No.604: 1.12, 6.03, 2.70, 4.87, 2.62, 1.11, 2.31, 2.22, 0.70, 1.75, 994.3649825296458
No.605: 1.12, 6.03, 2.70, 4.87, 2.62, 1.11, 2.31, 2.22, 0.70, 1.75, 994.3649825296458
No.606: 1.12, 6.03, 2.70, 4.87, 2.62, 1.11, 2.31, 2.22, 0.70, 1.75, 994.3649825296458
No.607: 1.12, 6.03, 2.70, 4.87, 2.62, 1.11, 2.31, 2.22, 0.70, 1.75, 994.3649825296458
No.608: 1.12, 6.03, 2.70, 4.87, 2.62, 1.11, 2.31, 2.22, 0.70, 1.75, 994.3649825296458
No.609: 1.12, 6.03, 2.70, 4.87, 2.62, 1.11, 2.31, 2.22, 0.70, 1.75, 994.3649825296458
No.610: 1.12, 6.03, 2.70, 4.87, 2.62, 1.11, 2.31, 2.22, 0.70, 1.75, 994.3649825296458
No.611: 1.12, 6.03, 2.70, 4.87, 2.62, 1.11, 2.31, 2.22, 0.70, 1.75, 994.3649825296458
No.612: 1.12, 6.03, 2.70, 4.87, 2.62, 1.11, 2.31, 2.22, 0.70, 1.75, 994.3649825296458
No.613: 1.12, 6.03, 2.70, 4.87, 2.62, 1.11, 2.31, 2.22, 0.70, 1.75, 994.3649825296458
No.614: 1.12, 6.03, 2.70, 4.87, 2.62, 1.11, 2.31, 2.22, 0.70, 1.75, 994.3649825296458
No.615: 1.12, 6.03, 2.70, 4.87, 2.62, 1.11, 2.31, 2.22, 0.70, 1.75, 994.3649825296458
No.616: 1.12, 6.03, 2.70, 4.87, 2.62, 1.11, 2.31, 2.22, 0.70, 1.75, 994.3649825296458
No.617: 1.12, 6.03, 2.70, 4.87, 2.62, 1.11, 2.31, 2.22, 0.70, 1.75, 994.3649825296458
No.618: 1.12, 6.03, 2.70, 4.87, 2.62, 1.11, 2.31, 2.22, 0.70, 1.75, 994.3649825296458
No.619: 1.12, 6.03, 2.70, 4.87, 2.62, 1.11, 2.31, 2.22, 0.70, 1.75, 994.3649825296458
No.620: 1.12, 6.03, 2.70, 4.87, 2.62, 1.11, 2.31, 2.22, 0.70, 1.75, 994.3649825296458
No.621: 1.12, 6.03, 2.70, 4.87, 2.62, 1.11, 2.31, 2.22, 0.70, 1.75, 994.3649825296458
No.622: 1.12, 6.03, 2.70, 4.87, 2.62, 1.11, 2.31, 2.22, 0.70, 1.75, 994.3649825296458
No.623: 1.12, 6.03, 2.70, 4.87, 2.62, 1.11, 2.31, 2.22, 0.70, 1.75, 994.3649825296458
No.624: 1.12, 6.03, 2.70, 4.87, 2.62, 1.11, 2.31, 2.22, 0.70, 1.75, 994.3649825296458
No.625: 1.12, 6.03, 2.70, 4.87, 2.62, 1.11, 2.31, 2.22, 0.70, 1.75, 994.3649825296458
No.626: 1.12, 6.03, 2.70, 4.87, 2.62, 1.11, 2.31, 2.22, 0.70, 1.75, 994.3649825296458
No.627: 1.12, 6.03, 2.70, 4.87, 2.62, 1.11, 2.31, 2.22, 0.70, 1.75, 994.3649825296458
No.628: 1.12, 6.03, 2.70, 4.87, 2.62, 1.11, 2.31, 2.22, 0.70, 1.75, 994.3649825296458
No.629: 1.12, 6.03, 2.70, 4.87, 2.62, 1.11, 2.31, 2.22, 0.70, 1.75, 994.3649825296458
No.630: 1.12, 6.03, 2.70, 4.87, 2.62, 1.11, 2.31, 2.22, 0.70, 1.75, 994.3649825296458
No.631: 1.12, 6.03, 2.70, 4.87, 2.62, 1.11, 2.31, 2.22, 0.70, 1.75, 994.3649825296458
No.632: 1.12, 6.03, 2.70, 4.87, 2.62, 1.11, 2.31, 2.22, 0.70, 1.75, 994.3649825296458
No.633: 1.12, 6.03, 2.70, 4.87, 2.62, 1.11, 2.31, 2.22, 0.70, 1.75, 994.3649825296458
No.634: 1.12, 6.03, 2.70, 4.87, 2.62, 1.11, 2.31, 2.22, 0.70, 1.75, 994.3649825296458
No.635: 1.12, 6.03, 2.70, 4.87, 2.62, 1.11, 2.31, 2.22, 0.70, 1.75, 994.3649825296458
No.636: 1.12, 6.03, 2.70, 4.87, 2.62, 1.11, 2.31, 2.22, 0.70, 1.75, 994.3649825296458
No.637: 1.12, 6.03, 2.70, 4.87, 2.62, 1.11, 2.31, 2.22, 0.70, 1.75, 994.3649825296458
No.638: 1.12, 6.03, 2.70, 4.87, 2.62, 1.11, 2.31, 2.22, 0.70, 1.75, 994.3649825296458
No.639: 1.12, 6.03, 2.70, 4.87, 2.62, 1.11, 2.31, 2.22, 0.70, 1.75, 994.3649825296458
No.640: 1.12, 6.03, 2.70, 4.87, 2.62, 1.11, 2.31, 2.22, 0.70, 1.75, 994.3649825296458
No.641: 1.12, 6.03, 2.70, 4.87, 2.62, 1.11, 2.31, 2.22, 0.70, 1.75, 994.3649825296458
No.642: 1.12, 6.03, 2.70, 4.87, 2.62, 1.11, 2.31, 2.22, 0.70, 1.75, 994.3649825296458
No.643: 1.12, 6.03, 2.70, 4.87, 2.62, 1.11, 2.31, 2.22, 0.70, 1.75, 994.3649825296458
No.644: 1.12, 6.03, 2.70, 4.87, 2.62, 1.11, 2.31, 2.22, 0.70, 1.75, 994.3649825296458
No.645: 1.12, 6.03, 2.70, 4.87, 2.62, 1.11, 2.31, 2.22, 0.70, 1.75, 994.3649825296458
No.646: 1.12, 6.03, 2.70, 4.87, 2.62, 1.11, 2.31, 2.22, 0.70, 1.75, 994.3649825296458
No.647: 1.12, 6.03, 2.70, 4.87, 2.62, 1.11, 2.31, 2.22, 0.70, 1.75, 994.3649825296458
No.648: 1.12, 6.03, 2.70, 4.87, 2.62, 1.11, 2.31, 2.22, 0.70, 1.75, 994.3649825296458
No.649: 1.12, 6.03, 2.70, 4.87, 2.62, 1.11, 2.31, 2.22, 0.70, 1.75, 994.3649825296458
No.650: 1.12, 6.03, 2.70, 4.87, 2.62, 1.11, 2.31, 2.22, 0.70, 1.75, 994.3649825296458
No.651: 1.12, 6.03, 2.70, 4.87, 2.62, 1.11, 2.31, 2.22, 0.70, 1.75, 994.3649825296458
No.652: 1.12, 6.03, 2.70, 4.87, 2.62, 1.11, 2.31, 2.22, 0.70, 1.75, 994.3649825296458
No.653: 1.12, 6.03, 2.70, 4.87, 2.62, 1.11, 2.31, 2.22, 0.70, 1.75, 994.3649825296458
No.654: 1.12, 6.03, 2.70, 4.87, 2.62, 1.11, 2.31, 2.22, 0.70, 1.75, 994.3649825296458
No.655: 1.12, 6.03, 2.70, 4.87, 2.62, 1.11, 2.31, 2.22, 0.70, 1.75, 994.3649825296458
No.656: 1.12, 6.03, 2.70, 4.87, 2.62, 1.11, 2.31, 2.22, 0.70, 1.75, 994.3649825296458
No.657: 1.12, 6.03, 2.70, 4.87, 2.62, 1.11, 2.31, 2.22, 0.70, 1.75, 994.3649825296458
No.658: 1.12, 6.03, 2.70, 4.87, 2.62, 1.11, 2.31, 2.22, 0.70, 1.75, 994.3649825296458
No.659: 1.12, 6.03, 2.70, 4.87, 2.62, 1.11, 2.31, 2.22, 0.70, 1.75, 994.3649825296458
No.660: 1.12, 6.03, 2.70, 4.87, 2.62, 1.11, 2.31, 2.22, 0.70, 1.75, 994.3649825296458
No.661: 1.12, 6.03, 2.70, 4.87, 2.62, 1.11, 2.31, 2.22, 0.70, 1.75, 994.3649825296458
No.662: 1.12, 6.03, 2.70, 4.87, 2.62, 1.11, 2.31, 2.22, 0.70, 1.75, 994.3649825296458
No.663: 1.12, 6.03, 2.70, 4.87, 2.62, 1.11, 2.31, 2.22, 0.70, 1.75, 994.3649825296458
No.664: 1.12, 6.03, 2.70, 4.87, 2.62, 1.11, 2.31, 2.22, 0.70, 1.75, 994.3649825296458
No.665: 1.12, 6.03, 2.70, 4.87, 2.62, 1.11, 2.31, 2.22, 0.70, 1.75, 994.3649825296458
No.666: 1.12, 6.03, 2.70, 4.87, 2.62, 1.11, 2.31, 2.22, 0.70, 1.75, 994.3649825296458
No.667: 1.12, 6.03, 2.70, 4.87, 2.62, 1.11, 2.31, 2.22, 0.70, 1.75, 994.3649825296458
No.668: 1.12, 6.03, 2.70, 4.87, 2.62, 1.11, 2.31, 2.22, 0.70, 1.75, 994.3649825296458
No.669: 1.12, 6.03, 2.70, 4.87, 2.62, 1.11, 2.31, 2.22, 0.70, 1.75, 994.3649825296458
No.670: 1.12, 6.03, 2.70, 4.87, 2.62, 1.11, 2.31, 2.22, 0.70, 1.75, 994.3649825296458
No.671: 1.12, 6.03, 2.70, 4.87, 2.62, 1.11, 2.31, 2.22, 0.70, 1.75, 994.3649825296458
No.672: 1.12, 6.03, 2.70, 4.87, 2.62, 1.11, 2.31, 2.22, 0.70, 1.75, 994.3649825296458
No.673: 1.12, 6.03, 2.70, 4.87, 2.62, 1.11, 2.31, 2.22, 0.70, 1.75, 994.3649825296458
No.674: 1.12, 6.03, 2.70, 4.87, 2.62, 1.11, 2.31, 2.22, 0.70, 1.75, 994.3649825296458
No.675: 1.12, 6.03, 2.70, 4.87, 2.62, 1.11, 2.31, 2.22, 0.70, 1.75, 994.3649825296458
No.676: 1.12, 6.03, 2.70, 4.87, 2.62, 1.11, 2.31, 2.22, 0.70, 1.75, 994.3649825296458
No.677: 1.12, 6.03, 2.70, 4.87, 2.62, 1.11, 2.31, 2.22, 0.70, 1.75, 994.3649825296458
No.678: 1.12, 6.03, 2.70, 4.87, 2.62, 1.11, 2.31, 2.22, 0.70, 1.75, 994.3649825296458
No.679: 1.12, 6.03, 2.70, 4.87, 2.62, 1.11, 2.31, 2.22, 0.70, 1.75, 994.3649825296458
No.680: 1.12, 6.03, 2.70, 4.87, 2.62, 1.11, 2.31, 2.22, 0.70, 1.75, 994.3649825296458
No.681: 1.12, 6.03, 2.70, 4.87, 2.62, 1.11, 2.31, 2.22, 0.70, 1.75, 994.3649825296458
No.682: 1.12, 6.03, 2.70, 4.87, 2.62, 1.11, 2.31, 2.22, 0.70, 1.75, 994.3649825296458
No.683: 1.12, 6.03, 2.70, 4.87, 2.62, 1.11, 2.31, 2.22, 0.70, 1.75, 994.3649825296458
No.684: 1.12, 6.03, 2.70, 4.87, 2.62, 1.11, 2.31, 2.22, 0.70, 1.75, 994.3649825296458
No.685: 1.12, 6.03, 2.70, 4.87, 2.62, 1.11, 2.31, 2.22, 0.70, 1.75, 994.3649825296458
No.686: 1.12, 6.03, 2.70, 4.87, 2.62, 1.11, 2.31, 2.22, 0.70, 1.75, 994.3649825296458
No.687: 1.12, 6.03, 2.70, 4.87, 2.62, 1.11, 2.31, 2.22, 0.70, 1.75, 994.3649825296458
No.688: 1.12, 6.03, 2.70, 4.87, 2.62, 1.11, 2.31, 2.22, 0.70, 1.75, 994.3649825296458
No.689: 1.12, 6.03, 2.70, 4.87, 2.62, 1.11, 2.31, 2.22, 0.70, 1.75, 994.3649825296458
No.690: 1.12, 6.03, 2.70, 4.87, 2.62, 1.11, 2.31, 2.22, 0.70, 1.75, 994.3649825296458
No.691: 1.12, 6.03, 2.70, 4.87, 2.62, 1.11, 2.31, 2.22, 0.70, 1.75, 994.3649825296458
No.692: 1.12, 6.03, 2.70, 4.87, 2.62, 1.11, 2.31, 2.22, 0.70, 1.75, 994.3649825296458
No.693: 1.12, 6.03, 2.70, 4.87, 2.62, 1.11, 2.31, 2.22, 0.70, 1.75, 994.3649825296458
No.694: 1.12, 6.03, 2.70, 4.87, 2.62, 1.11, 2.31, 2.22, 0.70, 1.75, 994.3649825296458
No.695: 1.12, 6.03, 2.70, 4.87, 2.62, 1.11, 2.31, 2.22, 0.70, 1.75, 994.3649825296458
No.696: 1.12, 6.03, 2.70, 4.87, 2.62, 1.11, 2.31, 2.22, 0.70, 1.75, 994.3649825296458
No.697: 1.12, 6.03, 2.70, 4.87, 2.62, 1.11, 2.31, 2.22, 0.70, 1.75, 994.3649825296458
No.698: 1.12, 6.03, 2.70, 4.87, 2.62, 1.11, 2.31, 2.22, 0.70, 1.75, 994.3649825296458
No.699: 1.12, 6.03, 2.70, 4.87, 2.62, 1.11, 2.31, 2.22, 0.70, 1.75, 994.3649825296458
No.700: 1.12, 6.03, 2.70, 4.87, 2.62, 1.11, 2.31, 2.22, 0.70, 1.75, 994.3649825296458
No.701: 1.12, 6.03, 2.70, 4.87, 2.62, 1.11, 2.31, 2.22, 0.70, 1.75, 994.3649825296458
No.702: 1.12, 6.03, 2.70, 4.87, 2.62, 1.11, 2.31, 2.22, 0.70, 1.75, 994.3649825296458
No.703: 1.12, 6.03, 2.70, 4.87, 2.62, 1.11, 2.31, 2.22, 0.70, 1.75, 994.3649825296458
No.704: 1.12, 6.03, 2.70, 4.87, 2.62, 1.11, 2.31, 2.22, 0.70, 1.75, 994.3649825296458
No.705: 1.12, 6.03, 2.70, 4.87, 2.62, 1.11, 2.31, 2.22, 0.70, 1.75, 994.3649825296458
No.706: 1.12, 6.03, 2.70, 4.87, 2.62, 1.11, 2.31, 2.22, 0.70, 1.75, 994.3649825296458
No.707: 1.12, 6.03, 2.70, 4.87, 2.62, 1.11, 2.31, 2.22, 0.70, 1.75, 994.3649825296458
No.708: 1.12, 6.03, 2.70, 4.87, 2.62, 1.11, 2.31, 2.22, 0.70, 1.75, 994.3649825296458
No.709: 1.12, 6.03, 2.70, 4.87, 2.62, 1.11, 2.31, 2.22, 0.70, 1.75, 994.3649825296458
No.710: 1.12, 6.03, 2.70, 4.87, 2.62, 1.11, 2.31, 2.22, 0.70, 1.75, 994.3649825296458
No.711: 1.12, 6.03, 2.70, 4.87, 2.62, 1.11, 2.31, 2.22, 0.70, 1.75, 994.3649825296458
No.712: 1.12, 6.03, 2.70, 4.87, 2.62, 1.11, 2.31, 2.22, 0.70, 1.75, 994.3649825296458
No.713: 1.12, 6.03, 2.70, 4.87, 2.62, 1.11, 2.31, 2.22, 0.70, 1.75, 994.3649825296458
No.714: 1.12, 6.03, 2.70, 4.87, 2.62, 1.11, 2.31, 2.22, 0.70, 1.75, 994.3649825296458
No.715: 1.12, 6.03, 2.70, 4.87, 2.62, 1.11, 2.31, 2.22, 0.70, 1.75, 994.3649825296458
No.716: 1.12, 6.03, 2.70, 4.87, 2.62, 1.11, 2.31, 2.22, 0.70, 1.75, 994.3649825296458
No.717: 1.12, 6.03, 2.70, 4.87, 2.62, 1.11, 2.31, 2.22, 0.70, 1.75, 994.3649825296458
No.718: 1.12, 6.03, 2.70, 4.87, 2.62, 1.11, 2.31, 2.22, 0.70, 1.75, 994.3649825296458
No.719: 1.12, 6.03, 2.70, 4.87, 2.62, 1.11, 2.31, 2.22, 0.70, 1.75, 994.3649825296458
No.720: 1.12, 6.03, 2.70, 4.87, 2.62, 1.11, 2.31, 2.22, 0.70, 1.75, 994.3649825296458
No.721: 1.12, 6.03, 2.70, 4.87, 2.62, 1.11, 2.31, 2.22, 0.70, 1.75, 994.3649825296458
No.722: 1.12, 6.03, 2.70, 4.87, 2.62, 1.11, 2.31, 2.22, 0.70, 1.75, 994.3649825296458
No.723: 1.12, 6.03, 2.70, 4.87, 2.62, 1.11, 2.31, 2.22, 0.70, 1.75, 994.3649825296458
No.724: 1.12, 6.03, 2.70, 4.87, 2.62, 1.11, 2.31, 2.22, 0.70, 1.75, 994.3649825296458
No.725: 1.12, 6.03, 2.70, 4.87, 2.62, 1.11, 2.31, 2.22, 0.70, 1.75, 994.3649825296458
No.726: 1.12, 6.03, 2.70, 4.87, 2.62, 1.11, 2.31, 2.22, 0.70, 1.75, 994.3649825296458
No.727: 1.12, 6.03, 2.70, 4.87, 2.62, 1.11, 2.31, 2.22, 0.70, 1.75, 994.3649825296458
No.728: 1.12, 6.03, 2.70, 4.87, 2.62, 1.11, 2.31, 2.22, 0.70, 1.75, 994.3649825296458
No.729: 1.12, 6.03, 2.70, 4.87, 2.62, 1.11, 2.31, 2.22, 0.70, 1.75, 994.3649825296458
No.730: 1.12, 6.03, 2.70, 4.87, 2.62, 1.11, 2.31, 2.22, 0.70, 1.75, 994.3649825296458
No.731: 1.12, 6.03, 2.70, 4.87, 2.62, 1.11, 2.31, 2.22, 0.70, 1.75, 994.3649825296458
No.732: 1.12, 6.03, 2.70, 4.87, 2.62, 1.11, 2.31, 2.22, 0.70, 1.75, 994.3649825296458
No.733: 1.12, 6.03, 2.70, 4.87, 2.62, 1.11, 2.31, 2.22, 0.70, 1.75, 994.3649825296458
No.734: 1.12, 6.03, 2.70, 4.87, 2.62, 1.11, 2.31, 2.22, 0.70, 1.75, 994.3649825296458
No.735: 1.12, 6.03, 2.70, 4.87, 2.62, 1.11, 2.31, 2.22, 0.70, 1.75, 994.3649825296458
No.736: 1.12, 6.03, 2.70, 4.87, 2.62, 1.11, 2.31, 2.22, 0.70, 1.75, 994.3649825296458
No.737: 1.12, 6.03, 2.70, 4.87, 2.62, 1.11, 2.31, 2.22, 0.70, 1.75, 994.3649825296458
No.738: 1.12, 6.03, 2.70, 4.87, 2.62, 1.11, 2.31, 2.22, 0.70, 1.75, 994.3649825296458
No.739: 1.12, 6.03, 2.70, 4.87, 2.62, 1.11, 2.31, 2.22, 0.70, 1.75, 994.3649825296458
No.740: 1.12, 6.03, 2.70, 4.87, 2.62, 1.11, 2.31, 2.22, 0.70, 1.75, 994.3649825296458
No.741: 1.12, 6.03, 2.70, 4.87, 2.62, 1.11, 2.31, 2.22, 0.70, 1.75, 994.3649825296458
No.742: 1.12, 6.03, 2.70, 4.87, 2.62, 1.11, 2.31, 2.22, 0.70, 1.75, 994.3649825296458
No.743: 1.12, 6.03, 2.70, 4.87, 2.62, 1.11, 2.31, 2.22, 0.70, 1.75, 994.3649825296458
No.744: 1.12, 6.03, 2.70, 4.87, 2.62, 1.11, 2.31, 2.22, 0.70, 1.75, 994.3649825296458
No.745: 1.12, 6.03, 2.70, 4.87, 2.62, 1.11, 2.31, 2.22, 0.70, 1.75, 994.3649825296458
No.746: 1.12, 6.03, 2.70, 4.87, 2.62, 1.11, 2.31, 2.22, 0.70, 1.75, 994.3649825296458
No.747: 1.12, 6.03, 2.70, 4.87, 2.62, 1.11, 2.31, 2.22, 0.70, 1.75, 994.3649825296458
No.748: 1.12, 6.03, 2.70, 4.87, 2.62, 1.11, 2.31, 2.22, 0.70, 1.75, 994.3649825296458
No.749: 1.12, 6.03, 2.70, 4.87, 2.62, 1.11, 2.31, 2.22, 0.70, 1.75, 994.3649825296458
No.750: 1.12, 6.03, 2.70, 4.87, 2.62, 1.11, 2.31, 2.22, 0.70, 1.75, 994.3649825296458
No.751: 1.12, 6.03, 2.70, 4.87, 2.62, 1.11, 2.31, 2.22, 0.70, 1.75, 994.3649825296458
No.752: 1.12, 6.03, 2.70, 4.87, 2.62, 1.11, 2.31, 2.22, 0.70, 1.75, 994.3649825296458
No.753: 1.12, 6.03, 2.70, 4.87, 2.62, 1.11, 2.31, 2.22, 0.70, 1.75, 994.3649825296458
No.754: 1.12, 6.03, 2.70, 4.87, 2.62, 1.11, 2.31, 2.22, 0.70, 1.75, 994.3649825296458
No.755: 1.12, 6.03, 2.70, 4.87, 2.62, 1.11, 2.31, 2.22, 0.70, 1.75, 994.3649825296458
No.756: 1.12, 6.03, 2.70, 4.87, 2.62, 1.11, 2.31, 2.22, 0.70, 1.75, 994.3649825296458
No.757: 1.12, 6.03, 2.70, 4.87, 2.62, 1.11, 2.31, 2.22, 0.70, 1.75, 994.3649825296458
No.758: 1.12, 6.03, 2.70, 4.87, 2.62, 1.11, 2.31, 2.22, 0.70, 1.75, 994.3649825296458
No.759: 1.12, 6.03, 2.70, 4.87, 2.62, 1.11, 2.31, 2.22, 0.70, 1.75, 994.3649825296458
No.760: 1.12, 6.03, 2.70, 4.87, 2.62, 1.11, 2.31, 2.22, 0.70, 1.75, 994.3649825296458
No.761: 1.12, 6.03, 2.70, 4.87, 2.62, 1.11, 2.31, 2.22, 0.70, 1.75, 994.3649825296458
No.762: 1.12, 6.03, 2.70, 4.87, 2.62, 1.11, 2.31, 2.22, 0.70, 1.75, 994.3649825296458
No.763: 1.12, 6.03, 2.70, 4.87, 2.62, 1.11, 2.31, 2.22, 0.70, 1.75, 994.3649825296458
No.764: 1.12, 6.03, 2.70, 4.87, 2.62, 1.11, 2.31, 2.22, 0.70, 1.75, 994.3649825296458
No.765: 1.12, 6.03, 2.70, 4.87, 2.62, 1.11, 2.31, 2.22, 0.70, 1.75, 994.3649825296458
No.766: 1.12, 6.03, 2.70, 4.87, 2.62, 1.11, 2.31, 2.22, 0.70, 1.75, 994.3649825296458
No.767: 1.12, 6.03, 2.70, 4.87, 2.62, 1.11, 2.31, 2.22, 0.70, 1.75, 994.3649825296458
No.768: 1.12, 6.03, 2.70, 4.87, 2.62, 1.11, 2.31, 2.22, 0.70, 1.75, 994.3649825296458
No.769: 1.12, 6.03, 2.70, 4.87, 2.62, 1.11, 2.31, 2.22, 0.70, 1.75, 994.3649825296458
No.770: 1.12, 6.03, 2.70, 4.87, 2.62, 1.11, 2.31, 2.22, 0.70, 1.75, 994.3649825296458
No.771: 1.12, 6.03, 2.70, 4.87, 2.62, 1.11, 2.31, 2.22, 0.70, 1.75, 994.3649825296458
No.772: 1.12, 6.03, 2.70, 4.87, 2.62, 1.11, 2.31, 2.22, 0.70, 1.75, 994.3649825296458
No.773: 1.12, 6.03, 2.70, 4.87, 2.62, 1.11, 2.31, 2.22, 0.70, 1.75, 994.3649825296458
No.774: 1.12, 6.03, 2.70, 4.87, 2.62, 1.11, 2.31, 2.22, 0.70, 1.75, 994.3649825296458
No.775: 1.12, 6.03, 2.70, 4.87, 2.62, 1.11, 2.31, 2.22, 0.70, 1.75, 994.3649825296458
No.776: 1.12, 6.03, 2.70, 4.87, 2.62, 1.11, 2.31, 2.22, 0.70, 1.75, 994.3649825296458
No.777: 1.12, 6.03, 2.70, 4.87, 2.62, 1.11, 2.31, 2.22, 0.70, 1.75, 994.3649825296458
No.778: 1.12, 6.03, 2.70, 4.87, 2.62, 1.11, 2.31, 2.22, 0.70, 1.75, 994.3649825296458
No.779: 1.12, 6.03, 2.70, 4.87, 2.62, 1.11, 2.31, 2.22, 0.70, 1.75, 994.3649825296458
No.780: 1.12, 6.03, 2.70, 4.87, 2.62, 1.11, 2.31, 2.22, 0.70, 1.75, 994.3649825296458
No.781: 1.12, 6.03, 2.70, 4.87, 2.62, 1.11, 2.31, 2.22, 0.70, 1.75, 994.3649825296458
No.782: 1.12, 6.03, 2.70, 4.87, 2.62, 1.11, 2.31, 2.22, 0.70, 1.75, 994.3649825296458
No.783: 1.12, 6.03, 2.70, 4.87, 2.62, 1.11, 2.31, 2.22, 0.70, 1.75, 994.3649825296458
No.784: 1.12, 6.03, 2.70, 4.87, 2.62, 1.11, 2.31, 2.22, 0.70, 1.75, 994.3649825296458
No.785: 1.12, 6.03, 2.70, 4.87, 2.62, 1.11, 2.31, 2.22, 0.70, 1.75, 994.3649825296458
No.786: 1.12, 6.03, 2.70, 4.87, 2.62, 1.11, 2.31, 2.22, 0.70, 1.75, 994.3649825296458
No.787: 1.12, 6.03, 2.70, 4.87, 2.62, 1.11, 2.31, 2.22, 0.70, 1.75, 994.3649825296458
No.788: 1.12, 6.03, 2.70, 4.87, 2.62, 1.11, 2.31, 2.22, 0.70, 1.75, 994.3649825296458
No.789: 1.12, 6.03, 2.70, 4.87, 2.62, 1.11, 2.31, 2.22, 0.70, 1.75, 994.3649825296458
No.790: 1.12, 6.03, 2.70, 4.87, 2.62, 1.11, 2.31, 2.22, 0.70, 1.75, 994.3649825296458
No.791: 1.12, 6.03, 2.70, 4.87, 2.62, 1.11, 2.31, 2.22, 0.70, 1.75, 994.3649825296458
No.792: 1.12, 6.03, 2.70, 4.87, 2.62, 1.11, 2.31, 2.22, 0.70, 1.75, 994.3649825296458
No.793: 1.12, 6.03, 2.70, 4.87, 2.62, 1.11, 2.31, 2.22, 0.70, 1.75, 994.3649825296458
No.794: 1.12, 6.03, 2.70, 4.87, 2.62, 1.11, 2.31, 2.22, 0.70, 1.75, 994.3649825296458
No.795: 1.12, 6.03, 2.70, 4.87, 2.62, 1.11, 2.31, 2.22, 0.70, 1.75, 994.3649825296458
No.796: 1.12, 6.03, 2.70, 4.87, 2.62, 1.11, 2.31, 2.22, 0.70, 1.75, 994.3649825296458
No.797: 1.12, 6.03, 2.70, 4.87, 2.62, 1.11, 2.31, 2.22, 0.70, 1.75, 994.3649825296458
No.798: 1.12, 6.03, 2.70, 4.87, 2.62, 1.11, 2.31, 2.22, 0.70, 1.75, 994.3649825296458
No.799: 1.12, 6.03, 2.70, 4.87, 2.62, 1.11, 2.31, 2.22, 0.70, 1.75, 994.3649825296458
No.800: 1.12, 6.03, 2.70, 4.87, 2.62, 1.11, 2.31, 2.22, 0.70, 1.75, 994.3649825296458
No.801: 1.12, 6.03, 2.70, 4.87, 2.62, 1.11, 2.31, 2.22, 0.70, 1.75, 994.3649825296458
No.802: 1.12, 6.03, 2.70, 4.87, 2.62, 1.11, 2.31, 2.22, 0.70, 1.75, 994.3649825296458
No.803: 1.12, 6.03, 2.70, 4.87, 2.62, 1.11, 2.31, 2.22, 0.70, 1.75, 994.3649825296458
No.804: 1.12, 6.03, 2.70, 4.87, 2.62, 1.11, 2.31, 2.22, 0.70, 1.75, 994.3649825296458
No.805: 1.12, 6.03, 2.70, 4.87, 2.62, 1.11, 2.31, 2.22, 0.70, 1.75, 994.3649825296458
No.806: 1.12, 6.03, 2.70, 4.87, 2.62, 1.11, 2.31, 2.22, 0.70, 1.75, 994.3649825296458
No.807: 1.12, 6.03, 2.70, 4.87, 2.62, 1.11, 2.31, 2.22, 0.70, 1.75, 994.3649825296458
No.808: 1.12, 6.03, 2.70, 4.87, 2.62, 1.11, 2.31, 2.22, 0.70, 1.75, 994.3649825296458
No.809: 1.12, 6.03, 2.70, 4.87, 2.62, 1.11, 2.31, 2.22, 0.70, 1.75, 994.3649825296458
No.810: 1.12, 6.03, 2.70, 4.87, 2.62, 1.11, 2.31, 2.22, 0.70, 1.75, 994.3649825296458
No.811: 1.12, 6.03, 2.70, 4.87, 2.62, 1.11, 2.31, 2.22, 0.70, 1.75, 994.3649825296458
No.812: 1.12, 6.03, 2.70, 4.87, 2.62, 1.11, 2.31, 2.22, 0.70, 1.75, 994.3649825296458
No.813: 1.12, 6.03, 2.70, 4.87, 2.62, 1.11, 2.31, 2.22, 0.70, 1.75, 994.3649825296458
No.814: 1.12, 6.03, 2.70, 4.87, 2.62, 1.11, 2.31, 2.22, 0.70, 1.75, 994.3649825296458
No.815: 1.12, 6.03, 2.70, 4.87, 2.62, 1.11, 2.31, 2.22, 0.70, 1.75, 994.3649825296458
No.816: 1.12, 6.03, 2.70, 4.87, 2.62, 1.11, 2.31, 2.22, 0.70, 1.75, 994.3649825296458
No.817: 1.12, 6.03, 2.70, 4.87, 2.62, 1.11, 2.31, 2.22, 0.70, 1.75, 994.3649825296458
No.818: 1.12, 6.03, 2.70, 4.87, 2.62, 1.11, 2.31, 2.22, 0.70, 1.75, 994.3649825296458
No.819: 1.12, 6.03, 2.70, 4.87, 2.62, 1.11, 2.31, 2.22, 0.70, 1.75, 994.3649825296458
No.820: 1.12, 6.03, 2.70, 4.87, 2.62, 1.11, 2.31, 2.22, 0.70, 1.75, 994.3649825296458
No.821: 1.12, 6.03, 2.70, 4.87, 2.62, 1.11, 2.31, 2.22, 0.70, 1.75, 994.3649825296458
No.822: 1.12, 6.03, 2.70, 4.87, 2.62, 1.11, 2.31, 2.22, 0.70, 1.75, 994.3649825296458
No.823: 1.12, 6.03, 2.70, 4.87, 2.62, 1.11, 2.31, 2.22, 0.70, 1.75, 994.3649825296458
No.824: 1.12, 6.03, 2.70, 4.87, 2.62, 1.11, 2.31, 2.22, 0.70, 1.75, 994.3649825296458
No.825: 1.12, 6.03, 2.70, 4.87, 2.62, 1.11, 2.31, 2.22, 0.70, 1.75, 994.3649825296458
No.826: 1.12, 6.03, 2.70, 4.87, 2.62, 1.11, 2.31, 2.22, 0.70, 1.75, 994.3649825296458
No.827: 1.12, 6.03, 2.70, 4.87, 2.62, 1.11, 2.31, 2.22, 0.70, 1.75, 994.3649825296458
No.828: 1.12, 6.03, 2.70, 4.87, 2.62, 1.11, 2.31, 2.22, 0.70, 1.75, 994.3649825296458
No.829: 1.12, 6.03, 2.70, 4.87, 2.62, 1.11, 2.31, 2.22, 0.70, 1.75, 994.3649825296458
No.830: 1.12, 6.03, 2.70, 4.87, 2.62, 1.11, 2.31, 2.22, 0.70, 1.75, 994.3649825296458
No.831: 1.12, 6.03, 2.70, 4.87, 2.62, 1.11, 2.31, 2.22, 0.70, 1.75, 994.3649825296458
No.832: 1.12, 6.03, 2.70, 4.87, 2.62, 1.11, 2.31, 2.22, 0.70, 1.75, 994.3649825296458
No.833: 1.12, 6.03, 2.70, 4.87, 2.62, 1.11, 2.31, 2.22, 0.70, 1.75, 994.3649825296458
No.834: 1.12, 6.03, 2.70, 4.87, 2.62, 1.11, 2.31, 2.22, 0.70, 1.75, 994.3649825296458
No.835: 1.12, 6.03, 2.70, 4.87, 2.62, 1.11, 2.31, 2.22, 0.70, 1.75, 994.3649825296458
No.836: 1.12, 6.03, 2.70, 4.87, 2.62, 1.11, 2.31, 2.22, 0.70, 1.75, 994.3649825296458
No.837: 1.12, 6.03, 2.70, 4.87, 2.62, 1.11, 2.31, 2.22, 0.70, 1.75, 994.3649825296458
No.838: 1.12, 6.03, 2.70, 4.87, 2.62, 1.11, 2.31, 2.22, 0.70, 1.75, 994.3649825296458
No.839: 1.12, 6.03, 2.70, 4.87, 2.62, 1.11, 2.31, 2.22, 0.70, 1.75, 994.3649825296458
No.840: 1.12, 6.03, 2.70, 4.87, 2.62, 1.11, 2.31, 2.22, 0.70, 1.75, 994.3649825296458
No.841: 1.12, 6.03, 2.70, 4.87, 2.62, 1.11, 2.31, 2.22, 0.70, 1.75, 994.3649825296458
No.842: 1.12, 6.03, 2.70, 4.87, 2.62, 1.11, 2.31, 2.22, 0.70, 1.75, 994.3649825296458
No.843: 1.12, 6.03, 2.70, 4.87, 2.62, 1.11, 2.31, 2.22, 0.70, 1.75, 994.3649825296458
No.844: 1.12, 6.03, 2.70, 4.87, 2.62, 1.11, 2.31, 2.22, 0.70, 1.75, 994.3649825296458
No.845: 1.12, 6.03, 2.70, 4.87, 2.62, 1.11, 2.31, 2.22, 0.70, 1.75, 994.3649825296458
No.846: 1.12, 6.03, 2.70, 4.87, 2.62, 1.11, 2.31, 2.22, 0.70, 1.75, 994.3649825296458
No.847: 1.12, 6.03, 2.70, 4.87, 2.62, 1.11, 2.31, 2.22, 0.70, 1.75, 994.3649825296458
No.848: 1.12, 6.03, 2.70, 4.87, 2.62, 1.11, 2.31, 2.22, 0.70, 1.75, 994.3649825296458
No.849: 1.12, 6.03, 2.70, 4.87, 2.62, 1.11, 2.31, 2.22, 0.70, 1.75, 994.3649825296458
No.850: 1.12, 6.03, 2.70, 4.87, 2.62, 1.11, 2.31, 2.22, 0.70, 1.75, 994.3649825296458
No.851: 1.12, 6.03, 2.70, 4.87, 2.62, 1.11, 2.31, 2.22, 0.70, 1.75, 994.3649825296458
No.852: 1.12, 6.03, 2.70, 4.87, 2.62, 1.11, 2.31, 2.22, 0.70, 1.75, 994.3649825296458
No.853: 1.12, 6.03, 2.70, 4.87, 2.62, 1.11, 2.31, 2.22, 0.70, 1.75, 994.3649825296458
No.854: 1.12, 6.03, 2.70, 4.87, 2.62, 1.11, 2.31, 2.22, 0.70, 1.75, 994.3649825296458
No.855: 1.12, 6.03, 2.70, 4.87, 2.62, 1.11, 2.31, 2.22, 0.70, 1.75, 994.3649825296458
No.856: 1.12, 6.03, 2.70, 4.87, 2.62, 1.11, 2.31, 2.22, 0.70, 1.75, 994.3649825296458
No.857: 1.12, 6.03, 2.70, 4.87, 2.62, 1.11, 2.31, 2.22, 0.70, 1.75, 994.3649825296458
No.858: 1.12, 6.03, 2.70, 4.87, 2.62, 1.11, 2.31, 2.22, 0.70, 1.75, 994.3649825296458
No.859: 1.12, 6.03, 2.70, 4.87, 2.62, 1.11, 2.31, 2.22, 0.70, 1.75, 994.3649825296458
No.860: 1.12, 6.03, 2.70, 4.87, 2.62, 1.11, 2.31, 2.22, 0.70, 1.75, 994.3649825296458
No.861: 1.12, 6.03, 2.70, 4.87, 2.62, 1.11, 2.31, 2.22, 0.70, 1.75, 994.3649825296458
No.862: 1.12, 6.03, 2.70, 4.87, 2.62, 1.11, 2.31, 2.22, 0.70, 1.75, 994.3649825296458
No.863: 1.12, 6.03, 2.70, 4.87, 2.62, 1.11, 2.31, 2.22, 0.70, 1.75, 994.3649825296458
No.864: 1.12, 6.03, 2.70, 4.87, 2.62, 1.11, 2.31, 2.22, 0.70, 1.75, 994.3649825296458
No.865: 1.12, 6.03, 2.70, 4.87, 2.62, 1.11, 2.31, 2.22, 0.70, 1.75, 994.3649825296458
No.866: 1.12, 6.03, 2.70, 4.87, 2.62, 1.11, 2.31, 2.22, 0.70, 1.75, 994.3649825296458
No.867: 1.12, 6.03, 2.70, 4.87, 2.62, 1.11, 2.31, 2.22, 0.70, 1.75, 994.3649825296458
No.868: 1.12, 6.03, 2.70, 4.87, 2.62, 1.11, 2.31, 2.22, 0.70, 1.75, 994.3649825296458
No.869: 1.12, 6.03, 2.70, 4.87, 2.62, 1.11, 2.31, 2.22, 0.70, 1.75, 994.3649825296458
No.870: 1.12, 6.03, 2.70, 4.87, 2.62, 1.11, 2.31, 2.22, 0.70, 1.75, 994.3649825296458
No.871: 1.12, 6.03, 2.70, 4.87, 2.62, 1.11, 2.31, 2.22, 0.70, 1.75, 994.3649825296458
No.872: 1.12, 6.03, 2.70, 4.87, 2.62, 1.11, 2.31, 2.22, 0.70, 1.75, 994.3649825296458
No.873: 1.12, 6.03, 2.70, 4.87, 2.62, 1.11, 2.31, 2.22, 0.70, 1.75, 994.3649825296458
No.874: 1.12, 6.03, 2.70, 4.87, 2.62, 1.11, 2.31, 2.22, 0.70, 1.75, 994.3649825296458
No.875: 1.12, 6.03, 2.70, 4.87, 2.62, 1.11, 2.31, 2.22, 0.70, 1.75, 994.3649825296458
No.876: 1.12, 6.03, 2.70, 4.87, 2.62, 1.11, 2.31, 2.22, 0.70, 1.75, 994.3649825296458
No.877: 1.12, 6.03, 2.70, 4.87, 2.62, 1.11, 2.31, 2.22, 0.70, 1.75, 994.3649825296458
No.878: 1.12, 6.03, 2.70, 4.87, 2.62, 1.11, 2.31, 2.22, 0.70, 1.75, 994.3649825296458
No.879: 1.12, 6.03, 2.70, 4.87, 2.62, 1.11, 2.31, 2.22, 0.70, 1.75, 994.3649825296458
No.880: 1.12, 6.03, 2.70, 4.87, 2.62, 1.11, 2.31, 2.22, 0.70, 1.75, 994.3649825296458
No.881: 1.12, 6.03, 2.70, 4.87, 2.62, 1.11, 2.31, 2.22, 0.70, 1.75, 994.3649825296458
No.882: 1.12, 6.03, 2.70, 4.87, 2.62, 1.11, 2.31, 2.22, 0.70, 1.75, 994.3649825296458
No.883: 1.12, 6.03, 2.70, 4.87, 2.62, 1.11, 2.31, 2.22, 0.70, 1.75, 994.3649825296458
No.884: 1.12, 6.03, 2.70, 4.87, 2.62, 1.11, 2.31, 2.22, 0.70, 1.75, 994.3649825296458
No.885: 1.12, 6.03, 2.70, 4.87, 2.62, 1.11, 2.31, 2.22, 0.70, 1.75, 994.3649825296458
No.886: 1.12, 6.03, 2.70, 4.87, 2.62, 1.11, 2.31, 2.22, 0.70, 1.75, 994.3649825296458
No.887: 1.12, 6.03, 2.70, 4.87, 2.62, 1.11, 2.31, 2.22, 0.70, 1.75, 994.3649825296458
No.888: 1.12, 6.03, 2.70, 4.87, 2.62, 1.11, 2.31, 2.22, 0.70, 1.75, 994.3649825296458
No.889: 1.12, 6.03, 2.70, 4.87, 2.62, 1.11, 2.31, 2.22, 0.70, 1.75, 994.3649825296458
No.890: 1.12, 6.03, 2.70, 4.87, 2.62, 1.11, 2.31, 2.22, 0.70, 1.75, 994.3649825296458
No.891: 1.12, 6.03, 2.70, 4.87, 2.62, 1.11, 2.31, 2.22, 0.70, 1.75, 994.3649825296458
No.892: 1.12, 6.03, 2.70, 4.87, 2.62, 1.11, 2.31, 2.22, 0.70, 1.75, 994.3649825296458
No.893: 1.12, 6.03, 2.70, 4.87, 2.62, 1.11, 2.31, 2.22, 0.70, 1.75, 994.3649825296458
No.894: 1.12, 6.03, 2.70, 4.87, 2.62, 1.11, 2.31, 2.22, 0.70, 1.75, 994.3649825296458
No.895: 1.12, 6.03, 2.70, 4.87, 2.62, 1.11, 2.31, 2.22, 0.70, 1.75, 994.3649825296458
No.896: 1.12, 6.03, 2.70, 4.87, 2.62, 1.11, 2.31, 2.22, 0.70, 1.75, 994.3649825296458
No.897: 1.12, 6.03, 2.70, 4.87, 2.62, 1.11, 2.31, 2.22, 0.70, 1.75, 994.3649825296458
