No.239: 0.99, 1.01, 0.01, 0.26, 6.07, 7.40, 6.48, -5.00, 0.36, 2.80, 0.7175454906475573
No.302: 0.99, 1.01, 0.01, 0.26, 6.07, 7.40, 6.48, -5.00, 0.36, 2.80, 0.7175454906475573
No.309: 0.99, 1.01, 0.01, 0.26, 6.07, 7.40, 6.48, -5.00, 0.36, 2.80, 0.7175454906475573
No.326: 0.99, 1.01, 0.01, 0.26, 6.07, 7.40, 6.48, -5.00, 0.36, 2.80, 0.7175454906475573
No.339: 0.99, 1.01, 0.01, 0.26, 6.07, 7.40, 6.48, -5.00, 0.36, 2.80, 0.7175454906475573
No.355: 0.99, 1.01, 0.01, 0.26, 6.07, 7.40, 6.48, -5.00, 0.36, 2.80, 0.7175454906475573
No.366: 0.99, 1.01, 0.01, 0.26, 6.07, 7.40, 6.48, -5.00, 0.36, 2.80, 0.7175454906475573
No.368: 0.99, 1.01, 0.01, 0.26, 6.07, 7.40, 6.48, -5.00, 0.36, 2.80, 0.7175454906475573
No.369: 0.99, 1.01, 0.01, 0.26, 6.07, 7.40, 6.48, -5.00, 0.36, 2.80, 0.7175454906475573
No.372: 0.99, 1.01, 0.01, 0.26, 6.07, 7.40, 6.48, -5.00, 0.36, 2.80, 0.7175454906475573
No.373: 0.99, 1.01, 0.01, 0.26, 6.07, 7.40, 6.48, -5.00, 0.36, 2.80, 0.7175454906475573
No.374: 0.99, 1.01, 0.01, 0.26, 6.07, 7.40, 6.48, -5.00, 0.36, 2.80, 0.7175454906475573
No.375: 0.99, 1.01, 0.01, 0.26, 6.07, 7.40, 6.48, -5.00, 0.36, 2.80, 0.7175454906475573
No.384: 0.99, 1.01, 0.01, 0.26, 6.07, 7.40, 6.48, -5.00, 0.36, 2.80, 0.7175454906475573
No.385: 0.99, 1.01, 0.01, 0.26, 6.07, 7.40, 6.48, -5.00, 0.36, 2.80, 0.7175454906475573
No.386: 0.99, 1.01, 0.01, 0.26, 6.07, 7.40, 6.48, -5.00, 0.36, 2.80, 0.7175454906475573
No.387: 0.99, 1.01, 0.01, 0.26, 6.07, 7.40, 6.48, -5.00, 0.36, 2.80, 0.7175454906475573
No.399: 0.99, 1.01, 0.01, 0.26, 6.07, 7.40, 6.48, -5.00, 0.36, 2.80, 0.7175454906475573
No.400: 0.99, 1.01, 0.01, 0.26, 6.07, 7.40, 6.48, -5.00, 0.36, 2.80, 0.7175454906475573
No.401: 0.99, 1.01, 0.01, 0.26, 6.07, 7.40, 6.48, -5.00, 0.36, 2.80, 0.7175454906475573
No.402: 0.99, 1.01, 0.01, 0.26, 6.07, 7.40, 6.48, -5.00, 0.36, 2.80, 0.7175454906475573
No.410: 0.99, 1.01, 0.01, 0.26, 6.07, 7.40, 6.48, -5.00, 0.36, 2.80, 0.7175454906475573
No.413: 0.99, 1.01, 0.01, 0.26, 6.07, 7.40, 6.48, -5.00, 0.36, 2.80, 0.7175454906475573
No.414: 0.99, 1.01, 0.01, 0.26, 6.07, 7.40, 6.48, -5.00, 0.36, 2.80, 0.7175454906475573
No.415: 0.99, 1.01, 0.01, 0.26, 6.07, 7.40, 6.48, -5.00, 0.36, 2.80, 0.7175454906475573
No.416: 0.99, 1.01, 0.01, 0.26, 6.07, 7.40, 6.48, -5.00, 0.36, 2.80, 0.7175454906475573
No.417: 0.99, 1.01, 0.01, 0.26, 6.07, 7.40, 6.48, -5.00, 0.36, 2.80, 0.7175454906475573
No.418: 0.99, 1.01, 0.01, 0.26, 6.07, 7.40, 6.48, -5.00, 0.36, 2.80, 0.7175454906475573
No.425: 0.99, 1.01, 0.01, 0.26, 6.07, 7.40, 6.48, -5.00, 0.36, 2.80, 0.7175454906475573
No.428: 0.99, 1.01, 0.01, 0.26, 6.07, 7.40, 6.48, -5.00, 0.36, 2.80, 0.7175454906475573
No.429: 0.99, 1.01, 0.01, 0.26, 6.07, 7.40, 6.48, -5.00, 0.36, 2.80, 0.7175454906475573
No.430: 0.99, 1.01, 0.01, 0.26, 6.07, 7.40, 6.48, -5.00, 0.36, 2.80, 0.7175454906475573
No.431: 0.99, 1.01, 0.01, 0.26, 6.07, 7.40, 6.48, -5.00, 0.36, 2.80, 0.7175454906475573
No.432: 0.99, 1.01, 0.01, 0.26, 6.07, 7.40, 6.48, -5.00, 0.36, 2.80, 0.7175454906475573
No.433: 0.99, 1.01, 0.01, 0.26, 6.07, 7.40, 6.48, -5.00, 0.36, 2.80, 0.7175454906475573
No.434: 0.99, 1.01, 0.01, 0.26, 6.07, 7.40, 6.48, -5.00, 0.36, 2.80, 0.7175454906475573
No.439: 0.99, 1.01, 0.01, 0.26, 6.07, 7.40, 6.48, -5.00, 0.36, 2.80, 0.7175454906475573
No.441: 0.99, 1.01, 0.01, 0.26, 6.07, 7.40, 6.48, -5.00, 0.36, 2.80, 0.7175454906475573
No.444: 0.99, 1.01, 0.01, 0.26, 6.07, 7.40, 6.48, -5.00, 0.36, 2.80, 0.7175454906475573
No.445: 0.99, 1.01, 0.01, 0.26, 6.07, 7.40, 6.48, -5.00, 0.36, 2.80, 0.7175454906475573
No.446: 0.99, 1.01, 0.01, 0.26, 6.07, 7.40, 6.48, -5.00, 0.36, 2.80, 0.7175454906475573
No.447: 0.99, 1.01, 0.01, 0.26, 6.07, 7.40, 6.48, -5.00, 0.36, 2.80, 0.7175454906475573
No.448: 0.99, 1.01, 0.01, 0.26, 6.07, 7.40, 6.48, -5.00, 0.36, 2.80, 0.7175454906475573
No.449: 0.99, 1.01, 0.01, 0.26, 6.07, 7.40, 6.48, -5.00, 0.36, 2.80, 0.7175454906475573
No.450: 0.99, 1.01, 0.01, 0.26, 6.07, 7.40, 6.48, -5.00, 0.36, 2.80, 0.7175454906475573
No.451: 0.99, 1.01, 0.01, 0.26, 6.07, 7.40, 6.48, -5.00, 0.36, 2.80, 0.7175454906475573
No.452: 0.99, 1.01, 0.01, 0.26, 6.07, 7.40, 6.48, -5.00, 0.36, 2.80, 0.7175454906475573
No.456: 0.99, 1.01, 0.01, 0.26, 6.07, 7.40, 6.48, -5.00, 0.36, 2.80, 0.7175454906475573
No.457: 0.99, 1.01, 0.01, 0.26, 6.07, 7.40, 6.48, -5.00, 0.36, 2.80, 0.7175454906475573
No.458: 0.99, 1.01, 0.01, 0.26, 6.07, 7.40, 6.48, -5.00, 0.36, 2.80, 0.7175454906475573
No.459: 0.99, 1.01, 0.01, 0.26, 6.07, 7.40, 6.48, -5.00, 0.36, 2.80, 0.7175454906475573
No.460: 0.99, 1.01, 0.01, 0.26, 6.07, 7.40, 6.48, -5.00, 0.36, 2.80, 0.7175454906475573
No.461: 0.99, 1.01, 0.01, 0.26, 6.07, 7.40, 6.48, -5.00, 0.36, 2.80, 0.7175454906475573
No.462: 0.99, 1.01, 0.01, 0.26, 6.07, 7.40, 6.48, -5.00, 0.36, 2.80, 0.7175454906475573
No.463: 0.99, 1.01, 0.01, 0.26, 6.07, 7.40, 6.48, -5.00, 0.36, 2.80, 0.7175454906475573
No.464: 0.99, 1.01, 0.01, 0.26, 6.07, 7.40, 6.48, -5.00, 0.36, 2.80, 0.7175454906475573
No.466: 0.99, 1.01, 0.01, 0.26, 6.07, 7.40, 6.48, -5.00, 0.36, 2.80, 0.7175454906475573
No.467: 0.99, 1.01, 0.01, 0.26, 6.07, 7.40, 6.48, -5.00, 0.36, 2.80, 0.7175454906475573
No.468: 0.99, 1.01, 0.01, 0.26, 6.07, 7.40, 6.48, -5.00, 0.36, 2.80, 0.7175454906475573
No.469: 0.99, 1.01, 0.01, 0.26, 6.07, 7.40, 6.48, -5.00, 0.36, 2.80, 0.7175454906475573
No.470: 0.99, 1.01, 0.01, 0.26, 6.07, 7.40, 6.48, -5.00, 0.36, 2.80, 0.7175454906475573
No.471: 0.99, 1.01, 0.01, 0.26, 6.07, 7.40, 6.48, -5.00, 0.36, 2.80, 0.7175454906475573
No.472: 0.99, 1.01, 0.01, 0.26, 6.07, 7.40, 6.48, -5.00, 0.36, 2.80, 0.7175454906475573
No.473: 0.99, 1.01, 0.01, 0.26, 6.07, 7.40, 6.48, -5.00, 0.36, 2.80, 0.7175454906475573
No.474: 0.99, 1.01, 0.01, 0.26, 6.07, 7.40, 6.48, -5.00, 0.36, 2.80, 0.7175454906475573
No.475: 0.99, 1.01, 0.01, 0.26, 6.07, 7.40, 6.48, -5.00, 0.36, 2.80, 0.7175454906475573
No.476: 0.99, 1.01, 0.01, 0.26, 6.07, 7.40, 6.48, -5.00, 0.36, 2.80, 0.7175454906475573
No.477: 0.99, 1.01, 0.01, 0.26, 6.07, 7.40, 6.48, -5.00, 0.36, 2.80, 0.7175454906475573
No.478: 0.99, 1.01, 0.01, 0.26, 6.07, 7.40, 6.48, -5.00, 0.36, 2.80, 0.7175454906475573
No.479: 0.99, 1.01, 0.01, 0.26, 6.07, 7.40, 6.48, -5.00, 0.36, 2.80, 0.7175454906475573
No.480: 0.99, 1.01, 0.01, 0.26, 6.07, 7.40, 6.48, -5.00, 0.36, 2.80, 0.7175454906475573
No.481: 0.99, 1.01, 0.01, 0.26, 6.07, 7.40, 6.48, -5.00, 0.36, 2.80, 0.7175454906475573
No.482: 0.99, 1.01, 0.01, 0.26, 6.07, 7.40, 6.48, -5.00, 0.36, 2.80, 0.7175454906475573
No.483: 0.99, 1.01, 0.01, 0.26, 6.07, 7.40, 6.48, -5.00, 0.36, 2.80, 0.7175454906475573
No.484: 0.99, 1.01, 0.01, 0.26, 6.07, 7.40, 6.48, -5.00, 0.36, 2.80, 0.7175454906475573
No.485: 0.99, 1.01, 0.01, 0.26, 6.07, 7.40, 6.48, -5.00, 0.36, 2.80, 0.7175454906475573
No.486: 0.99, 1.01, 0.01, 0.26, 6.07, 7.40, 6.48, -5.00, 0.36, 2.80, 0.7175454906475573
No.487: 0.99, 1.01, 0.01, 0.26, 6.07, 7.40, 6.48, -5.00, 0.36, 2.80, 0.7175454906475573
No.488: 0.99, 1.01, 0.01, 0.26, 6.07, 7.40, 6.48, -5.00, 0.36, 2.80, 0.7175454906475573
No.489: 0.99, 1.01, 0.01, 0.26, 6.07, 7.40, 6.48, -5.00, 0.36, 2.80, 0.7175454906475573
No.490: 0.99, 1.01, 0.01, 0.26, 6.07, 7.40, 6.48, -5.00, 0.36, 2.80, 0.7175454906475573
No.491: 0.99, 1.01, 0.01, 0.26, 6.07, 7.40, 6.48, -5.00, 0.36, 2.80, 0.7175454906475573
No.492: 0.99, 1.01, 0.01, 0.26, 6.07, 7.40, 6.48, -5.00, 0.36, 2.80, 0.7175454906475573
No.493: 0.99, 1.01, 0.01, 0.26, 6.07, 7.40, 6.48, -5.00, 0.36, 2.80, 0.7175454906475573
No.494: 0.99, 1.01, 0.01, 0.26, 6.07, 7.40, 6.48, -5.00, 0.36, 2.80, 0.7175454906475573
No.495: 0.99, 1.01, 0.01, 0.26, 6.07, 7.40, 6.48, -5.00, 0.36, 2.80, 0.7175454906475573
No.496: 0.99, 1.01, 0.01, 0.26, 6.07, 7.40, 6.48, -5.00, 0.36, 2.80, 0.7175454906475573
No.497: 0.99, 1.01, 0.01, 0.26, 6.07, 7.40, 6.48, -5.00, 0.36, 2.80, 0.7175454906475573
No.498: 0.99, 1.01, 0.01, 0.26, 6.07, 7.40, 6.48, -5.00, 0.36, 2.80, 0.7175454906475573
No.499: 0.99, 1.01, 0.01, 0.26, 6.07, 7.40, 6.48, -5.00, 0.36, 2.80, 0.7175454906475573
No.500: 0.99, 1.01, 0.01, 0.26, 6.07, 7.40, 6.48, -5.00, 0.36, 2.80, 0.7175454906475573
No.501: 0.99, 1.01, 0.01, 0.26, 6.07, 7.40, 6.48, -5.00, 0.36, 2.80, 0.7175454906475573
No.502: 0.99, 1.01, 0.01, 0.26, 6.07, 7.40, 6.48, -5.00, 0.36, 2.80, 0.7175454906475573
No.503: 0.99, 1.01, 0.01, 0.26, 6.07, 7.40, 6.48, -5.00, 0.36, 2.80, 0.7175454906475573
No.504: 0.99, 1.01, 0.01, 0.26, 6.07, 7.40, 6.48, -5.00, 0.36, 2.80, 0.7175454906475573
No.505: 0.99, 1.01, 0.01, 0.26, 6.07, 7.40, 6.48, -5.00, 0.36, 2.80, 0.7175454906475573
No.506: 0.99, 1.01, 0.01, 0.26, 6.07, 7.40, 6.48, -5.00, 0.36, 2.80, 0.7175454906475573
No.507: 0.99, 1.01, 0.01, 0.26, 6.07, 7.40, 6.48, -5.00, 0.36, 2.80, 0.7175454906475573
No.508: 0.99, 1.01, 0.01, 0.26, 6.07, 7.40, 6.48, -5.00, 0.36, 2.80, 0.7175454906475573
No.509: 0.99, 1.01, 0.01, 0.26, 6.07, 7.40, 6.48, -5.00, 0.36, 2.80, 0.7175454906475573
No.510: 0.99, 1.01, 0.01, 0.26, 6.07, 7.40, 6.48, -5.00, 0.36, 2.80, 0.7175454906475573
No.511: 0.99, 1.01, 0.01, 0.26, 6.07, 7.40, 6.48, -5.00, 0.36, 2.80, 0.7175454906475573
No.512: 0.99, 1.01, 0.01, 0.26, 6.07, 7.40, 6.48, -5.00, 0.36, 2.80, 0.7175454906475573
No.513: 0.99, 1.01, 0.01, 0.26, 6.07, 7.40, 6.48, -5.00, 0.36, 2.80, 0.7175454906475573
No.514: 0.99, 1.01, 0.01, 0.26, 6.07, 7.40, 6.48, -5.00, 0.36, 2.80, 0.7175454906475573
No.515: 0.99, 1.01, 0.01, 0.26, 6.07, 7.40, 6.48, -5.00, 0.36, 2.80, 0.7175454906475573
No.516: 0.99, 1.01, 0.01, 0.26, 6.07, 7.40, 6.48, -5.00, 0.36, 2.80, 0.7175454906475573
No.517: 0.99, 1.01, 0.01, 0.26, 6.07, 7.40, 6.48, -5.00, 0.36, 2.80, 0.7175454906475573
No.518: 0.99, 1.01, 0.01, 0.26, 6.07, 7.40, 6.48, -5.00, 0.36, 2.80, 0.7175454906475573
No.519: 0.99, 1.01, 0.01, 0.26, 6.07, 7.40, 6.48, -5.00, 0.36, 2.80, 0.7175454906475573
No.520: 0.99, 1.01, 0.01, 0.26, 6.07, 7.40, 6.48, -5.00, 0.36, 2.80, 0.7175454906475573
No.521: 0.99, 1.01, 0.01, 0.26, 6.07, 7.40, 6.48, -5.00, 0.36, 2.80, 0.7175454906475573
No.522: 0.99, 1.01, 0.01, 0.26, 6.07, 7.40, 6.48, -5.00, 0.36, 2.80, 0.7175454906475573
No.523: 0.99, 1.01, 0.01, 0.26, 6.07, 7.40, 6.48, -5.00, 0.36, 2.80, 0.7175454906475573
No.524: 0.99, 1.01, 0.01, 0.26, 6.07, 7.40, 6.48, -5.00, 0.36, 2.80, 0.7175454906475573
No.525: 0.99, 1.01, 0.01, 0.26, 6.07, 7.40, 6.48, -5.00, 0.36, 2.80, 0.7175454906475573
No.526: 0.99, 1.01, 0.01, 0.26, 6.07, 7.40, 6.48, -5.00, 0.36, 2.80, 0.7175454906475573
No.527: 0.99, 1.01, 0.01, 0.26, 6.07, 7.40, 6.48, -5.00, 0.36, 2.80, 0.7175454906475573
No.528: 0.99, 1.01, 0.01, 0.26, 6.07, 7.40, 6.48, -5.00, 0.36, 2.80, 0.7175454906475573
No.529: 0.99, 1.01, 0.01, 0.26, 6.07, 7.40, 6.48, -5.00, 0.36, 2.80, 0.7175454906475573
No.530: 0.99, 1.01, 0.01, 0.26, 6.07, 7.40, 6.48, -5.00, 0.36, 2.80, 0.7175454906475573
No.531: 0.99, 1.01, 0.01, 0.26, 6.07, 7.40, 6.48, -5.00, 0.36, 2.80, 0.7175454906475573
No.532: 0.99, 1.01, 0.01, 0.26, 6.07, 7.40, 6.48, -5.00, 0.36, 2.80, 0.7175454906475573
No.533: 0.99, 1.01, 0.01, 0.26, 6.07, 7.40, 6.48, -5.00, 0.36, 2.80, 0.7175454906475573
No.534: 0.99, 1.01, 0.01, 0.26, 6.07, 7.40, 6.48, -5.00, 0.36, 2.80, 0.7175454906475573
No.535: 0.99, 1.01, 0.01, 0.26, 6.07, 7.40, 6.48, -5.00, 0.36, 2.80, 0.7175454906475573
No.536: 0.99, 1.01, 0.01, 0.26, 6.07, 7.40, 6.48, -5.00, 0.36, 2.80, 0.7175454906475573
No.537: 0.99, 1.01, 0.01, 0.26, 6.07, 7.40, 6.48, -5.00, 0.36, 2.80, 0.7175454906475573
No.538: 0.99, 1.01, 0.01, 0.26, 6.07, 7.40, 6.48, -5.00, 0.36, 2.80, 0.7175454906475573
No.539: 0.99, 1.01, 0.01, 0.26, 6.07, 7.40, 6.48, -5.00, 0.36, 2.80, 0.7175454906475573
No.540: 0.99, 1.01, 0.01, 0.26, 6.07, 7.40, 6.48, -5.00, 0.36, 2.80, 0.7175454906475573
No.541: 0.99, 1.01, 0.01, 0.26, 6.07, 7.40, 6.48, -5.00, 0.36, 2.80, 0.7175454906475573
No.542: 0.99, 1.01, 0.01, 0.26, 6.07, 7.40, 6.48, -5.00, 0.36, 2.80, 0.7175454906475573
No.543: 0.99, 1.01, 0.01, 0.26, 6.07, 7.40, 6.48, -5.00, 0.36, 2.80, 0.7175454906475573
No.544: 0.99, 1.01, 0.01, 0.26, 6.07, 7.40, 6.48, -5.00, 0.36, 2.80, 0.7175454906475573
No.545: 0.99, 1.01, 0.01, 0.26, 6.07, 7.40, 6.48, -5.00, 0.36, 2.80, 0.7175454906475573
No.546: 0.99, 1.01, 0.01, 0.26, 6.07, 7.40, 6.48, -5.00, 0.36, 2.80, 0.7175454906475573
No.547: 0.99, 1.01, 0.01, 0.26, 6.07, 7.40, 6.48, -5.00, 0.36, 2.80, 0.7175454906475573
No.548: 0.99, 1.01, 0.01, 0.26, 6.07, 7.40, 6.48, -5.00, 0.36, 2.80, 0.7175454906475573
No.549: 0.99, 1.01, 0.01, 0.26, 6.07, 7.40, 6.48, -5.00, 0.36, 2.80, 0.7175454906475573
No.550: 0.99, 1.01, 0.01, 0.26, 6.07, 7.40, 6.48, -5.00, 0.36, 2.80, 0.7175454906475573
No.551: 0.99, 1.01, 0.01, 0.26, 6.07, 7.40, 6.48, -5.00, 0.36, 2.80, 0.7175454906475573
No.552: 0.99, 1.01, 0.01, 0.26, 6.07, 7.40, 6.48, -5.00, 0.36, 2.80, 0.7175454906475573
No.553: 0.99, 1.01, 0.01, 0.26, 6.07, 7.40, 6.48, -5.00, 0.36, 2.80, 0.7175454906475573
No.554: 0.99, 1.01, 0.01, 0.26, 6.07, 7.40, 6.48, -5.00, 0.36, 2.80, 0.7175454906475573
No.555: 0.99, 1.01, 0.01, 0.26, 6.07, 7.40, 6.48, -5.00, 0.36, 2.80, 0.7175454906475573
No.556: 0.99, 1.01, 0.01, 0.26, 6.07, 7.40, 6.48, -5.00, 0.36, 2.80, 0.7175454906475573
No.557: 0.99, 1.01, 0.01, 0.26, 6.07, 7.40, 6.48, -5.00, 0.36, 2.80, 0.7175454906475573
No.558: 0.99, 1.01, 0.01, 0.26, 6.07, 7.40, 6.48, -5.00, 0.36, 2.80, 0.7175454906475573
No.559: 0.99, 1.01, 0.01, 0.26, 6.07, 7.40, 6.48, -5.00, 0.36, 2.80, 0.7175454906475573
No.560: 0.99, 1.01, 0.01, 0.26, 6.07, 7.40, 6.48, -5.00, 0.36, 2.80, 0.7175454906475573
No.561: 0.99, 1.01, 0.01, 0.26, 6.07, 7.40, 6.48, -5.00, 0.36, 2.80, 0.7175454906475573
No.562: 0.99, 1.01, 0.01, 0.26, 6.07, 7.40, 6.48, -5.00, 0.36, 2.80, 0.7175454906475573
No.563: 0.99, 1.01, 0.01, 0.26, 6.07, 7.40, 6.48, -5.00, 0.36, 2.80, 0.7175454906475573
No.564: 0.99, 1.01, 0.01, 0.26, 6.07, 7.40, 6.48, -5.00, 0.36, 2.80, 0.7175454906475573
No.565: 0.99, 1.01, 0.01, 0.26, 6.07, 7.40, 6.48, -5.00, 0.36, 2.80, 0.7175454906475573
No.566: 0.99, 1.01, 0.01, 0.26, 6.07, 7.40, 6.48, -5.00, 0.36, 2.80, 0.7175454906475573
No.567: 0.99, 1.01, 0.01, 0.26, 6.07, 7.40, 6.48, -5.00, 0.36, 2.80, 0.7175454906475573
No.568: 0.99, 1.01, 0.01, 0.26, 6.07, 7.40, 6.48, -5.00, 0.36, 2.80, 0.7175454906475573
No.569: 0.99, 1.01, 0.01, 0.26, 6.07, 7.40, 6.48, -5.00, 0.36, 2.80, 0.7175454906475573
No.570: 0.99, 1.01, 0.01, 0.26, 6.07, 7.40, 6.48, -5.00, 0.36, 2.80, 0.7175454906475573
No.571: 0.99, 1.01, 0.01, 0.26, 6.07, 7.40, 6.48, -5.00, 0.36, 2.80, 0.7175454906475573
No.572: 0.99, 1.01, 0.01, 0.26, 6.07, 7.40, 6.48, -5.00, 0.36, 2.80, 0.7175454906475573
No.573: 0.99, 1.01, 0.01, 0.26, 6.07, 7.40, 6.48, -5.00, 0.36, 2.80, 0.7175454906475573
No.574: 0.99, 1.01, 0.01, 0.26, 6.07, 7.40, 6.48, -5.00, 0.36, 2.80, 0.7175454906475573
No.575: 0.99, 1.01, 0.01, 0.26, 6.07, 7.40, 6.48, -5.00, 0.36, 2.80, 0.7175454906475573
No.576: 0.99, 1.01, 0.01, 0.26, 6.07, 7.40, 6.48, -5.00, 0.36, 2.80, 0.7175454906475573
No.577: 0.99, 1.01, 0.01, 0.26, 6.07, 7.40, 6.48, -5.00, 0.36, 2.80, 0.7175454906475573
No.578: 0.99, 1.01, 0.01, 0.26, 6.07, 7.40, 6.48, -5.00, 0.36, 2.80, 0.7175454906475573
No.579: 0.99, 1.01, 0.01, 0.26, 6.07, 7.40, 6.48, -5.00, 0.36, 2.80, 0.7175454906475573
No.580: 0.99, 1.01, 0.01, 0.26, 6.07, 7.40, 6.48, -5.00, 0.36, 2.80, 0.7175454906475573
No.581: 0.99, 1.01, 0.01, 0.26, 6.07, 7.40, 6.48, -5.00, 0.36, 2.80, 0.7175454906475573
No.582: 0.99, 1.01, 0.01, 0.26, 6.07, 7.40, 6.48, -5.00, 0.36, 2.80, 0.7175454906475573
No.583: 0.99, 1.01, 0.01, 0.26, 6.07, 7.40, 6.48, -5.00, 0.36, 2.80, 0.7175454906475573
No.584: 0.99, 1.01, 0.01, 0.26, 6.07, 7.40, 6.48, -5.00, 0.36, 2.80, 0.7175454906475573
No.585: 0.99, 1.01, 0.01, 0.26, 6.07, 7.40, 6.48, -5.00, 0.36, 2.80, 0.7175454906475573
No.586: 0.99, 1.01, 0.01, 0.26, 6.07, 7.40, 6.48, -5.00, 0.36, 2.80, 0.7175454906475573
No.587: 0.99, 1.01, 0.01, 0.26, 6.07, 7.40, 6.48, -5.00, 0.36, 2.80, 0.7175454906475573
No.588: 0.99, 1.01, 0.01, 0.26, 6.07, 7.40, 6.48, -5.00, 0.36, 2.80, 0.7175454906475573
No.589: 0.99, 1.01, 0.01, 0.26, 6.07, 7.40, 6.48, -5.00, 0.36, 2.80, 0.7175454906475573
No.590: 0.99, 1.01, 0.01, 0.26, 6.07, 7.40, 6.48, -5.00, 0.36, 2.80, 0.7175454906475573
No.591: 0.99, 1.01, 0.01, 0.26, 6.07, 7.40, 6.48, -5.00, 0.36, 2.80, 0.7175454906475573
No.592: 0.99, 1.01, 0.01, 0.26, 6.07, 7.40, 6.48, -5.00, 0.36, 2.80, 0.7175454906475573
No.593: 0.99, 1.01, 0.01, 0.26, 6.07, 7.40, 6.48, -5.00, 0.36, 2.80, 0.7175454906475573
No.594: 0.99, 1.01, 0.01, 0.26, 6.07, 7.40, 6.48, -5.00, 0.36, 2.80, 0.7175454906475573
No.595: 0.99, 1.01, 0.01, 0.26, 6.07, 7.40, 6.48, -5.00, 0.36, 2.80, 0.7175454906475573
No.596: 0.99, 1.01, 0.01, 0.26, 6.07, 7.40, 6.48, -5.00, 0.36, 2.80, 0.7175454906475573
No.597: 0.99, 1.01, 0.01, 0.26, 6.07, 7.40, 6.48, -5.00, 0.36, 2.80, 0.7175454906475573
No.598: 0.99, 1.01, 0.01, 0.26, 6.07, 7.40, 6.48, -5.00, 0.36, 2.80, 0.7175454906475573
No.599: 0.99, 1.01, 0.01, 0.26, 6.07, 7.40, 6.48, -5.00, 0.36, 2.80, 0.7175454906475573
No.600: 0.99, 1.01, 0.01, 0.26, 6.07, 7.40, 6.48, -5.00, 0.36, 2.80, 0.7175454906475573
No.601: 0.99, 1.01, 0.01, 0.26, 6.07, 7.40, 6.48, -5.00, 0.36, 2.80, 0.7175454906475573
No.602: 0.99, 1.01, 0.01, 0.26, 6.07, 7.40, 6.48, -5.00, 0.36, 2.80, 0.7175454906475573
No.603: 0.99, 1.01, 0.01, 0.26, 6.07, 7.40, 6.48, -5.00, 0.36, 2.80, 0.7175454906475573
No.604: 0.99, 1.01, 0.01, 0.26, 6.07, 7.40, 6.48, -5.00, 0.36, 2.80, 0.7175454906475573
No.605: 0.99, 1.01, 0.01, 0.26, 6.07, 7.40, 6.48, -5.00, 0.36, 2.80, 0.7175454906475573
No.606: 0.99, 1.01, 0.01, 0.26, 6.07, 7.40, 6.48, -5.00, 0.36, 2.80, 0.7175454906475573
No.607: 0.99, 1.01, 0.01, 0.26, 6.07, 7.40, 6.48, -5.00, 0.36, 2.80, 0.7175454906475573
No.608: 0.99, 1.01, 0.01, 0.26, 6.07, 7.40, 6.48, -5.00, 0.36, 2.80, 0.7175454906475573
No.609: 0.99, 1.01, 0.01, 0.26, 6.07, 7.40, 6.48, -5.00, 0.36, 2.80, 0.7175454906475573
No.610: 0.99, 1.01, 0.01, 0.26, 6.07, 7.40, 6.48, -5.00, 0.36, 2.80, 0.7175454906475573
No.611: 0.99, 1.01, 0.01, 0.26, 6.07, 7.40, 6.48, -5.00, 0.36, 2.80, 0.7175454906475573
No.612: 0.99, 1.01, 0.01, 0.26, 6.07, 7.40, 6.48, -5.00, 0.36, 2.80, 0.7175454906475573
No.613: 0.99, 1.01, 0.01, 0.26, 6.07, 7.40, 6.48, -5.00, 0.36, 2.80, 0.7175454906475573
No.614: 0.99, 1.01, 0.01, 0.26, 6.07, 7.40, 6.48, -5.00, 0.36, 2.80, 0.7175454906475573
No.615: 0.99, 1.01, 0.01, 0.26, 6.07, 7.40, 6.48, -5.00, 0.36, 2.80, 0.7175454906475573
No.616: 0.99, 1.01, 0.01, 0.26, 6.07, 7.40, 6.48, -5.00, 0.36, 2.80, 0.7175454906475573
No.617: 0.99, 1.01, 0.01, 0.26, 6.07, 7.40, 6.48, -5.00, 0.36, 2.80, 0.7175454906475573
No.618: 0.99, 1.01, 0.01, 0.26, 6.07, 7.40, 6.48, -5.00, 0.36, 2.80, 0.7175454906475573
No.619: 0.99, 1.01, 0.01, 0.26, 6.07, 7.40, 6.48, -5.00, 0.36, 2.80, 0.7175454906475573
No.620: 0.99, 1.01, 0.01, 0.26, 6.07, 7.40, 6.48, -5.00, 0.36, 2.80, 0.7175454906475573
No.621: 0.99, 1.01, 0.01, 0.26, 6.07, 7.40, 6.48, -5.00, 0.36, 2.80, 0.7175454906475573
No.622: 0.99, 1.01, 0.01, 0.26, 6.07, 7.40, 6.48, -5.00, 0.36, 2.80, 0.7175454906475573
No.623: 0.99, 1.01, 0.01, 0.26, 6.07, 7.40, 6.48, -5.00, 0.36, 2.80, 0.7175454906475573
No.624: 0.99, 1.01, 0.01, 0.26, 6.07, 7.40, 6.48, -5.00, 0.36, 2.80, 0.7175454906475573
No.625: 0.99, 1.01, 0.01, 0.26, 6.07, 7.40, 6.48, -5.00, 0.36, 2.80, 0.7175454906475573
No.626: 0.99, 1.01, 0.01, 0.26, 6.07, 7.40, 6.48, -5.00, 0.36, 2.80, 0.7175454906475573
No.627: 0.99, 1.01, 0.01, 0.26, 6.07, 7.40, 6.48, -5.00, 0.36, 2.80, 0.7175454906475573
No.628: 0.99, 1.01, 0.01, 0.26, 6.07, 7.40, 6.48, -5.00, 0.36, 2.80, 0.7175454906475573
No.629: 0.99, 1.01, 0.01, 0.26, 6.07, 7.40, 6.48, -5.00, 0.36, 2.80, 0.7175454906475573
No.630: 0.99, 1.01, 0.01, 0.26, 6.07, 7.40, 6.48, -5.00, 0.36, 2.80, 0.7175454906475573
No.631: 0.99, 1.01, 0.01, 0.26, 6.07, 7.40, 6.48, -5.00, 0.36, 2.80, 0.7175454906475573
No.632: 0.99, 1.01, 0.01, 0.26, 6.07, 7.40, 6.48, -5.00, 0.36, 2.80, 0.7175454906475573
No.633: 0.99, 1.01, 0.01, 0.26, 6.07, 7.40, 6.48, -5.00, 0.36, 2.80, 0.7175454906475573
No.634: 0.99, 1.01, 0.01, 0.26, 6.07, 7.40, 6.48, -5.00, 0.36, 2.80, 0.7175454906475573
No.635: 0.99, 1.01, 0.01, 0.26, 6.07, 7.40, 6.48, -5.00, 0.36, 2.80, 0.7175454906475573
No.636: 0.99, 1.01, 0.01, 0.26, 6.07, 7.40, 6.48, -5.00, 0.36, 2.80, 0.7175454906475573
No.637: 0.99, 1.01, 0.01, 0.26, 6.07, 7.40, 6.48, -5.00, 0.36, 2.80, 0.7175454906475573
No.638: 0.99, 1.01, 0.01, 0.26, 6.07, 7.40, 6.48, -5.00, 0.36, 2.80, 0.7175454906475573
No.639: 0.99, 1.01, 0.01, 0.26, 6.07, 7.40, 6.48, -5.00, 0.36, 2.80, 0.7175454906475573
No.640: 0.99, 1.01, 0.01, 0.26, 6.07, 7.40, 6.48, -5.00, 0.36, 2.80, 0.7175454906475573
No.641: 0.99, 1.01, 0.01, 0.26, 6.07, 7.40, 6.48, -5.00, 0.36, 2.80, 0.7175454906475573
No.642: 0.99, 1.01, 0.01, 0.26, 6.07, 7.40, 6.48, -5.00, 0.36, 2.80, 0.7175454906475573
No.643: 0.99, 1.01, 0.01, 0.26, 6.07, 7.40, 6.48, -5.00, 0.36, 2.80, 0.7175454906475573
No.644: 0.99, 1.01, 0.01, 0.26, 6.07, 7.40, 6.48, -5.00, 0.36, 2.80, 0.7175454906475573
No.645: 0.99, 1.01, 0.01, 0.26, 6.07, 7.40, 6.48, -5.00, 0.36, 2.80, 0.7175454906475573
No.646: 0.99, 1.01, 0.01, 0.26, 6.07, 7.40, 6.48, -5.00, 0.36, 2.80, 0.7175454906475573
No.647: 0.99, 1.01, 0.01, 0.26, 6.07, 7.40, 6.48, -5.00, 0.36, 2.80, 0.7175454906475573
No.648: 0.99, 1.01, 0.01, 0.26, 6.07, 7.40, 6.48, -5.00, 0.36, 2.80, 0.7175454906475573
No.649: 0.99, 1.01, 0.01, 0.26, 6.07, 7.40, 6.48, -5.00, 0.36, 2.80, 0.7175454906475573
No.650: 0.99, 1.01, 0.01, 0.26, 6.07, 7.40, 6.48, -5.00, 0.36, 2.80, 0.7175454906475573
No.651: 0.99, 1.01, 0.01, 0.26, 6.07, 7.40, 6.48, -5.00, 0.36, 2.80, 0.7175454906475573
No.652: 0.99, 1.01, 0.01, 0.26, 6.07, 7.40, 6.48, -5.00, 0.36, 2.80, 0.7175454906475573
No.653: 0.99, 1.01, 0.01, 0.26, 6.07, 7.40, 6.48, -5.00, 0.36, 2.80, 0.7175454906475573
No.654: 0.99, 1.01, 0.01, 0.26, 6.07, 7.40, 6.48, -5.00, 0.36, 2.80, 0.7175454906475573
No.655: 0.99, 1.01, 0.01, 0.26, 6.07, 7.40, 6.48, -5.00, 0.36, 2.80, 0.7175454906475573
No.656: 0.99, 1.01, 0.01, 0.26, 6.07, 7.40, 6.48, -5.00, 0.36, 2.80, 0.7175454906475573
No.657: 0.99, 1.01, 0.01, 0.26, 6.07, 7.40, 6.48, -5.00, 0.36, 2.80, 0.7175454906475573
No.658: 0.99, 1.01, 0.01, 0.26, 6.07, 7.40, 6.48, -5.00, 0.36, 2.80, 0.7175454906475573
No.659: 0.99, 1.01, 0.01, 0.26, 6.07, 7.40, 6.48, -5.00, 0.36, 2.80, 0.7175454906475573
No.660: 0.99, 1.01, 0.01, 0.26, 6.07, 7.40, 6.48, -5.00, 0.36, 2.80, 0.7175454906475573
No.661: 0.99, 1.01, 0.01, 0.26, 6.07, 7.40, 6.48, -5.00, 0.36, 2.80, 0.7175454906475573
No.662: 0.99, 1.01, 0.01, 0.26, 6.07, 7.40, 6.48, -5.00, 0.36, 2.80, 0.7175454906475573
No.663: 0.99, 1.01, 0.01, 0.26, 6.07, 7.40, 6.48, -5.00, 0.36, 2.80, 0.7175454906475573
No.664: 0.99, 1.01, 0.01, 0.26, 6.07, 7.40, 6.48, -5.00, 0.36, 2.80, 0.7175454906475573
No.665: 0.99, 1.01, 0.01, 0.26, 6.07, 7.40, 6.48, -5.00, 0.36, 2.80, 0.7175454906475573
No.666: 0.99, 1.01, 0.01, 0.26, 6.07, 7.40, 6.48, -5.00, 0.36, 2.80, 0.7175454906475573
No.667: 0.99, 1.01, 0.01, 0.26, 6.07, 7.40, 6.48, -5.00, 0.36, 2.80, 0.7175454906475573
No.668: 0.99, 1.01, 0.01, 0.26, 6.07, 7.40, 6.48, -5.00, 0.36, 2.80, 0.7175454906475573
No.669: 0.99, 1.01, 0.01, 0.26, 6.07, 7.40, 6.48, -5.00, 0.36, 2.80, 0.7175454906475573
No.670: 0.99, 1.01, 0.01, 0.26, 6.07, 7.40, 6.48, -5.00, 0.36, 2.80, 0.7175454906475573
No.671: 0.99, 1.01, 0.01, 0.26, 6.07, 7.40, 6.48, -5.00, 0.36, 2.80, 0.7175454906475573
No.672: 0.99, 1.01, 0.01, 0.26, 6.07, 7.40, 6.48, -5.00, 0.36, 2.80, 0.7175454906475573
No.673: 0.99, 1.01, 0.01, 0.26, 6.07, 7.40, 6.48, -5.00, 0.36, 2.80, 0.7175454906475573
No.674: 0.99, 1.01, 0.01, 0.26, 6.07, 7.40, 6.48, -5.00, 0.36, 2.80, 0.7175454906475573
No.675: 0.99, 1.01, 0.01, 0.26, 6.07, 7.40, 6.48, -5.00, 0.36, 2.80, 0.7175454906475573
No.676: 0.99, 1.01, 0.01, 0.26, 6.07, 7.40, 6.48, -5.00, 0.36, 2.80, 0.7175454906475573
No.677: 0.99, 1.01, 0.01, 0.26, 6.07, 7.40, 6.48, -5.00, 0.36, 2.80, 0.7175454906475573
No.678: 0.99, 1.01, 0.01, 0.26, 6.07, 7.40, 6.48, -5.00, 0.36, 2.80, 0.7175454906475573
No.679: 0.99, 1.01, 0.01, 0.26, 6.07, 7.40, 6.48, -5.00, 0.36, 2.80, 0.7175454906475573
No.680: 0.99, 1.01, 0.01, 0.26, 6.07, 7.40, 6.48, -5.00, 0.36, 2.80, 0.7175454906475573
No.681: 0.99, 1.01, 0.01, 0.26, 6.07, 7.40, 6.48, -5.00, 0.36, 2.80, 0.7175454906475573
No.682: 0.99, 1.01, 0.01, 0.26, 6.07, 7.40, 6.48, -5.00, 0.36, 2.80, 0.7175454906475573
No.683: 0.99, 1.01, 0.01, 0.26, 6.07, 7.40, 6.48, -5.00, 0.36, 2.80, 0.7175454906475573
No.684: 0.99, 1.01, 0.01, 0.26, 6.07, 7.40, 6.48, -5.00, 0.36, 2.80, 0.7175454906475573
No.685: 0.99, 1.01, 0.01, 0.26, 6.07, 7.40, 6.48, -5.00, 0.36, 2.80, 0.7175454906475573
No.686: 0.99, 1.01, 0.01, 0.26, 6.07, 7.40, 6.48, -5.00, 0.36, 2.80, 0.7175454906475573
No.687: 0.99, 1.01, 0.01, 0.26, 6.07, 7.40, 6.48, -5.00, 0.36, 2.80, 0.7175454906475573
No.688: 0.99, 1.01, 0.01, 0.26, 6.07, 7.40, 6.48, -5.00, 0.36, 2.80, 0.7175454906475573
No.689: 0.99, 1.01, 0.01, 0.26, 6.07, 7.40, 6.48, -5.00, 0.36, 2.80, 0.7175454906475573
No.690: 0.99, 1.01, 0.01, 0.26, 6.07, 7.40, 6.48, -5.00, 0.36, 2.80, 0.7175454906475573
No.691: 0.99, 1.01, 0.01, 0.26, 6.07, 7.40, 6.48, -5.00, 0.36, 2.80, 0.7175454906475573
No.692: 0.99, 1.01, 0.01, 0.26, 6.07, 7.40, 6.48, -5.00, 0.36, 2.80, 0.7175454906475573
No.693: 0.99, 1.01, 0.01, 0.26, 6.07, 7.40, 6.48, -5.00, 0.36, 2.80, 0.7175454906475573
No.694: 0.99, 1.01, 0.01, 0.26, 6.07, 7.40, 6.48, -5.00, 0.36, 2.80, 0.7175454906475573
No.695: 0.99, 1.01, 0.01, 0.26, 6.07, 7.40, 6.48, -5.00, 0.36, 2.80, 0.7175454906475573
No.696: 0.99, 1.01, 0.01, 0.26, 6.07, 7.40, 6.48, -5.00, 0.36, 2.80, 0.7175454906475573
No.697: 0.99, 1.01, 0.01, 0.26, 6.07, 7.40, 6.48, -5.00, 0.36, 2.80, 0.7175454906475573
No.698: 0.99, 1.01, 0.01, 0.26, 6.07, 7.40, 6.48, -5.00, 0.36, 2.80, 0.7175454906475573
No.699: 0.99, 1.01, 0.01, 0.26, 6.07, 7.40, 6.48, -5.00, 0.36, 2.80, 0.7175454906475573
No.700: 0.99, 1.01, 0.01, 0.26, 6.07, 7.40, 6.48, -5.00, 0.36, 2.80, 0.7175454906475573
No.701: 0.99, 1.01, 0.01, 0.26, 6.07, 7.40, 6.48, -5.00, 0.36, 2.80, 0.7175454906475573
No.702: 0.99, 1.01, 0.01, 0.26, 6.07, 7.40, 6.48, -5.00, 0.36, 2.80, 0.7175454906475573
No.703: 0.99, 1.01, 0.01, 0.26, 6.07, 7.40, 6.48, -5.00, 0.36, 2.80, 0.7175454906475573
No.704: 0.99, 1.01, 0.01, 0.26, 6.07, 7.40, 6.48, -5.00, 0.36, 2.80, 0.7175454906475573
No.705: 0.99, 1.01, 0.01, 0.26, 6.07, 7.40, 6.48, -5.00, 0.36, 2.80, 0.7175454906475573
No.706: 0.99, 1.01, 0.01, 0.26, 6.07, 7.40, 6.48, -5.00, 0.36, 2.80, 0.7175454906475573
No.707: 0.99, 1.01, 0.01, 0.26, 6.07, 7.40, 6.48, -5.00, 0.36, 2.80, 0.7175454906475573
No.708: 0.99, 1.01, 0.01, 0.26, 6.07, 7.40, 6.48, -5.00, 0.36, 2.80, 0.7175454906475573
No.709: 0.99, 1.01, 0.01, 0.26, 6.07, 7.40, 6.48, -5.00, 0.36, 2.80, 0.7175454906475573
No.710: 0.99, 1.01, 0.01, 0.26, 6.07, 7.40, 6.48, -5.00, 0.36, 2.80, 0.7175454906475573
No.711: 0.99, 1.01, 0.01, 0.26, 6.07, 7.40, 6.48, -5.00, 0.36, 2.80, 0.7175454906475573
No.712: 0.99, 1.01, 0.01, 0.26, 6.07, 7.40, 6.48, -5.00, 0.36, 2.80, 0.7175454906475573
No.713: 0.99, 1.01, 0.01, 0.26, 6.07, 7.40, 6.48, -5.00, 0.36, 2.80, 0.7175454906475573
No.714: 0.99, 1.01, 0.01, 0.26, 6.07, 7.40, 6.48, -5.00, 0.36, 2.80, 0.7175454906475573
No.715: 0.99, 1.01, 0.01, 0.26, 6.07, 7.40, 6.48, -5.00, 0.36, 2.80, 0.7175454906475573
No.716: 0.99, 1.01, 0.01, 0.26, 6.07, 7.40, 6.48, -5.00, 0.36, 2.80, 0.7175454906475573
No.717: 0.99, 1.01, 0.01, 0.26, 6.07, 7.40, 6.48, -5.00, 0.36, 2.80, 0.7175454906475573
No.718: 0.99, 1.01, 0.01, 0.26, 6.07, 7.40, 6.48, -5.00, 0.36, 2.80, 0.7175454906475573
No.719: 0.99, 1.01, 0.01, 0.26, 6.07, 7.40, 6.48, -5.00, 0.36, 2.80, 0.7175454906475573
No.720: 0.99, 1.01, 0.01, 0.26, 6.07, 7.40, 6.48, -5.00, 0.36, 2.80, 0.7175454906475573
No.721: 0.99, 1.01, 0.01, 0.26, 6.07, 7.40, 6.48, -5.00, 0.36, 2.80, 0.7175454906475573
No.722: 0.99, 1.01, 0.01, 0.26, 6.07, 7.40, 6.48, -5.00, 0.36, 2.80, 0.7175454906475573
No.723: 0.99, 1.01, 0.01, 0.26, 6.07, 7.40, 6.48, -5.00, 0.36, 2.80, 0.7175454906475573
No.724: 0.99, 1.01, 0.01, 0.26, 6.07, 7.40, 6.48, -5.00, 0.36, 2.80, 0.7175454906475573
No.725: 0.99, 1.01, 0.01, 0.26, 6.07, 7.40, 6.48, -5.00, 0.36, 2.80, 0.7175454906475573
No.726: 0.99, 1.01, 0.01, 0.26, 6.07, 7.40, 6.48, -5.00, 0.36, 2.80, 0.7175454906475573
No.727: 0.99, 1.01, 0.01, 0.26, 6.07, 7.40, 6.48, -5.00, 0.36, 2.80, 0.7175454906475573
No.728: 0.99, 1.01, 0.01, 0.26, 6.07, 7.40, 6.48, -5.00, 0.36, 2.80, 0.7175454906475573
No.729: 0.99, 1.01, 0.01, 0.26, 6.07, 7.40, 6.48, -5.00, 0.36, 2.80, 0.7175454906475573
No.730: 0.99, 1.01, 0.01, 0.26, 6.07, 7.40, 6.48, -5.00, 0.36, 2.80, 0.7175454906475573
No.731: 0.99, 1.01, 0.01, 0.26, 6.07, 7.40, 6.48, -5.00, 0.36, 2.80, 0.7175454906475573
No.732: 0.99, 1.01, 0.01, 0.26, 6.07, 7.40, 6.48, -5.00, 0.36, 2.80, 0.7175454906475573
No.733: 0.99, 1.01, 0.01, 0.26, 6.07, 7.40, 6.48, -5.00, 0.36, 2.80, 0.7175454906475573
No.734: 0.99, 1.01, 0.01, 0.26, 6.07, 7.40, 6.48, -5.00, 0.36, 2.80, 0.7175454906475573
No.735: 0.99, 1.01, 0.01, 0.26, 6.07, 7.40, 6.48, -5.00, 0.36, 2.80, 0.7175454906475573
No.736: 0.99, 1.01, 0.01, 0.26, 6.07, 7.40, 6.48, -5.00, 0.36, 2.80, 0.7175454906475573
No.737: 0.99, 1.01, 0.01, 0.26, 6.07, 7.40, 6.48, -5.00, 0.36, 2.80, 0.7175454906475573
No.738: 0.99, 1.01, 0.01, 0.26, 6.07, 7.40, 6.48, -5.00, 0.36, 2.80, 0.7175454906475573
No.739: 0.99, 1.01, 0.01, 0.26, 6.07, 7.40, 6.48, -5.00, 0.36, 2.80, 0.7175454906475573
No.740: 0.99, 1.01, 0.01, 0.26, 6.07, 7.40, 6.48, -5.00, 0.36, 2.80, 0.7175454906475573
No.741: 0.99, 1.01, 0.01, 0.26, 6.07, 7.40, 6.48, -5.00, 0.36, 2.80, 0.7175454906475573
No.742: 0.99, 1.01, 0.01, 0.26, 6.07, 7.40, 6.48, -5.00, 0.36, 2.80, 0.7175454906475573
No.743: 0.99, 1.01, 0.01, 0.26, 6.07, 7.40, 6.48, -5.00, 0.36, 2.80, 0.7175454906475573
No.744: 0.99, 1.01, 0.01, 0.26, 6.07, 7.40, 6.48, -5.00, 0.36, 2.80, 0.7175454906475573
No.745: 0.99, 1.01, 0.01, 0.26, 6.07, 7.40, 6.48, -5.00, 0.36, 2.80, 0.7175454906475573
No.746: 0.99, 1.01, 0.01, 0.26, 6.07, 7.40, 6.48, -5.00, 0.36, 2.80, 0.7175454906475573
No.747: 0.99, 1.01, 0.01, 0.26, 6.07, 7.40, 6.48, -5.00, 0.36, 2.80, 0.7175454906475573
No.748: 0.99, 1.01, 0.01, 0.26, 6.07, 7.40, 6.48, -5.00, 0.36, 2.80, 0.7175454906475573
No.749: 0.99, 1.01, 0.01, 0.26, 6.07, 7.40, 6.48, -5.00, 0.36, 2.80, 0.7175454906475573
No.750: 0.99, 1.01, 0.01, 0.26, 6.07, 7.40, 6.48, -5.00, 0.36, 2.80, 0.7175454906475573
No.751: 0.99, 1.01, 0.01, 0.26, 6.07, 7.40, 6.48, -5.00, 0.36, 2.80, 0.7175454906475573
No.752: 0.99, 1.01, 0.01, 0.26, 6.07, 7.40, 6.48, -5.00, 0.36, 2.80, 0.7175454906475573
No.753: 0.99, 1.01, 0.01, 0.26, 6.07, 7.40, 6.48, -5.00, 0.36, 2.80, 0.7175454906475573
No.754: 0.99, 1.01, 0.01, 0.26, 6.07, 7.40, 6.48, -5.00, 0.36, 2.80, 0.7175454906475573
No.755: 0.99, 1.01, 0.01, 0.26, 6.07, 7.40, 6.48, -5.00, 0.36, 2.80, 0.7175454906475573
No.756: 0.99, 1.01, 0.01, 0.26, 6.07, 7.40, 6.48, -5.00, 0.36, 2.80, 0.7175454906475573
No.757: 0.99, 1.01, 0.01, 0.26, 6.07, 7.40, 6.48, -5.00, 0.36, 2.80, 0.7175454906475573
No.758: 0.99, 1.01, 0.01, 0.26, 6.07, 7.40, 6.48, -5.00, 0.36, 2.80, 0.7175454906475573
No.759: 0.99, 1.01, 0.01, 0.26, 6.07, 7.40, 6.48, -5.00, 0.36, 2.80, 0.7175454906475573
No.760: 0.99, 1.01, 0.01, 0.26, 6.07, 7.40, 6.48, -5.00, 0.36, 2.80, 0.7175454906475573
No.761: 0.99, 1.01, 0.01, 0.26, 6.07, 7.40, 6.48, -5.00, 0.36, 2.80, 0.7175454906475573
No.762: 0.99, 1.01, 0.01, 0.26, 6.07, 7.40, 6.48, -5.00, 0.36, 2.80, 0.7175454906475573
No.763: 0.99, 1.01, 0.01, 0.26, 6.07, 7.40, 6.48, -5.00, 0.36, 2.80, 0.7175454906475573
No.764: 0.99, 1.01, 0.01, 0.26, 6.07, 7.40, 6.48, -5.00, 0.36, 2.80, 0.7175454906475573
No.765: 0.99, 1.01, 0.01, 0.26, 6.07, 7.40, 6.48, -5.00, 0.36, 2.80, 0.7175454906475573
No.766: 0.99, 1.01, 0.01, 0.26, 6.07, 7.40, 6.48, -5.00, 0.36, 2.80, 0.7175454906475573
No.767: 0.99, 1.01, 0.01, 0.26, 6.07, 7.40, 6.48, -5.00, 0.36, 2.80, 0.7175454906475573
No.768: 0.99, 1.01, 0.01, 0.26, 6.07, 7.40, 6.48, -5.00, 0.36, 2.80, 0.7175454906475573
No.769: 0.99, 1.01, 0.01, 0.26, 6.07, 7.40, 6.48, -5.00, 0.36, 2.80, 0.7175454906475573
No.770: 0.99, 1.01, 0.01, 0.26, 6.07, 7.40, 6.48, -5.00, 0.36, 2.80, 0.7175454906475573
No.771: 0.99, 1.01, 0.01, 0.26, 6.07, 7.40, 6.48, -5.00, 0.36, 2.80, 0.7175454906475573
No.772: 0.99, 1.01, 0.01, 0.26, 6.07, 7.40, 6.48, -5.00, 0.36, 2.80, 0.7175454906475573
No.773: 0.99, 1.01, 0.01, 0.26, 6.07, 7.40, 6.48, -5.00, 0.36, 2.80, 0.7175454906475573
No.774: 0.99, 1.01, 0.01, 0.26, 6.07, 7.40, 6.48, -5.00, 0.36, 2.80, 0.7175454906475573
No.775: 0.99, 1.01, 0.01, 0.26, 6.07, 7.40, 6.48, -5.00, 0.36, 2.80, 0.7175454906475573
No.776: 0.99, 1.01, 0.01, 0.26, 6.07, 7.40, 6.48, -5.00, 0.36, 2.80, 0.7175454906475573
No.777: 0.99, 1.01, 0.01, 0.26, 6.07, 7.40, 6.48, -5.00, 0.36, 2.80, 0.7175454906475573
No.778: 0.99, 1.01, 0.01, 0.26, 6.07, 7.40, 6.48, -5.00, 0.36, 2.80, 0.7175454906475573
No.779: 0.99, 1.01, 0.01, 0.26, 6.07, 7.40, 6.48, -5.00, 0.36, 2.80, 0.7175454906475573
No.780: 0.99, 1.01, 0.01, 0.26, 6.07, 7.40, 6.48, -5.00, 0.36, 2.80, 0.7175454906475573
No.781: 0.99, 1.01, 0.01, 0.26, 6.07, 7.40, 6.48, -5.00, 0.36, 2.80, 0.7175454906475573
No.782: 0.99, 1.01, 0.01, 0.26, 6.07, 7.40, 6.48, -5.00, 0.36, 2.80, 0.7175454906475573
No.783: 0.99, 1.01, 0.01, 0.26, 6.07, 7.40, 6.48, -5.00, 0.36, 2.80, 0.7175454906475573
No.784: 0.99, 1.01, 0.01, 0.26, 6.07, 7.40, 6.48, -5.00, 0.36, 2.80, 0.7175454906475573
No.785: 0.99, 1.01, 0.01, 0.26, 6.07, 7.40, 6.48, -5.00, 0.36, 2.80, 0.7175454906475573
No.786: 0.99, 1.01, 0.01, 0.26, 6.07, 7.40, 6.48, -5.00, 0.36, 2.80, 0.7175454906475573
No.787: 0.99, 1.01, 0.01, 0.26, 6.07, 7.40, 6.48, -5.00, 0.36, 2.80, 0.7175454906475573
No.788: 0.99, 1.01, 0.01, 0.26, 6.07, 7.40, 6.48, -5.00, 0.36, 2.80, 0.7175454906475573
No.789: 0.99, 1.01, 0.01, 0.26, 6.07, 7.40, 6.48, -5.00, 0.36, 2.80, 0.7175454906475573
No.790: 0.99, 1.01, 0.01, 0.26, 6.07, 7.40, 6.48, -5.00, 0.36, 2.80, 0.7175454906475573
No.791: 0.99, 1.01, 0.01, 0.26, 6.07, 7.40, 6.48, -5.00, 0.36, 2.80, 0.7175454906475573
No.792: 0.99, 1.01, 0.01, 0.26, 6.07, 7.40, 6.48, -5.00, 0.36, 2.80, 0.7175454906475573
No.793: 0.99, 1.01, 0.01, 0.26, 6.07, 7.40, 6.48, -5.00, 0.36, 2.80, 0.7175454906475573
No.794: 0.99, 1.01, 0.01, 0.26, 6.07, 7.40, 6.48, -5.00, 0.36, 2.80, 0.7175454906475573
No.795: 0.99, 1.01, 0.01, 0.26, 6.07, 7.40, 6.48, -5.00, 0.36, 2.80, 0.7175454906475573
No.796: 0.99, 1.01, 0.01, 0.26, 6.07, 7.40, 6.48, -5.00, 0.36, 2.80, 0.7175454906475573
No.797: 0.99, 1.01, 0.01, 0.26, 6.07, 7.40, 6.48, -5.00, 0.36, 2.80, 0.7175454906475573
No.798: 0.99, 1.01, 0.01, 0.26, 6.07, 7.40, 6.48, -5.00, 0.36, 2.80, 0.7175454906475573
No.799: 0.99, 1.01, 0.01, 0.26, 6.07, 7.40, 6.48, -5.00, 0.36, 2.80, 0.7175454906475573
No.800: 0.99, 1.01, 0.01, 0.26, 6.07, 7.40, 6.48, -5.00, 0.36, 2.80, 0.7175454906475573
No.801: 0.99, 1.01, 0.01, 0.26, 6.07, 7.40, 6.48, -5.00, 0.36, 2.80, 0.7175454906475573
No.802: 0.99, 1.01, 0.01, 0.26, 6.07, 7.40, 6.48, -5.00, 0.36, 2.80, 0.7175454906475573
No.803: 0.99, 1.01, 0.01, 0.26, 6.07, 7.40, 6.48, -5.00, 0.36, 2.80, 0.7175454906475573
No.804: 0.99, 1.01, 0.01, 0.26, 6.07, 7.40, 6.48, -5.00, 0.36, 2.80, 0.7175454906475573
No.805: 0.99, 1.01, 0.01, 0.26, 6.07, 7.40, 6.48, -5.00, 0.36, 2.80, 0.7175454906475573
No.806: 0.99, 1.01, 0.01, 0.26, 6.07, 7.40, 6.48, -5.00, 0.36, 2.80, 0.7175454906475573
No.807: 0.99, 1.01, 0.01, 0.26, 6.07, 7.40, 6.48, -5.00, 0.36, 2.80, 0.7175454906475573
No.808: 0.99, 1.01, 0.01, 0.26, 6.07, 7.40, 6.48, -5.00, 0.36, 2.80, 0.7175454906475573
No.809: 0.99, 1.01, 0.01, 0.26, 6.07, 7.40, 6.48, -5.00, 0.36, 2.80, 0.7175454906475573
No.810: 0.99, 1.01, 0.01, 0.26, 6.07, 7.40, 6.48, -5.00, 0.36, 2.80, 0.7175454906475573
No.811: 0.99, 1.01, 0.01, 0.26, 6.07, 7.40, 6.48, -5.00, 0.36, 2.80, 0.7175454906475573
No.812: 0.99, 1.01, 0.01, 0.26, 6.07, 7.40, 6.48, -5.00, 0.36, 2.80, 0.7175454906475573
No.813: 0.99, 1.01, 0.01, 0.26, 6.07, 7.40, 6.48, -5.00, 0.36, 2.80, 0.7175454906475573
No.814: 0.99, 1.01, 0.01, 0.26, 6.07, 7.40, 6.48, -5.00, 0.36, 2.80, 0.7175454906475573
No.815: 0.99, 1.01, 0.01, 0.26, 6.07, 7.40, 6.48, -5.00, 0.36, 2.80, 0.7175454906475573
No.816: 0.99, 1.01, 0.01, 0.26, 6.07, 7.40, 6.48, -5.00, 0.36, 2.80, 0.7175454906475573
No.817: 0.99, 1.01, 0.01, 0.26, 6.07, 7.40, 6.48, -5.00, 0.36, 2.80, 0.7175454906475573
No.818: 0.99, 1.01, 0.01, 0.26, 6.07, 7.40, 6.48, -5.00, 0.36, 2.80, 0.7175454906475573
No.819: 0.99, 1.01, 0.01, 0.26, 6.07, 7.40, 6.48, -5.00, 0.36, 2.80, 0.7175454906475573
No.820: 0.99, 1.01, 0.01, 0.26, 6.07, 7.40, 6.48, -5.00, 0.36, 2.80, 0.7175454906475573
No.821: 0.99, 1.01, 0.01, 0.26, 6.07, 7.40, 6.48, -5.00, 0.36, 2.80, 0.7175454906475573
No.822: 0.99, 1.01, 0.01, 0.26, 6.07, 7.40, 6.48, -5.00, 0.36, 2.80, 0.7175454906475573
No.823: 0.99, 1.01, 0.01, 0.26, 6.07, 7.40, 6.48, -5.00, 0.36, 2.80, 0.7175454906475573
No.824: 0.99, 1.01, 0.01, 0.26, 6.07, 7.40, 6.48, -5.00, 0.36, 2.80, 0.7175454906475573
No.825: 0.99, 1.01, 0.01, 0.26, 6.07, 7.40, 6.48, -5.00, 0.36, 2.80, 0.7175454906475573
No.826: 0.99, 1.01, 0.01, 0.26, 6.07, 7.40, 6.48, -5.00, 0.36, 2.80, 0.7175454906475573
No.827: 0.99, 1.01, 0.01, 0.26, 6.07, 7.40, 6.48, -5.00, 0.36, 2.80, 0.7175454906475573
No.828: 0.99, 1.01, 0.01, 0.26, 6.07, 7.40, 6.48, -5.00, 0.36, 2.80, 0.7175454906475573
No.829: 0.99, 1.01, 0.01, 0.26, 6.07, 7.40, 6.48, -5.00, 0.36, 2.80, 0.7175454906475573
No.830: 0.99, 1.01, 0.01, 0.26, 6.07, 7.40, 6.48, -5.00, 0.36, 2.80, 0.7175454906475573
No.831: 0.99, 1.01, 0.01, 0.26, 6.07, 7.40, 6.48, -5.00, 0.36, 2.80, 0.7175454906475573
No.832: 0.99, 1.01, 0.01, 0.26, 6.07, 7.40, 6.48, -5.00, 0.36, 2.80, 0.7175454906475573
No.833: 0.99, 1.01, 0.01, 0.26, 6.07, 7.40, 6.48, -5.00, 0.36, 2.80, 0.7175454906475573
No.834: 0.99, 1.01, 0.01, 0.26, 6.07, 7.40, 6.48, -5.00, 0.36, 2.80, 0.7175454906475573
No.835: 0.99, 1.01, 0.01, 0.26, 6.07, 7.40, 6.48, -5.00, 0.36, 2.80, 0.7175454906475573
No.836: 0.99, 1.01, 0.01, 0.26, 6.07, 7.40, 6.48, -5.00, 0.36, 2.80, 0.7175454906475573
No.837: 0.99, 1.01, 0.01, 0.26, 6.07, 7.40, 6.48, -5.00, 0.36, 2.80, 0.7175454906475573
No.838: 0.99, 1.01, 0.01, 0.26, 6.07, 7.40, 6.48, -5.00, 0.36, 2.80, 0.7175454906475573
No.839: 0.99, 1.01, 0.01, 0.26, 6.07, 7.40, 6.48, -5.00, 0.36, 2.80, 0.7175454906475573
No.840: 0.99, 1.01, 0.01, 0.26, 6.07, 7.40, 6.48, -5.00, 0.36, 2.80, 0.7175454906475573
No.841: 0.99, 1.01, 0.01, 0.26, 6.07, 7.40, 6.48, -5.00, 0.36, 2.80, 0.7175454906475573
No.842: 0.99, 1.01, 0.01, 0.26, 6.07, 7.40, 6.48, -5.00, 0.36, 2.80, 0.7175454906475573
No.843: 0.99, 1.01, 0.01, 0.26, 6.07, 7.40, 6.48, -5.00, 0.36, 2.80, 0.7175454906475573
No.844: 0.99, 1.01, 0.01, 0.26, 6.07, 7.40, 6.48, -5.00, 0.36, 2.80, 0.7175454906475573
No.845: 0.99, 1.01, 0.01, 0.26, 6.07, 7.40, 6.48, -5.00, 0.36, 2.80, 0.7175454906475573
No.846: 0.99, 1.01, 0.01, 0.26, 6.07, 7.40, 6.48, -5.00, 0.36, 2.80, 0.7175454906475573
No.847: 0.99, 1.01, 0.01, 0.26, 6.07, 7.40, 6.48, -5.00, 0.36, 2.80, 0.7175454906475573
No.848: 0.99, 1.01, 0.01, 0.26, 6.07, 7.40, 6.48, -5.00, 0.36, 2.80, 0.7175454906475573
No.849: 0.99, 1.01, 0.01, 0.26, 6.07, 7.40, 6.48, -5.00, 0.36, 2.80, 0.7175454906475573
No.850: 0.99, 1.01, 0.01, 0.26, 6.07, 7.40, 6.48, -5.00, 0.36, 2.80, 0.7175454906475573
No.851: 0.99, 1.01, 0.01, 0.26, 6.07, 7.40, 6.48, -5.00, 0.36, 2.80, 0.7175454906475573
No.852: 0.99, 1.01, 0.01, 0.26, 6.07, 7.40, 6.48, -5.00, 0.36, 2.80, 0.7175454906475573
No.853: 0.99, 1.01, 0.01, 0.26, 6.07, 7.40, 6.48, -5.00, 0.36, 2.80, 0.7175454906475573
No.854: 0.99, 1.01, 0.01, 0.26, 6.07, 7.40, 6.48, -5.00, 0.36, 2.80, 0.7175454906475573
No.855: 0.99, 1.01, 0.01, 0.26, 6.07, 7.40, 6.48, -5.00, 0.36, 2.80, 0.7175454906475573
No.856: 0.99, 1.01, 0.01, 0.26, 6.07, 7.40, 6.48, -5.00, 0.36, 2.80, 0.7175454906475573
No.857: 0.99, 1.01, 0.01, 0.26, 6.07, 7.40, 6.48, -5.00, 0.36, 2.80, 0.7175454906475573
No.858: 0.99, 1.01, 0.01, 0.26, 6.07, 7.40, 6.48, -5.00, 0.36, 2.80, 0.7175454906475573
No.859: 0.99, 1.01, 0.01, 0.26, 6.07, 7.40, 6.48, -5.00, 0.36, 2.80, 0.7175454906475573
No.860: 0.99, 1.01, 0.01, 0.26, 6.07, 7.40, 6.48, -5.00, 0.36, 2.80, 0.7175454906475573
No.861: 0.99, 1.01, 0.01, 0.26, 6.07, 7.40, 6.48, -5.00, 0.36, 2.80, 0.7175454906475573
No.862: 0.99, 1.01, 0.01, 0.26, 6.07, 7.40, 6.48, -5.00, 0.36, 2.80, 0.7175454906475573
No.863: 0.99, 1.01, 0.01, 0.26, 6.07, 7.40, 6.48, -5.00, 0.36, 2.80, 0.7175454906475573
No.864: 0.99, 1.01, 0.01, 0.26, 6.07, 7.40, 6.48, -5.00, 0.36, 2.80, 0.7175454906475573
No.865: 0.99, 1.01, 0.01, 0.26, 6.07, 7.40, 6.48, -5.00, 0.36, 2.80, 0.7175454906475573
No.866: 0.99, 1.01, 0.01, 0.26, 6.07, 7.40, 6.48, -5.00, 0.36, 2.80, 0.7175454906475573
No.867: 0.99, 1.01, 0.01, 0.26, 6.07, 7.40, 6.48, -5.00, 0.36, 2.80, 0.7175454906475573
No.868: 0.99, 1.01, 0.01, 0.26, 6.07, 7.40, 6.48, -5.00, 0.36, 2.80, 0.7175454906475573
No.869: 0.99, 1.01, 0.01, 0.26, 6.07, 7.40, 6.48, -5.00, 0.36, 2.80, 0.7175454906475573
No.870: 0.99, 1.01, 0.01, 0.26, 6.07, 7.40, 6.48, -5.00, 0.36, 2.80, 0.7175454906475573
No.871: 0.99, 1.01, 0.01, 0.26, 6.07, 7.40, 6.48, -5.00, 0.36, 2.80, 0.7175454906475573
No.872: 0.99, 1.01, 0.01, 0.26, 6.07, 7.40, 6.48, -5.00, 0.36, 2.80, 0.7175454906475573
No.873: 0.99, 1.01, 0.01, 0.26, 6.07, 7.40, 6.48, -5.00, 0.36, 2.80, 0.7175454906475573
No.874: 0.99, 1.01, 0.01, 0.26, 6.07, 7.40, 6.48, -5.00, 0.36, 2.80, 0.7175454906475573
No.875: 0.99, 1.01, 0.01, 0.26, 6.07, 7.40, 6.48, -5.00, 0.36, 2.80, 0.7175454906475573
No.876: 0.99, 1.01, 0.01, 0.26, 6.07, 7.40, 6.48, -5.00, 0.36, 2.80, 0.7175454906475573
No.877: 0.99, 1.01, 0.01, 0.26, 6.07, 7.40, 6.48, -5.00, 0.36, 2.80, 0.7175454906475573
No.878: 0.99, 1.01, 0.01, 0.26, 6.07, 7.40, 6.48, -5.00, 0.36, 2.80, 0.7175454906475573
No.879: 0.99, 1.01, 0.01, 0.26, 6.07, 7.40, 6.48, -5.00, 0.36, 2.80, 0.7175454906475573
No.880: 0.99, 1.01, 0.01, 0.26, 6.07, 7.40, 6.48, -5.00, 0.36, 2.80, 0.7175454906475573
No.881: 0.99, 1.01, 0.01, 0.26, 6.07, 7.40, 6.48, -5.00, 0.36, 2.80, 0.7175454906475573
No.882: 0.99, 1.01, 0.01, 0.26, 6.07, 7.40, 6.48, -5.00, 0.36, 2.80, 0.7175454906475573
No.883: 0.99, 1.01, 0.01, 0.26, 6.07, 7.40, 6.48, -5.00, 0.36, 2.80, 0.7175454906475573
No.884: 0.99, 1.01, 0.01, 0.26, 6.07, 7.40, 6.48, -5.00, 0.36, 2.80, 0.7175454906475573
No.885: 0.99, 1.01, 0.01, 0.26, 6.07, 7.40, 6.48, -5.00, 0.36, 2.80, 0.7175454906475573
No.886: 0.99, 1.01, 0.01, 0.26, 6.07, 7.40, 6.48, -5.00, 0.36, 2.80, 0.7175454906475573
No.887: 0.99, 1.01, 0.01, 0.26, 6.07, 7.40, 6.48, -5.00, 0.36, 2.80, 0.7175454906475573
No.888: 0.99, 1.01, 0.01, 0.26, 6.07, 7.40, 6.48, -5.00, 0.36, 2.80, 0.7175454906475573
No.889: 0.99, 1.01, 0.01, 0.26, 6.07, 7.40, 6.48, -5.00, 0.36, 2.80, 0.7175454906475573
No.890: 0.99, 1.01, 0.01, 0.26, 6.07, 7.40, 6.48, -5.00, 0.36, 2.80, 0.7175454906475573
No.891: 0.99, 1.01, 0.01, 0.26, 6.07, 7.40, 6.48, -5.00, 0.36, 2.80, 0.7175454906475573
No.892: 0.99, 1.01, 0.01, 0.26, 6.07, 7.40, 6.48, -5.00, 0.36, 2.80, 0.7175454906475573
No.893: 0.99, 1.01, 0.01, 0.26, 6.07, 7.40, 6.48, -5.00, 0.36, 2.80, 0.7175454906475573
No.894: 0.99, 1.01, 0.01, 0.26, 6.07, 7.40, 6.48, -5.00, 0.36, 2.80, 0.7175454906475573
No.895: 0.99, 1.01, 0.01, 0.26, 6.07, 7.40, 6.48, -5.00, 0.36, 2.80, 0.7175454906475573
No.896: 0.99, 1.01, 0.01, 0.26, 6.07, 7.40, 6.48, -5.00, 0.36, 2.80, 0.7175454906475573
No.897: 0.99, 1.01, 0.01, 0.26, 6.07, 7.40, 6.48, -5.00, 0.36, 2.80, 0.7175454906475573
No.898: 0.99, 1.01, 0.01, 0.26, 6.07, 7.40, 6.48, -5.00, 0.36, 2.80, 0.7175454906475573
No.899: 0.99, 1.01, 0.01, 0.26, 6.07, 7.40, 6.48, -5.00, 0.36, 2.80, 0.7175454906475573
No.900: 0.99, 1.01, 0.01, 0.26, 6.07, 7.40, 6.48, -5.00, 0.36, 2.80, 0.7175454906475573
No.901: 0.99, 1.01, 0.01, 0.26, 6.07, 7.40, 6.48, -5.00, 0.36, 2.80, 0.7175454906475573
No.902: 0.99, 1.01, 0.01, 0.26, 6.07, 7.40, 6.48, -5.00, 0.36, 2.80, 0.7175454906475573
No.903: 0.99, 1.01, 0.01, 0.26, 6.07, 7.40, 6.48, -5.00, 0.36, 2.80, 0.7175454906475573
No.904: 0.99, 1.01, 0.01, 0.26, 6.07, 7.40, 6.48, -5.00, 0.36, 2.80, 0.7175454906475573
No.905: 0.99, 1.01, 0.01, 0.26, 6.07, 7.40, 6.48, -5.00, 0.36, 2.80, 0.7175454906475573
No.906: 0.99, 1.01, 0.01, 0.26, 6.07, 7.40, 6.48, -5.00, 0.36, 2.80, 0.7175454906475573
No.907: 0.99, 1.01, 0.01, 0.26, 6.07, 7.40, 6.48, -5.00, 0.36, 2.80, 0.7175454906475573
No.908: 0.99, 1.01, 0.01, 0.26, 6.07, 7.40, 6.48, -5.00, 0.36, 2.80, 0.7175454906475573
No.909: 0.99, 1.01, 0.01, 0.26, 6.07, 7.40, 6.48, -5.00, 0.36, 2.80, 0.7175454906475573
No.910: 0.99, 1.01, 0.01, 0.26, 6.07, 7.40, 6.48, -5.00, 0.36, 2.80, 0.7175454906475573
No.911: 0.99, 1.01, 0.01, 0.26, 6.07, 7.40, 6.48, -5.00, 0.36, 2.80, 0.7175454906475573
No.912: 0.99, 1.01, 0.01, 0.26, 6.07, 7.40, 6.48, -5.00, 0.36, 2.80, 0.7175454906475573
No.913: 0.99, 1.01, 0.01, 0.26, 6.07, 7.40, 6.48, -5.00, 0.36, 2.80, 0.7175454906475573
No.914: 0.99, 1.01, 0.01, 0.26, 6.07, 7.40, 6.48, -5.00, 0.36, 2.80, 0.7175454906475573
No.915: 0.99, 1.01, 0.01, 0.26, 6.07, 7.40, 6.48, -5.00, 0.36, 2.80, 0.7175454906475573
No.916: 0.99, 1.01, 0.01, 0.26, 6.07, 7.40, 6.48, -5.00, 0.36, 2.80, 0.7175454906475573
No.917: 0.99, 1.01, 0.01, 0.26, 6.07, 7.40, 6.48, -5.00, 0.36, 2.80, 0.7175454906475573
No.918: 0.99, 1.01, 0.01, 0.26, 6.07, 7.40, 6.48, -5.00, 0.36, 2.80, 0.7175454906475573
No.919: 0.99, 1.01, 0.01, 0.26, 6.07, 7.40, 6.48, -5.00, 0.36, 2.80, 0.7175454906475573
No.920: 0.99, 1.01, 0.01, 0.26, 6.07, 7.40, 6.48, -5.00, 0.36, 2.80, 0.7175454906475573
No.921: 0.99, 1.01, 0.01, 0.26, 6.07, 7.40, 6.48, -5.00, 0.36, 2.80, 0.7175454906475573
No.922: 0.99, 1.01, 0.01, 0.26, 6.07, 7.40, 6.48, -5.00, 0.36, 2.80, 0.7175454906475573
No.923: 0.99, 1.01, 0.01, 0.26, 6.07, 7.40, 6.48, -5.00, 0.36, 2.80, 0.7175454906475573
No.114: 1.00, 1.00, 0.00, 0.26, 6.05, 7.36, 6.46, -5.01, 0.37, 2.80, 1005640.0788730896
No.211: 1.00, 1.01, 0.01, 0.26, 6.06, 7.45, 6.47, -4.99, 0.36, 2.80, 10115024.946306536
No.329: 0.99, 1.01, 0.01, 0.26, 6.07, 7.40, 6.49, -5.00, 0.36, 2.80, 1017957.386430275
No.344: 0.99, 1.01, 0.01, 0.26, 6.07, 7.40, 6.49, -5.00, 0.36, 2.80, 1017957.386430275
No.360: 0.99, 1.01, 0.01, 0.26, 6.07, 7.40, 6.49, -5.00, 0.36, 2.80, 1017957.386430275
No.380: 0.99, 1.01, 0.01, 0.26, 6.07, 7.40, 6.49, -5.00, 0.36, 2.80, 1017957.386430275
No.391: 0.99, 1.01, 0.01, 0.26, 6.07, 7.40, 6.49, -5.00, 0.36, 2.80, 1017957.386430275
No.409: 0.99, 1.01, 0.01, 0.26, 6.07, 7.40, 6.49, -5.00, 0.36, 2.80, 1017957.386430275
No.436: 0.99, 1.01, 0.01, 0.26, 6.07, 7.40, 6.49, -5.00, 0.36, 2.80, 1017957.386430275
No.13: 1.01, 1.01, 0.01, 0.26, 6.06, 7.47, 6.36, -4.82, 0.37, 2.80, 1023142.6544454867
No.152: 1.00, 1.01, 0.00, 0.26, 6.10, 7.47, 6.52, -5.00, 0.36, 2.80, 10240071.41434633
No.322: 0.99, 1.01, 0.01, 0.26, 6.08, 7.40, 6.47, -5.00, 0.36, 2.80, 1037907.2996998733
No.332: 0.99, 1.01, 0.01, 0.26, 6.08, 7.40, 6.47, -5.00, 0.36, 2.80, 1037907.2996998733
No.350: 0.99, 1.01, 0.01, 0.26, 6.08, 7.40, 6.47, -5.00, 0.36, 2.80, 1037907.2996998733
No.356: 0.99, 1.01, 0.01, 0.26, 6.08, 7.40, 6.47, -5.00, 0.36, 2.80, 1037907.2996998733
No.361: 0.99, 1.01, 0.01, 0.26, 6.08, 7.40, 6.47, -5.00, 0.36, 2.80, 1037907.2996998733
No.371: 0.99, 1.01, 0.01, 0.26, 6.08, 7.40, 6.47, -5.00, 0.36, 2.80, 1037907.2996998733
No.379: 0.99, 1.01, 0.01, 0.26, 6.08, 7.40, 6.47, -5.00, 0.36, 2.80, 1037907.2996998733
No.381: 0.99, 1.01, 0.01, 0.26, 6.08, 7.40, 6.47, -5.00, 0.36, 2.80, 1037907.2996998733
No.383: 0.99, 1.01, 0.01, 0.26, 6.08, 7.40, 6.47, -5.00, 0.36, 2.80, 1037907.2996998733
No.392: 0.99, 1.01, 0.01, 0.26, 6.08, 7.40, 6.47, -5.00, 0.36, 2.80, 1037907.2996998733
No.393: 0.99, 1.01, 0.01, 0.26, 6.08, 7.40, 6.47, -5.00, 0.36, 2.80, 1037907.2996998733
No.397: 0.99, 1.01, 0.01, 0.26, 6.08, 7.40, 6.47, -5.00, 0.36, 2.80, 1037907.2996998733
No.438: 0.99, 1.01, 0.01, 0.26, 6.08, 7.40, 6.47, -5.00, 0.36, 2.80, 1037907.2996998733
No.184: 0.99, 1.00, 0.01, 0.26, 6.06, 7.42, 6.53, -5.00, 0.36, 2.80, 1055045.2488183342
No.124: 1.00, 1.01, 0.01, 0.26, 6.05, 7.35, 6.43, -4.99, 0.37, 2.75, 1076411.5419182356
No.7: 1.00, 1.00, 0.01, 0.26, 6.00, 7.78, 6.30, -5.00, 0.36, 2.80, 107772.17869176736
No.146: 1.00, 1.01, 0.01, 0.26, 6.11, 7.30, 6.50, -5.00, 0.36, 2.80, 10825438.6303966
No.171: 0.99, 1.01, 0.01, 0.26, 6.12, 7.38, 6.43, -5.00, 0.36, 2.80, 10829402.547011958
No.130: 1.00, 1.01, 0.01, 0.26, 6.08, 7.29, 6.47, -5.02, 0.36, 2.80, 110014.2124293944
No.358: 1.00, 1.01, 0.01, 0.26, 6.08, 7.40, 6.48, -5.00, 0.36, 2.80, 11092965.108663041
No.36: 1.02, 0.97, 0.00, 0.26, 6.02, 7.57, 6.45, -4.94, 0.37, 2.77, 111310.52216425317
No.20: 1.02, 1.02, 0.01, 0.26, 6.07, 7.49, 6.37, -4.96, 0.37, 2.71, 11200895.59957378
No.225: 1.00, 1.01, 0.01, 0.26, 6.07, 7.38, 6.47, -4.99, 0.37, 2.80, 1123913.208640372
No.206: 1.00, 1.01, 0.00, 0.26, 6.05, 7.45, 6.47, -4.99, 0.36, 2.80, 1126.7048375338036
No.258: 0.99, 1.01, 0.01, 0.26, 6.10, 7.40, 6.47, -5.00, 0.36, 2.80, 1162.6737819083385
No.426: 1.00, 1.01, 0.01, 0.26, 6.07, 7.39, 6.49, -5.00, 0.36, 2.80, 1171400.2410373443
No.144: 1.00, 1.02, 0.01, 0.26, 6.07, 7.42, 6.42, -5.01, 0.37, 2.79, 1173573.5064140903
No.66: 1.00, 1.00, 0.01, 0.26, 6.06, 7.46, 6.38, -5.02, 0.37, 2.78, 1179535.9343709918
No.131: 1.00, 1.00, 0.01, 0.26, 6.09, 7.33, 6.49, -5.02, 0.37, 2.80, 1179670.0837467876
No.55: 1.01, 1.01, 0.01, 0.26, 6.06, 7.47, 6.38, -4.97, 0.37, 2.71, 1182030.7838654576
No.249: 1.00, 1.01, 0.01, 0.26, 6.07, 7.38, 6.47, -5.00, 0.36, 2.80, 1187556.9894273495
No.259: 1.00, 1.01, 0.01, 0.26, 6.07, 7.38, 6.47, -5.00, 0.36, 2.80, 1187556.9894273495
No.138: 1.00, 1.01, 0.00, 0.26, 6.09, 7.39, 6.50, -5.01, 0.36, 2.80, 1217078.3028791072
No.165: 1.00, 1.01, 0.00, 0.26, 6.09, 7.39, 6.50, -5.01, 0.36, 2.80, 1217078.3028791072
No.10: 1.00, 1.00, 0.01, 0.26, 6.00, 7.41, 6.30, -5.00, 0.38, 2.80, 1218303.711870914
No.26: 1.00, 1.00, 0.01, 0.26, 6.00, 7.41, 6.30, -5.00, 0.38, 2.80, 1218303.711870914
No.48: 1.00, 1.00, 0.01, 0.26, 6.00, 7.41, 6.30, -5.00, 0.38, 2.80, 1218303.711870914
No.178: 1.00, 1.00, 0.01, 0.26, 6.08, 7.37, 6.53, -4.99, 0.36, 2.80, 1259747.382357904
No.193: 1.00, 1.00, 0.01, 0.26, 6.08, 7.37, 6.53, -4.99, 0.36, 2.80, 1259747.382357904
No.77: 1.00, 1.00, 0.01, 0.27, 6.00, 7.41, 6.35, -5.00, 0.36, 2.80, 1269623.813150542
No.147: 1.00, 1.01, 0.01, 0.26, 6.04, 7.35, 6.43, -5.00, 0.37, 2.80, 1272417.2348161193
No.292: 0.99, 1.01, 0.01, 0.26, 6.08, 7.40, 6.48, -5.00, 0.36, 2.80, 1275105.9019481903
No.336: 0.99, 1.01, 0.01, 0.26, 6.08, 7.40, 6.48, -5.00, 0.36, 2.80, 1275105.9019481903
No.345: 0.99, 1.01, 0.01, 0.26, 6.08, 7.40, 6.48, -5.00, 0.36, 2.80, 1275105.9019481903
No.346: 0.99, 1.01, 0.01, 0.26, 6.08, 7.40, 6.48, -5.00, 0.36, 2.80, 1275105.9019481903
No.362: 0.99, 1.01, 0.01, 0.26, 6.08, 7.40, 6.48, -5.00, 0.36, 2.80, 1275105.9019481903
No.363: 0.99, 1.01, 0.01, 0.26, 6.08, 7.40, 6.48, -5.00, 0.36, 2.80, 1275105.9019481903
No.411: 0.99, 1.01, 0.01, 0.26, 6.08, 7.40, 6.48, -5.00, 0.36, 2.80, 1275105.9019481903
No.424: 0.99, 1.01, 0.01, 0.26, 6.08, 7.40, 6.48, -5.00, 0.36, 2.80, 1275105.9019481903
No.278: 1.00, 1.01, 0.01, 0.26, 6.07, 7.38, 6.48, -5.00, 0.36, 2.80, 12792.15514176369
No.70: 1.02, 0.98, 0.01, 0.26, 6.04, 7.56, 6.46, -4.97, 0.37, 2.76, 1291704.307896863
No.187: 1.00, 1.01, 0.01, 0.26, 6.04, 7.39, 6.51, -5.00, 0.36, 2.80, 12994754.53761262
No.174: 1.00, 1.01, 0.01, 0.26, 6.10, 7.35, 6.50, -4.99, 0.36, 2.80, 1303266.9962074275
No.194: 1.00, 1.01, 0.01, 0.26, 6.10, 7.35, 6.50, -4.99, 0.36, 2.80, 1303266.9962074275
No.321: 0.99, 1.01, 0.01, 0.26, 6.08, 7.38, 6.48, -5.00, 0.36, 2.80, 1311985.252342841
No.323: 0.99, 1.01, 0.01, 0.26, 6.08, 7.38, 6.48, -5.00, 0.36, 2.80, 1311985.252342841
No.333: 0.99, 1.01, 0.01, 0.26, 6.08, 7.38, 6.48, -5.00, 0.36, 2.80, 1311985.252342841
No.334: 0.99, 1.01, 0.01, 0.26, 6.08, 7.38, 6.48, -5.00, 0.36, 2.80, 1311985.252342841
No.5: 1.00, 1.00, 0.01, 0.27, 6.00, 7.41, 6.30, -5.00, 0.36, 2.80, 13214.231681928282
No.236: 1.00, 1.01, 0.01, 0.26, 6.08, 7.36, 6.53, -4.98, 0.36, 2.80, 1329100.1701048377
No.156: 0.99, 1.00, 0.01, 0.26, 6.06, 7.44, 6.44, -5.01, 0.36, 2.80, 1350697.8320562951
No.186: 1.00, 1.00, 0.01, 0.26, 6.12, 7.42, 6.47, -4.99, 0.36, 2.80, 13587637.298642362
No.63: 1.01, 1.01, 0.01, 0.26, 6.02, 7.46, 6.38, -4.93, 0.37, 2.80, 13639891.670487745
No.143: 1.00, 1.01, 0.00, 0.26, 6.07, 7.35, 6.46, -4.98, 0.36, 2.80, 1380281.6956883525
No.284: 1.00, 1.01, 0.01, 0.26, 6.07, 7.39, 6.48, -5.00, 0.36, 2.80, 1392037.1436163057
No.303: 1.00, 1.01, 0.01, 0.26, 6.07, 7.39, 6.48, -5.00, 0.36, 2.80, 1392037.1436163057
No.315: 1.00, 1.01, 0.01, 0.26, 6.07, 7.39, 6.48, -5.00, 0.36, 2.80, 1392037.1436163057
No.325: 1.00, 1.01, 0.01, 0.26, 6.07, 7.39, 6.48, -5.00, 0.36, 2.80, 1392037.1436163057
No.335: 1.00, 1.01, 0.01, 0.26, 6.07, 7.39, 6.48, -5.00, 0.36, 2.80, 1392037.1436163057
No.440: 1.00, 1.01, 0.01, 0.26, 6.07, 7.39, 6.48, -5.00, 0.36, 2.80, 1392037.1436163057
No.207: 1.00, 1.01, 0.01, 0.26, 6.10, 7.38, 6.49, -4.99, 0.36, 2.80, 1395726.0094102493
No.82: 1.01, 1.02, 0.01, 0.26, 6.06, 7.44, 6.39, -4.96, 0.36, 2.80, 1403136.3605657571
No.306: 0.99, 1.01, 0.01, 0.26, 6.08, 7.41, 6.47, -5.00, 0.36, 2.80, 1405667.2486307663
No.316: 0.99, 1.01, 0.01, 0.26, 6.08, 7.41, 6.47, -5.00, 0.36, 2.80, 1405667.2486307663
No.337: 0.99, 1.01, 0.01, 0.26, 6.08, 7.41, 6.47, -5.00, 0.36, 2.80, 1405667.2486307663
No.351: 0.99, 1.01, 0.01, 0.26, 6.08, 7.41, 6.47, -5.00, 0.36, 2.80, 1405667.2486307663
No.354: 0.99, 1.01, 0.01, 0.26, 6.08, 7.41, 6.47, -5.00, 0.36, 2.80, 1405667.2486307663
No.364: 0.99, 1.01, 0.01, 0.26, 6.08, 7.41, 6.47, -5.00, 0.36, 2.80, 1405667.2486307663
No.265: 1.00, 1.01, 0.01, 0.26, 6.09, 7.39, 6.48, -5.00, 0.36, 2.80, 1413.5471232628322
No.282: 1.00, 1.01, 0.01, 0.26, 6.09, 7.39, 6.48, -5.00, 0.36, 2.80, 1413.5471232628322
No.297: 1.00, 1.01, 0.01, 0.26, 6.09, 7.39, 6.48, -5.00, 0.36, 2.80, 1413.5471232628322
No.311: 1.00, 1.01, 0.01, 0.26, 6.09, 7.39, 6.48, -5.00, 0.36, 2.80, 1413.5471232628322
No.328: 1.00, 1.01, 0.01, 0.26, 6.09, 7.39, 6.48, -5.00, 0.36, 2.80, 1413.5471232628322
No.291: 0.99, 1.01, 0.01, 0.26, 6.08, 7.39, 6.48, -5.00, 0.36, 2.80, 1413984.6981321466
No.304: 0.99, 1.01, 0.01, 0.26, 6.08, 7.39, 6.48, -5.00, 0.36, 2.80, 1413984.6981321466
No.317: 0.99, 1.01, 0.01, 0.26, 6.08, 7.39, 6.48, -5.00, 0.36, 2.80, 1413984.6981321466
No.338: 0.99, 1.01, 0.01, 0.26, 6.08, 7.39, 6.48, -5.00, 0.36, 2.80, 1413984.6981321466
No.347: 0.99, 1.01, 0.01, 0.26, 6.08, 7.39, 6.48, -5.00, 0.36, 2.80, 1413984.6981321466
No.348: 0.99, 1.01, 0.01, 0.26, 6.08, 7.39, 6.48, -5.00, 0.36, 2.80, 1413984.6981321466
No.353: 0.99, 1.01, 0.01, 0.26, 6.08, 7.39, 6.48, -5.00, 0.36, 2.80, 1413984.6981321466
No.255: 0.99, 1.01, 0.01, 0.26, 6.08, 7.37, 6.49, -5.00, 0.36, 2.80, 141503.4879578299
No.286: 0.99, 1.01, 0.01, 0.26, 6.08, 7.37, 6.49, -5.00, 0.36, 2.80, 141503.4879578299
No.125: 1.00, 1.01, 0.01, 0.26, 6.05, 7.41, 6.44, -4.98, 0.36, 2.80, 1417466.2261878015
No.266: 1.00, 1.01, 0.01, 0.26, 6.09, 7.37, 6.50, -5.00, 0.36, 2.80, 1423925.7575757008
No.285: 1.00, 1.01, 0.01, 0.26, 6.09, 7.39, 6.49, -5.00, 0.36, 2.80, 1449929.3600390395
No.183: 1.00, 1.01, 0.01, 0.26, 6.05, 7.43, 6.50, -4.99, 0.36, 2.80, 1470383.5180705562
No.280: 0.99, 1.01, 0.01, 0.26, 6.09, 7.39, 6.47, -5.00, 0.36, 2.80, 1504046.2043031743
No.27: 1.00, 1.05, 0.01, 0.26, 6.00, 7.41, 6.30, -5.00, 0.36, 2.80, 1506513.5846705188
No.3: 1.00, 1.05, 0.01, 0.26, 6.00, 7.41, 6.30, -5.00, 0.36, 2.80, 1506513.5846705188
No.201: 0.99, 1.01, 0.01, 0.26, 6.10, 7.31, 6.50, -5.01, 0.36, 2.80, 1525113.4927509516
No.78: 1.00, 1.01, 0.01, 0.26, 6.12, 7.54, 6.47, -5.00, 0.36, 2.76, 154832.34046698044
No.129: 1.00, 1.01, 0.01, 0.26, 6.08, 7.38, 6.50, -4.99, 0.36, 2.79, 156.49892980341875
No.136: 1.00, 1.01, 0.00, 0.26, 6.12, 7.39, 6.53, -5.01, 0.36, 2.79, 1637882.8930205996
No.267: 0.99, 1.01, 0.01, 0.26, 6.08, 7.40, 6.49, -5.00, 0.36, 2.80, 1637920.1817773934
No.34: 1.01, 1.01, 0.01, 0.26, 6.04, 7.47, 6.36, -4.88, 0.37, 2.80, 1759467.4609457504
No.274: 1.00, 1.01, 0.01, 0.26, 6.09, 7.37, 6.49, -4.99, 0.36, 2.80, 176851.39651338095
No.65: 0.99, 1.03, 0.00, 0.26, 6.10, 7.42, 6.34, -5.02, 0.37, 2.79, 1773019.2758820911
No.113: 1.00, 1.01, 0.01, 0.26, 6.05, 7.41, 6.42, -4.98, 0.36, 2.80, 1775680.82446505
No.16: 1.02, 1.02, 0.00, 0.26, 6.11, 7.53, 6.41, -4.94, 0.37, 2.78, 1786722.0863199779
No.49: 1.01, 0.99, 0.00, 0.26, 6.25, 7.44, 6.33, -5.00, 0.37, 2.79, 1827544.2354653599
No.33: 1.01, 1.02, 0.00, 0.26, 5.98, 7.50, 6.38, -5.07, 0.37, 2.76, 1829008.2243968486
No.118: 1.00, 1.01, 0.01, 0.26, 6.05, 7.47, 6.45, -4.97, 0.37, 2.79, 1831851.1036299772
No.43: 1.00, 1.00, 0.01, 0.26, 6.00, 7.70, 6.30, -5.00, 0.36, 2.80, 1836393.783472713
No.199: 1.00, 1.01, 0.01, 0.26, 6.05, 7.39, 6.51, -5.00, 0.36, 2.80, 183792.97383279298
No.28: 1.02, 1.02, 0.00, 0.26, 6.10, 7.52, 6.40, -4.95, 0.37, 2.78, 184914.13624670135
No.240: 0.99, 1.01, 0.01, 0.26, 6.07, 7.40, 6.47, -5.00, 0.36, 2.80, 1853690.3761439745
No.343: 0.99, 1.01, 0.01, 0.26, 6.07, 7.40, 6.47, -5.00, 0.36, 2.80, 1853690.3761439745
No.407: 0.99, 1.01, 0.01, 0.26, 6.07, 7.40, 6.47, -5.00, 0.36, 2.80, 1853690.3761439745
No.420: 0.99, 1.01, 0.01, 0.26, 6.07, 7.40, 6.47, -5.00, 0.36, 2.80, 1853690.3761439745
No.442: 0.99, 1.01, 0.01, 0.26, 6.07, 7.40, 6.47, -5.00, 0.36, 2.80, 1853690.3761439745
No.454: 0.99, 1.01, 0.01, 0.26, 6.07, 7.40, 6.47, -5.00, 0.36, 2.80, 1853690.3761439745
No.22: 1.00, 1.00, 0.01, 0.26, 6.00, 7.74, 6.30, -5.00, 0.36, 2.80, 186121.5512651116
No.108: 1.00, 1.02, 0.00, 0.26, 6.07, 7.46, 6.49, -4.98, 0.36, 2.75, 18643821.728467837
No.37: 1.03, 1.01, 0.00, 0.26, 6.02, 7.61, 6.48, -4.93, 0.36, 2.76, 1867508.1358500104
No.180: 0.99, 1.00, 0.01, 0.26, 6.06, 7.43, 6.45, -5.01, 0.36, 2.80, 187309.7707996782
No.191: 0.99, 1.00, 0.01, 0.26, 6.06, 7.43, 6.45, -5.01, 0.36, 2.80, 187309.7707996782
No.272: 0.99, 1.01, 0.01, 0.26, 6.10, 7.36, 6.48, -5.01, 0.36, 2.80, 1881336.8137314238
No.88: 1.00, 1.01, 0.01, 0.26, 6.14, 7.26, 6.48, -5.00, 0.36, 2.80, 1904383.5234377577
No.71: 1.02, 0.99, 0.01, 0.26, 6.05, 7.54, 6.44, -4.98, 0.37, 2.77, 1922537.4254837276
No.107: 1.00, 1.02, 0.01, 0.26, 6.05, 7.42, 6.41, -4.98, 0.36, 2.80, 1928279.9064455528
No.6: 1.00, 1.00, 0.01, 0.26, 6.31, 7.41, 6.30, -5.00, 0.36, 2.80, 1932332.9625596642
No.367: 1.00, 1.01, 0.01, 0.26, 6.07, 7.40, 6.48, -5.00, 0.36, 2.80, 19522.46584071869
No.376: 1.00, 1.01, 0.01, 0.26, 6.07, 7.40, 6.48, -5.00, 0.36, 2.80, 19522.46584071869
No.388: 1.00, 1.01, 0.01, 0.26, 6.07, 7.40, 6.48, -5.00, 0.36, 2.80, 19522.46584071869
No.403: 1.00, 1.01, 0.01, 0.26, 6.07, 7.40, 6.48, -5.00, 0.36, 2.80, 19522.46584071869
No.423: 1.00, 1.01, 0.01, 0.26, 6.07, 7.40, 6.48, -5.00, 0.36, 2.80, 19522.46584071869
No.435: 1.00, 1.01, 0.01, 0.26, 6.07, 7.40, 6.48, -5.00, 0.36, 2.80, 19522.46584071869
No.443: 1.00, 1.01, 0.01, 0.26, 6.07, 7.40, 6.48, -5.00, 0.36, 2.80, 19522.46584071869
No.453: 1.00, 1.01, 0.01, 0.26, 6.07, 7.40, 6.48, -5.00, 0.36, 2.80, 19522.46584071869
No.455: 1.00, 1.01, 0.01, 0.26, 6.07, 7.40, 6.48, -5.00, 0.36, 2.80, 19522.46584071869
No.465: 1.00, 1.01, 0.01, 0.26, 6.07, 7.40, 6.48, -5.00, 0.36, 2.80, 19522.46584071869
No.142: 1.00, 1.01, 0.01, 0.26, 6.08, 7.30, 6.47, -5.02, 0.36, 2.80, 1974838.260152841
No.103: 1.00, 1.01, 0.00, 0.26, 6.08, 7.34, 6.44, -4.97, 0.36, 2.80, 20566.57978817037
No.370: 0.99, 1.01, 0.01, 0.26, 6.06, 7.41, 6.48, -5.01, 0.36, 2.80, 2068697.0496894603
No.47: 1.01, 1.01, 0.01, 0.26, 6.03, 7.47, 6.36, -4.92, 0.37, 2.80, 2101766.6900383704
No.170: 1.00, 1.01, 0.01, 0.26, 6.02, 7.38, 6.51, -5.00, 0.36, 2.80, 2111130.5200932566
No.14: 1.02, 1.02, 0.01, 0.26, 6.08, 7.49, 6.38, -4.96, 0.37, 2.67, 2113616.0694316705
No.68: 1.02, 1.01, 0.01, 0.26, 6.08, 7.45, 6.37, -5.03, 0.36, 2.78, 2121563.8097789343
No.209: 0.99, 1.01, 0.01, 0.26, 6.09, 7.37, 6.45, -5.01, 0.36, 2.80, 2162026.882726377
No.105: 1.00, 1.02, 0.01, 0.26, 5.97, 7.36, 6.46, -4.99, 0.36, 2.80, 2163587.815107897
No.382: 0.99, 1.01, 0.01, 0.26, 6.06, 7.40, 6.48, -5.01, 0.36, 2.80, 2169288.685592914
No.50: 0.99, 1.00, 0.00, 0.26, 6.09, 7.55, 6.43, -4.96, 0.37, 2.77, 2172767.189455863
No.154: 1.00, 1.01, 0.01, 0.26, 6.03, 7.43, 6.43, -4.98, 0.37, 2.76, 2201235.7281361264
No.162: 1.00, 1.01, 0.01, 0.26, 6.02, 7.40, 6.55, -4.99, 0.36, 2.80, 2206494.091663063
No.2: 1.05, 1.00, 0.01, 0.26, 6.00, 7.41, 6.30, -5.00, 0.36, 2.80, 2275871.905604039
No.155: 1.00, 1.01, 0.00, 0.26, 6.08, 7.39, 6.49, -5.01, 0.36, 2.80, 2303888.061811727
No.349: 0.99, 1.01, 0.01, 0.26, 6.08, 7.39, 6.49, -5.00, 0.36, 2.80, 2323684.2026517848
No.220: 1.00, 1.01, 0.01, 0.26, 6.06, 7.42, 6.50, -4.99, 0.36, 2.80, 2324093.757763376
No.237: 1.00, 1.01, 0.01, 0.26, 6.06, 7.42, 6.50, -4.99, 0.36, 2.80, 2324093.757763376
No.241: 1.00, 1.01, 0.01, 0.26, 6.06, 7.42, 6.50, -4.99, 0.36, 2.80, 2324093.757763376
No.251: 1.00, 1.01, 0.01, 0.26, 6.06, 7.42, 6.50, -4.99, 0.36, 2.80, 2324093.757763376
No.175: 1.00, 1.01, 0.00, 0.26, 6.06, 7.47, 6.47, -4.98, 0.37, 2.80, 2331699.3738638577
No.93: 1.00, 1.01, 0.01, 0.26, 6.05, 7.48, 6.44, -4.97, 0.37, 2.79, 233556.42307864968
No.238: 0.99, 1.01, 0.01, 0.26, 6.09, 7.36, 6.49, -5.00, 0.36, 2.80, 2341242.4307212243
No.69: 1.01, 1.01, 0.01, 0.26, 6.08, 7.46, 6.38, -5.02, 0.36, 2.78, 23429.447607505943
No.181: 1.00, 1.01, 0.01, 0.26, 6.03, 7.38, 6.51, -5.00, 0.36, 2.80, 2344027.4746093024
No.11: 1.00, 1.00, 0.01, 0.26, 6.00, 7.41, 6.30, -5.00, 0.36, 2.80, 2372314.0254408126
No.1: 1.00, 1.00, 0.01, 0.26, 6.00, 7.41, 6.30, -5.00, 0.36, 2.80, 2372314.0254408126
No.4: 1.00, 1.00, 0.01, 0.26, 6.00, 7.41, 6.30, -5.00, 0.36, 2.80, 2372314.0254408126
No.110: 1.01, 1.00, 0.00, 0.26, 6.14, 7.42, 6.41, -5.00, 0.37, 2.80, 2388174.2574470094
No.101: 1.00, 1.00, 0.01, 0.26, 6.03, 7.33, 6.39, -5.00, 0.37, 2.80, 2474253.124671536
No.205: 1.00, 1.00, 0.01, 0.26, 6.08, 7.38, 6.52, -4.99, 0.36, 2.80, 247475.01050272817
No.85: 1.00, 1.01, 0.01, 0.26, 6.06, 7.49, 6.42, -4.96, 0.37, 2.79, 252793.9681303616
No.217: 1.00, 1.00, 0.01, 0.26, 6.08, 7.38, 6.51, -4.99, 0.36, 2.80, 2551558.6893823124
No.231: 1.00, 1.00, 0.01, 0.26, 6.08, 7.38, 6.51, -4.99, 0.36, 2.80, 2551558.6893823124
No.75: 1.00, 1.00, 0.01, 0.26, 6.00, 7.65, 6.35, -5.00, 0.36, 2.80, 2607590.36966153
No.168: 1.00, 1.01, 0.01, 0.26, 6.11, 7.35, 6.50, -4.99, 0.36, 2.80, 260993.3041458318
No.210: 1.00, 1.01, 0.01, 0.26, 6.06, 7.41, 6.50, -4.99, 0.36, 2.80, 2623462.1455321005
No.230: 1.00, 1.01, 0.01, 0.26, 6.06, 7.41, 6.50, -4.99, 0.36, 2.80, 2623462.1455321005
No.242: 1.00, 1.01, 0.01, 0.26, 6.06, 7.41, 6.50, -4.99, 0.36, 2.80, 2623462.1455321005
No.260: 1.00, 1.01, 0.01, 0.26, 6.06, 7.41, 6.50, -4.99, 0.36, 2.80, 2623462.1455321005
No.219: 1.00, 1.01, 0.00, 0.26, 6.09, 7.37, 6.46, -4.99, 0.36, 2.80, 2668689.120201212
No.222: 1.00, 1.01, 0.01, 0.26, 6.09, 7.36, 6.49, -5.00, 0.36, 2.80, 2674478.7682866114
No.233: 1.00, 1.01, 0.01, 0.26, 6.09, 7.36, 6.49, -5.00, 0.36, 2.80, 2674478.7682866114
No.208: 1.00, 1.01, 0.01, 0.26, 6.06, 7.41, 6.48, -5.00, 0.36, 2.80, 269745.5528078709
No.218: 1.00, 1.01, 0.01, 0.26, 6.06, 7.41, 6.48, -5.00, 0.36, 2.80, 269745.5528078709
No.226: 1.00, 1.01, 0.01, 0.26, 6.06, 7.41, 6.48, -5.00, 0.36, 2.80, 269745.5528078709
No.182: 1.00, 1.01, 0.01, 0.26, 6.03, 7.40, 6.54, -4.99, 0.36, 2.80, 2739825.6724815937
No.87: 0.99, 1.00, 0.01, 0.26, 6.06, 7.46, 6.40, -5.03, 0.36, 2.80, 27560.173747194527
No.277: 0.99, 1.01, 0.01, 0.26, 6.10, 7.38, 6.50, -5.00, 0.36, 2.80, 2794861.1639503306
No.134: 1.00, 1.01, 0.01, 0.26, 6.06, 7.41, 6.46, -4.99, 0.36, 2.80, 2814425.621978563
No.313: 0.99, 1.01, 0.01, 0.26, 6.09, 7.38, 6.48, -5.00, 0.36, 2.80, 2821331.0713030207
No.196: 1.00, 1.01, 0.00, 0.26, 6.06, 7.46, 6.48, -4.98, 0.37, 2.80, 2834684.9438078264
No.275: 1.00, 1.01, 0.01, 0.26, 6.07, 7.39, 6.47, -5.00, 0.36, 2.80, 2853638.4656133847
No.89: 1.00, 1.01, 0.01, 0.26, 6.12, 7.32, 6.46, -5.00, 0.36, 2.80, 2861158.930763455
No.341: 1.00, 1.01, 0.01, 0.26, 6.08, 7.39, 6.48, -5.00, 0.36, 2.80, 288265.9400649706
No.38: 1.01, 1.01, 0.00, 0.26, 6.01, 7.44, 6.33, -4.99, 0.38, 2.80, 2883921.531832548
No.44: 1.01, 1.01, 0.01, 0.26, 6.06, 7.48, 6.36, -4.97, 0.37, 2.70, 289462.7001485038
No.98: 1.01, 1.02, 0.01, 0.26, 6.06, 7.44, 6.40, -4.97, 0.36, 2.80, 2903015.6113127926
No.295: 1.00, 1.01, 0.01, 0.26, 6.08, 7.39, 6.49, -5.00, 0.36, 2.80, 2914598.517546052
No.305: 1.00, 1.01, 0.01, 0.26, 6.08, 7.39, 6.49, -5.00, 0.36, 2.80, 2914598.517546052
No.308: 1.00, 1.01, 0.01, 0.26, 6.08, 7.39, 6.49, -5.00, 0.36, 2.80, 2914598.517546052
No.318: 1.00, 1.01, 0.01, 0.26, 6.08, 7.39, 6.49, -5.00, 0.36, 2.80, 2914598.517546052
No.121: 0.99, 1.00, 0.01, 0.26, 6.05, 7.45, 6.43, -5.02, 0.36, 2.80, 29206.8686158664
No.257: 1.00, 1.01, 0.01, 0.26, 6.08, 7.37, 6.52, -4.99, 0.36, 2.80, 2966590.0197487567
No.104: 0.99, 1.02, 0.01, 0.26, 5.93, 7.35, 6.47, -4.99, 0.36, 2.80, 2974271.021738581
No.72: 1.02, 1.02, 0.00, 0.26, 6.07, 7.49, 6.42, -4.96, 0.37, 2.79, 3004011.3719982086
No.97: 1.00, 1.00, 0.01, 0.26, 6.00, 7.41, 6.37, -5.00, 0.36, 2.80, 305786.17585787945
No.150: 0.99, 1.00, 0.01, 0.25, 6.05, 7.46, 6.48, -5.02, 0.37, 2.80, 3085388.544860596
No.158: 1.00, 1.01, 0.01, 0.26, 6.12, 7.40, 6.47, -4.99, 0.36, 2.79, 3121096.1479739184
No.56: 1.00, 1.00, 0.00, 0.26, 6.07, 7.52, 6.42, -4.97, 0.37, 2.78, 3156073.4245892162
No.244: 0.99, 1.01, 0.01, 0.26, 6.06, 7.40, 6.51, -5.00, 0.36, 2.80, 3157823.728760684
No.261: 0.99, 1.01, 0.01, 0.26, 6.06, 7.40, 6.51, -5.00, 0.36, 2.80, 3157823.728760684
No.192: 0.99, 1.00, 0.01, 0.26, 6.06, 7.42, 6.52, -5.00, 0.36, 2.80, 3208522.794460798
No.53: 1.01, 1.01, 0.00, 0.26, 6.04, 7.47, 6.36, -4.94, 0.37, 2.80, 3304132.596032126
No.405: 0.99, 1.01, 0.01, 0.26, 6.07, 7.41, 6.48, -5.00, 0.36, 2.80, 333479.0239739171
No.421: 0.99, 1.01, 0.01, 0.26, 6.07, 7.41, 6.48, -5.00, 0.36, 2.80, 333479.0239739171
No.427: 0.99, 1.01, 0.01, 0.26, 6.07, 7.41, 6.48, -5.00, 0.36, 2.80, 333479.0239739171
No.437: 0.99, 1.01, 0.01, 0.26, 6.07, 7.41, 6.48, -5.00, 0.36, 2.80, 333479.0239739171
No.243: 1.00, 1.01, 0.01, 0.26, 6.08, 7.38, 6.50, -4.99, 0.36, 2.80, 3338697.4361033943
No.262: 1.00, 1.01, 0.01, 0.26, 6.08, 7.38, 6.50, -4.99, 0.36, 2.80, 3338697.4361033943
No.290: 1.00, 1.01, 0.01, 0.26, 6.08, 7.38, 6.50, -4.99, 0.36, 2.80, 3338697.4361033943
No.395: 0.99, 1.01, 0.01, 0.26, 6.06, 7.40, 6.49, -5.00, 0.36, 2.80, 33541.72882842875
No.404: 0.99, 1.01, 0.01, 0.26, 6.06, 7.40, 6.49, -5.00, 0.36, 2.80, 33541.72882842875
No.419: 0.99, 1.01, 0.01, 0.26, 6.06, 7.40, 6.49, -5.00, 0.36, 2.80, 33541.72882842875
No.223: 1.00, 1.01, 0.00, 0.26, 6.09, 7.35, 6.52, -4.98, 0.36, 2.80, 3377233.5425631003
No.95: 1.01, 1.00, 0.00, 0.26, 6.18, 7.43, 6.39, -5.00, 0.37, 2.80, 3437120.9012371516
No.172: 1.00, 1.01, 0.01, 0.26, 6.04, 7.40, 6.53, -4.99, 0.36, 2.80, 3437907.819834231
No.86: 1.00, 1.00, 0.01, 0.26, 6.08, 7.49, 6.42, -5.01, 0.36, 2.80, 347676.39972915733
No.91: 1.00, 1.00, 0.01, 0.26, 6.05, 7.45, 6.42, -5.02, 0.37, 2.78, 3520198.335385333
No.60: 1.00, 1.00, 0.01, 0.26, 6.00, 7.41, 6.33, -5.00, 0.38, 2.80, 3554706.0418053074
No.245: 1.00, 1.01, 0.01, 0.26, 6.06, 7.40, 6.48, -5.00, 0.36, 2.80, 3570442.639410242
No.263: 1.00, 1.01, 0.01, 0.26, 6.06, 7.40, 6.48, -5.00, 0.36, 2.80, 3570442.639410242
No.51: 0.99, 1.00, 0.00, 0.26, 6.08, 7.53, 6.41, -4.96, 0.37, 2.77, 357225.4109501005
No.80: 1.01, 1.01, 0.01, 0.26, 6.05, 7.46, 6.40, -4.97, 0.37, 2.72, 3604490.5886973077
No.12: 1.02, 1.02, 0.01, 0.26, 6.06, 7.48, 6.37, -4.75, 0.37, 2.80, 3619444.2560315845
No.73: 1.01, 1.01, 0.01, 0.26, 6.07, 7.45, 6.39, -5.02, 0.36, 2.78, 3625730.9734181543
No.331: 0.99, 1.01, 0.01, 0.26, 6.08, 7.40, 6.47, -5.01, 0.36, 2.80, 370993.21508103743
No.342: 0.99, 1.01, 0.01, 0.26, 6.08, 7.40, 6.47, -5.01, 0.36, 2.80, 370993.21508103743
No.359: 0.99, 1.01, 0.01, 0.26, 6.08, 7.40, 6.47, -5.01, 0.36, 2.80, 370993.21508103743
No.324: 0.99, 1.01, 0.01, 0.26, 6.09, 7.40, 6.48, -5.00, 0.36, 2.80, 3710912.498497774
No.133: 1.00, 1.01, 0.00, 0.26, 6.10, 7.39, 6.50, -5.01, 0.36, 2.80, 3714.380247556072
No.112: 1.00, 1.00, 0.00, 0.26, 6.05, 7.35, 6.46, -5.01, 0.37, 2.80, 3751328.5131310592
No.153: 1.00, 1.01, 0.01, 0.26, 6.05, 7.37, 6.44, -5.00, 0.37, 2.80, 3786.686648274105
No.46: 1.00, 1.00, 0.01, 0.26, 6.00, 7.41, 6.56, -5.00, 0.36, 2.80, 3800.953304027491
No.106: 0.99, 1.00, 0.00, 0.26, 6.04, 7.33, 6.47, -5.02, 0.37, 2.80, 3825126.6452915757
No.294: 0.99, 1.01, 0.01, 0.26, 6.08, 7.39, 6.46, -5.00, 0.36, 2.80, 3838389.4477098845
No.213: 1.00, 1.01, 0.01, 0.26, 6.09, 7.38, 6.50, -5.00, 0.36, 2.80, 384688.5868226514
No.227: 1.00, 1.01, 0.01, 0.26, 6.09, 7.38, 6.50, -5.00, 0.36, 2.80, 384688.5868226514
No.246: 1.00, 1.01, 0.01, 0.26, 6.09, 7.38, 6.50, -5.00, 0.36, 2.80, 384688.5868226514
No.276: 1.00, 1.01, 0.01, 0.26, 6.09, 7.38, 6.50, -5.00, 0.36, 2.80, 384688.5868226514
No.320: 0.99, 1.01, 0.01, 0.26, 6.07, 7.42, 6.47, -5.00, 0.36, 2.80, 3880949.33085999
No.74: 1.01, 0.99, 0.00, 0.26, 6.20, 7.43, 6.38, -5.00, 0.37, 2.80, 390969.49447117484
No.268: 1.00, 1.01, 0.01, 0.26, 6.10, 7.37, 6.47, -4.99, 0.36, 2.80, 3970734.030564483
No.30: 1.02, 1.02, 0.01, 0.26, 6.07, 7.48, 6.37, -4.96, 0.37, 2.68, 398081.5900440186
No.148: 1.00, 1.01, 0.00, 0.25, 6.03, 7.46, 6.45, -5.00, 0.36, 2.80, 399045.1387678821
No.281: 0.99, 1.01, 0.01, 0.26, 6.09, 7.40, 6.47, -5.00, 0.36, 2.80, 4.760753860999062
No.296: 0.99, 1.01, 0.01, 0.26, 6.09, 7.40, 6.47, -5.00, 0.36, 2.80, 4.760753860999062
No.310: 0.99, 1.01, 0.01, 0.26, 6.09, 7.40, 6.47, -5.00, 0.36, 2.80, 4.760753860999062
No.327: 0.99, 1.01, 0.01, 0.26, 6.09, 7.40, 6.47, -5.00, 0.36, 2.80, 4.760753860999062
No.340: 0.99, 1.01, 0.01, 0.26, 6.09, 7.40, 6.47, -5.00, 0.36, 2.80, 4.760753860999062
No.200: 1.00, 1.01, 0.00, 0.26, 6.09, 7.37, 6.45, -4.99, 0.36, 2.80, 403876.8580694765
No.81: 1.00, 1.03, 0.00, 0.26, 6.09, 7.42, 6.36, -5.02, 0.37, 2.80, 4049652.3488358688
No.76: 1.01, 1.00, 0.00, 0.26, 6.07, 7.50, 6.43, -5.03, 0.37, 2.77, 4075089.3831778276
No.215: 1.00, 1.01, 0.01, 0.26, 6.05, 7.39, 6.50, -4.99, 0.36, 2.80, 411809.1761166925
No.228: 1.00, 1.01, 0.01, 0.26, 6.05, 7.39, 6.50, -4.99, 0.36, 2.80, 411809.1761166925
No.117: 1.00, 1.01, 0.00, 0.26, 6.07, 7.35, 6.45, -4.97, 0.36, 2.80, 412605.9480716014
No.94: 1.00, 1.00, 0.01, 0.26, 6.07, 7.48, 6.44, -5.01, 0.36, 2.80, 4131104.59054885
No.307: 0.99, 1.01, 0.01, 0.26, 6.08, 7.40, 6.46, -5.00, 0.36, 2.80, 4149520.527449412
No.197: 1.00, 1.01, 0.01, 0.26, 6.04, 7.38, 6.51, -5.00, 0.36, 2.80, 4205871.044774947
No.270: 0.99, 1.01, 0.01, 0.26, 6.08, 7.42, 6.46, -5.01, 0.36, 2.80, 4247126.262839753
No.17: 0.97, 1.03, 0.00, 0.26, 6.13, 7.55, 6.43, -4.93, 0.37, 2.77, 4338339.439777932
No.216: 0.99, 1.01, 0.01, 0.26, 6.07, 7.42, 6.46, -5.01, 0.36, 2.80, 4401160.512400257
No.234: 0.99, 1.01, 0.01, 0.26, 6.07, 7.42, 6.46, -5.01, 0.36, 2.80, 4401160.512400257
No.57: 1.02, 1.02, 0.00, 0.26, 6.07, 7.48, 6.39, -4.96, 0.37, 2.79, 4412747.732429451
No.31: 1.02, 1.02, 0.00, 0.26, 5.79, 7.54, 6.42, -4.94, 0.37, 2.78, 44851.77936428376
No.126: 1.00, 1.01, 0.01, 0.25, 6.09, 7.37, 6.52, -4.99, 0.36, 2.79, 4510563.601014554
No.287: 1.00, 1.01, 0.01, 0.26, 6.09, 7.38, 6.49, -5.00, 0.36, 2.80, 4535614.463171886
No.288: 1.00, 1.01, 0.01, 0.26, 6.09, 7.38, 6.49, -5.00, 0.36, 2.80, 4535614.463171886
No.61: 1.01, 0.99, 0.00, 0.26, 6.22, 7.43, 6.36, -5.00, 0.37, 2.80, 45384.26477053189
No.58: 1.02, 0.98, 0.00, 0.26, 6.01, 7.54, 6.45, -4.95, 0.37, 2.77, 4573869.409437806
No.141: 0.99, 1.00, 0.01, 0.26, 6.06, 7.44, 6.44, -5.02, 0.36, 2.80, 459.536501626142
No.137: 1.00, 1.01, 0.01, 0.26, 6.05, 7.36, 6.44, -5.00, 0.37, 2.80, 4622875.093634681
No.204: 0.99, 1.02, 0.01, 0.26, 6.07, 7.41, 6.43, -5.01, 0.36, 2.80, 4627460.895381715
No.221: 1.00, 1.01, 0.01, 0.26, 6.09, 7.34, 6.50, -5.00, 0.36, 2.80, 4638246.945507196
No.19: 1.01, 1.01, 0.00, 0.26, 6.05, 7.46, 6.35, -4.97, 0.37, 2.80, 4678789.34220101
No.149: 1.00, 1.01, 0.00, 0.26, 6.05, 7.49, 6.47, -4.98, 0.37, 2.80, 475087.6414549008
No.83: 1.02, 0.99, 0.01, 0.26, 6.03, 7.53, 6.46, -4.96, 0.36, 2.77, 4799613.229292835
No.109: 1.00, 1.01, 0.01, 0.26, 6.04, 7.35, 6.40, -5.00, 0.37, 2.80, 4808.796261935706
No.9: 1.00, 1.00, 0.01, 0.26, 6.00, 7.41, 6.30, -5.25, 0.36, 2.80, 4859594.467247393
No.299: 0.99, 1.01, 0.01, 0.26, 6.08, 7.38, 6.49, -5.00, 0.36, 2.80, 4873352.663342218
No.167: 1.00, 1.01, 0.01, 0.26, 6.06, 7.38, 6.46, -5.00, 0.37, 2.80, 49143.54499718981
No.173: 1.00, 1.01, 0.01, 0.26, 6.06, 7.38, 6.46, -5.00, 0.37, 2.80, 49143.54499718981
No.188: 1.00, 1.01, 0.01, 0.26, 6.06, 7.38, 6.46, -5.00, 0.37, 2.80, 49143.54499718981
No.273: 0.99, 1.01, 0.01, 0.26, 6.09, 7.37, 6.48, -5.00, 0.36, 2.80, 495550.79927235894
No.289: 0.99, 1.01, 0.01, 0.26, 6.09, 7.37, 6.48, -5.00, 0.36, 2.80, 495550.79927235894
No.300: 0.99, 1.01, 0.01, 0.26, 6.09, 7.37, 6.48, -5.00, 0.36, 2.80, 495550.79927235894
No.195: 1.00, 1.01, 0.01, 0.26, 6.05, 7.42, 6.50, -4.99, 0.36, 2.80, 497941.30250992114
No.18: 1.04, 1.01, 0.00, 0.26, 6.02, 7.43, 6.32, -4.99, 0.37, 2.80, 50304.900299095025
No.21: 1.04, 1.01, 0.00, 0.26, 6.02, 7.43, 6.32, -4.99, 0.37, 2.80, 50304.900299095025
No.45: 1.02, 1.02, 0.00, 0.26, 6.07, 7.49, 6.38, -4.96, 0.37, 2.79, 512388.7726609054
No.111: 1.00, 1.02, 0.01, 0.26, 5.99, 7.37, 6.45, -4.99, 0.36, 2.80, 512466.9803099763
No.62: 1.00, 1.00, 0.01, 0.26, 6.00, 7.67, 6.33, -5.00, 0.36, 2.80, 520680.51159225305
No.32: 1.01, 1.02, 0.00, 0.26, 5.97, 7.50, 6.39, -5.12, 0.37, 2.74, 5256203.281267941
No.92: 1.00, 1.01, 0.01, 0.26, 6.11, 7.52, 6.48, -5.00, 0.36, 2.77, 5292575.535024678
No.120: 1.00, 1.01, 0.01, 0.26, 5.99, 7.38, 6.46, -4.99, 0.36, 2.80, 5447242.101810589
No.160: 1.00, 1.01, 0.00, 0.26, 6.05, 7.48, 6.47, -4.98, 0.37, 2.80, 554134.3095509997
No.203: 0.99, 1.01, 0.01, 0.26, 6.05, 7.42, 6.47, -5.00, 0.36, 2.80, 572586.1571899645
No.8: 1.00, 1.00, 0.01, 0.26, 6.00, 7.41, 6.62, -5.00, 0.36, 2.80, 573062.7398502314
No.119: 1.00, 1.00, 0.01, 0.26, 6.00, 7.41, 6.39, -5.00, 0.36, 2.80, 5966526.461685717
No.64: 1.01, 1.00, 0.00, 0.26, 6.08, 7.51, 6.42, -5.03, 0.37, 2.76, 603133.8865736232
No.123: 1.00, 1.02, 0.00, 0.26, 6.07, 7.43, 6.41, -5.01, 0.37, 2.79, 609083.152832283
No.99: 1.00, 1.00, 0.01, 0.26, 6.00, 7.62, 6.37, -5.00, 0.36, 2.80, 6133270.363390761
No.176: 1.00, 1.01, 0.00, 0.26, 6.07, 7.37, 6.47, -4.98, 0.36, 2.80, 6213565.283005507
No.151: 1.00, 1.01, 0.00, 0.26, 6.07, 7.37, 6.46, -4.98, 0.36, 2.80, 625308.9424255103
No.161: 1.00, 1.01, 0.00, 0.26, 6.07, 7.37, 6.46, -4.98, 0.36, 2.80, 625308.9424255103
No.269: 0.99, 1.01, 0.01, 0.26, 6.07, 7.40, 6.50, -5.00, 0.36, 2.80, 6258.460549537775
No.283: 0.99, 1.01, 0.01, 0.26, 6.07, 7.40, 6.50, -5.00, 0.36, 2.80, 6258.460549537775
No.298: 0.99, 1.01, 0.01, 0.26, 6.07, 7.40, 6.50, -5.00, 0.36, 2.80, 6258.460549537775
No.312: 0.99, 1.01, 0.01, 0.26, 6.07, 7.40, 6.50, -5.00, 0.36, 2.80, 6258.460549537775
No.54: 1.00, 1.00, 0.01, 0.27, 6.00, 7.41, 6.33, -5.00, 0.36, 2.80, 629814.7533506415
No.319: 0.99, 1.01, 0.01, 0.26, 6.07, 7.40, 6.46, -5.00, 0.36, 2.80, 642588.4167538398
No.330: 0.99, 1.01, 0.01, 0.26, 6.07, 7.40, 6.46, -5.00, 0.36, 2.80, 642588.4167538398
No.90: 0.99, 1.00, 0.01, 0.26, 6.06, 7.46, 6.42, -5.02, 0.36, 2.80, 650399.4163924584
No.24: 1.02, 1.02, 0.00, 0.26, 6.08, 7.50, 6.38, -4.96, 0.37, 2.78, 650885.2411061248
No.177: 1.00, 1.01, 0.01, 0.26, 6.08, 7.36, 6.48, -5.00, 0.36, 2.80, 6651265.995002919
No.232: 1.00, 1.01, 0.01, 0.26, 6.09, 7.37, 6.46, -4.99, 0.36, 2.80, 6696811.37707199
No.256: 1.00, 1.01, 0.01, 0.26, 6.09, 7.39, 6.50, -5.00, 0.36, 2.80, 68168.10449826201
No.139: 1.00, 1.01, 0.01, 0.26, 6.01, 7.40, 6.55, -4.99, 0.36, 2.80, 682442.2710834332
No.59: 1.02, 1.02, 0.00, 0.26, 6.08, 7.50, 6.41, -4.96, 0.37, 2.79, 6882.879858152662
No.224: 1.00, 1.01, 0.01, 0.26, 6.08, 7.36, 6.51, -4.98, 0.36, 2.80, 6938223.741741919
No.293: 0.99, 1.01, 0.01, 0.26, 6.08, 7.40, 6.46, -5.01, 0.36, 2.80, 703263.5787940299
No.301: 0.99, 1.01, 0.01, 0.26, 6.08, 7.40, 6.46, -5.01, 0.36, 2.80, 703263.5787940299
No.314: 0.99, 1.01, 0.01, 0.26, 6.08, 7.40, 6.46, -5.01, 0.36, 2.80, 703263.5787940299
No.252: 0.99, 1.01, 0.01, 0.26, 6.09, 7.37, 6.49, -5.00, 0.36, 2.80, 71674.73337851327
No.67: 1.00, 1.01, 0.01, 0.26, 6.13, 7.55, 6.46, -5.00, 0.36, 2.76, 727583.6267608253
No.40: 1.03, 1.01, 0.00, 0.26, 6.02, 7.42, 6.32, -4.99, 0.37, 2.80, 7289058.190533081
No.25: 1.01, 1.01, 0.01, 0.26, 6.05, 7.46, 6.35, -4.84, 0.37, 2.80, 7410158.359667783
No.235: 0.99, 1.01, 0.01, 0.26, 6.06, 7.40, 6.52, -5.00, 0.36, 2.80, 74396.01755336113
No.29: 1.00, 1.00, 0.01, 0.26, 6.28, 7.41, 6.30, -5.00, 0.36, 2.80, 7541048.287931103
No.135: 1.00, 1.01, 0.01, 0.26, 6.08, 7.35, 6.48, -5.01, 0.36, 2.80, 754107.483031126
No.145: 1.00, 1.01, 0.01, 0.26, 6.08, 7.35, 6.48, -5.01, 0.36, 2.80, 754107.483031126
No.247: 1.00, 1.01, 0.01, 0.26, 6.06, 7.39, 6.50, -5.00, 0.36, 2.80, 7556422.916662356
No.254: 1.00, 1.01, 0.01, 0.26, 6.06, 7.39, 6.50, -5.00, 0.36, 2.80, 7556422.916662356
No.264: 1.00, 1.01, 0.01, 0.26, 6.06, 7.39, 6.50, -5.00, 0.36, 2.80, 7556422.916662356
No.279: 0.99, 1.01, 0.01, 0.26, 6.09, 7.39, 6.46, -5.01, 0.36, 2.80, 756582.8601336206
No.100: 1.00, 1.01, 0.01, 0.26, 6.13, 7.28, 6.49, -5.00, 0.36, 2.80, 764279.3940683054
No.164: 1.00, 1.02, 0.01, 0.26, 6.07, 7.42, 6.43, -5.00, 0.37, 2.79, 7645195.105227562
No.253: 1.00, 1.01, 0.01, 0.26, 6.10, 7.39, 6.48, -5.00, 0.36, 2.80, 7794536.827365161
No.250: 1.00, 1.01, 0.01, 0.26, 6.08, 7.36, 6.52, -4.99, 0.36, 2.80, 790670.413584729
No.122: 1.00, 1.01, 0.01, 0.26, 6.12, 7.29, 6.50, -5.00, 0.36, 2.80, 797312.9236186858
No.23: 1.00, 1.00, 0.01, 0.26, 6.00, 7.41, 6.59, -5.00, 0.36, 2.80, 806740.3224490313
No.96: 1.00, 1.02, 0.00, 0.26, 6.08, 7.43, 6.40, -5.01, 0.37, 2.79, 807953.5051026891
No.394: 0.99, 1.01, 0.01, 0.26, 6.06, 7.40, 6.48, -5.00, 0.36, 2.80, 811859.9310917521
No.398: 0.99, 1.01, 0.01, 0.26, 6.06, 7.40, 6.48, -5.00, 0.36, 2.80, 811859.9310917521
No.408: 0.99, 1.01, 0.01, 0.26, 6.06, 7.40, 6.48, -5.00, 0.36, 2.80, 811859.9310917521
No.412: 0.99, 1.01, 0.01, 0.26, 6.06, 7.40, 6.48, -5.00, 0.36, 2.80, 811859.9310917521
No.422: 0.99, 1.01, 0.01, 0.26, 6.06, 7.40, 6.48, -5.00, 0.36, 2.80, 811859.9310917521
No.116: 1.00, 1.01, 0.01, 0.26, 6.03, 7.35, 6.42, -5.00, 0.37, 2.80, 822004.1402825606
No.212: 1.00, 1.01, 0.01, 0.26, 6.06, 7.38, 6.47, -5.00, 0.37, 2.80, 82860.94820258724
No.163: 1.00, 1.01, 0.01, 0.26, 6.08, 7.35, 6.48, -5.00, 0.36, 2.80, 842022.3955823419
No.159: 1.00, 1.01, 0.00, 0.25, 6.03, 7.45, 6.45, -5.00, 0.36, 2.80, 8435611.102390975
No.115: 1.00, 1.01, 0.01, 0.26, 6.05, 7.37, 6.45, -5.00, 0.37, 2.80, 8594735.007577756
No.157: 1.00, 1.01, 0.01, 0.26, 6.05, 7.37, 6.45, -5.00, 0.37, 2.80, 8594735.007577756
No.35: 1.01, 1.01, 0.01, 0.26, 6.03, 7.47, 6.36, -4.91, 0.37, 2.80, 864192.0972890306
No.132: 1.00, 1.01, 0.01, 0.26, 6.08, 7.34, 6.48, -5.01, 0.37, 2.80, 864471.7706846886
No.214: 0.99, 1.01, 0.01, 0.26, 6.10, 7.40, 6.46, -5.00, 0.36, 2.80, 865197.549628719
No.229: 0.99, 1.01, 0.01, 0.26, 6.10, 7.40, 6.46, -5.00, 0.36, 2.80, 865197.549628719
No.248: 0.99, 1.01, 0.01, 0.26, 6.10, 7.40, 6.46, -5.00, 0.36, 2.80, 865197.549628719
No.41: 1.02, 0.98, 0.00, 0.26, 6.02, 7.56, 6.43, -4.95, 0.37, 2.77, 875911.9795174047
No.179: 1.00, 1.01, 0.00, 0.26, 6.09, 7.38, 6.50, -5.01, 0.36, 2.80, 87665.21118386564
No.189: 1.00, 1.01, 0.00, 0.26, 6.09, 7.38, 6.50, -5.01, 0.36, 2.80, 87665.21118386564
No.352: 0.99, 1.01, 0.01, 0.26, 6.07, 7.41, 6.47, -5.00, 0.36, 2.80, 88238.56084655701
No.357: 0.99, 1.01, 0.01, 0.26, 6.07, 7.41, 6.47, -5.00, 0.36, 2.80, 88238.56084655701
No.365: 0.99, 1.01, 0.01, 0.26, 6.07, 7.41, 6.47, -5.00, 0.36, 2.80, 88238.56084655701
No.377: 0.99, 1.01, 0.01, 0.26, 6.07, 7.41, 6.47, -5.00, 0.36, 2.80, 88238.56084655701
No.378: 0.99, 1.01, 0.01, 0.26, 6.07, 7.41, 6.47, -5.00, 0.36, 2.80, 88238.56084655701
No.389: 0.99, 1.01, 0.01, 0.26, 6.07, 7.41, 6.47, -5.00, 0.36, 2.80, 88238.56084655701
No.390: 0.99, 1.01, 0.01, 0.26, 6.07, 7.41, 6.47, -5.00, 0.36, 2.80, 88238.56084655701
No.396: 0.99, 1.01, 0.01, 0.26, 6.07, 7.41, 6.47, -5.00, 0.36, 2.80, 88238.56084655701
No.406: 0.99, 1.01, 0.01, 0.26, 6.07, 7.41, 6.47, -5.00, 0.36, 2.80, 88238.56084655701
No.128: 1.01, 1.00, 0.00, 0.26, 6.03, 7.41, 6.39, -5.00, 0.37, 2.80, 8966484.285812287
No.185: 0.99, 1.01, 0.01, 0.26, 6.11, 7.40, 6.45, -5.00, 0.36, 2.80, 90153.10066783735
No.190: 0.99, 1.01, 0.01, 0.26, 6.11, 7.40, 6.45, -5.00, 0.36, 2.80, 90153.10066783735
No.169: 1.00, 1.00, 0.01, 0.26, 6.08, 7.37, 6.54, -4.99, 0.36, 2.80, 906450.4656684552
No.102: 1.00, 1.01, 0.01, 0.26, 6.05, 7.34, 6.42, -4.99, 0.37, 2.74, 913605.95745205
No.166: 1.00, 1.01, 0.00, 0.26, 6.09, 7.44, 6.50, -5.00, 0.36, 2.80, 9352274.353481477
No.79: 1.00, 1.00, 0.01, 0.26, 6.05, 7.46, 6.40, -5.02, 0.37, 2.78, 93785.89569606686
No.52: 1.01, 1.00, 0.00, 0.26, 6.09, 7.52, 6.40, -5.04, 0.37, 2.76, 9492396.048250651
No.127: 1.00, 1.00, 0.01, 0.26, 6.12, 7.40, 6.46, -4.99, 0.37, 2.79, 9507.845610902066
No.140: 1.00, 1.00, 0.01, 0.26, 6.12, 7.40, 6.46, -4.99, 0.37, 2.79, 9507.845610902066
No.84: 1.00, 1.02, 0.00, 0.26, 6.09, 7.43, 6.38, -5.01, 0.37, 2.79, 953686.6243796943
No.198: 1.00, 1.01, 0.01, 0.26, 6.12, 7.42, 6.47, -4.99, 0.36, 2.80, 9788213.29032211
No.39: 1.02, 1.02, 0.00, 0.26, 5.81, 7.53, 6.41, -4.94, 0.37, 2.78, 9878841.438485684
No.271: 1.00, 1.01, 0.01, 0.26, 6.08, 7.37, 6.51, -4.99, 0.36, 2.80, 988731.8061855847
No.202: 1.00, 1.01, 0.01, 0.26, 6.09, 7.34, 6.49, -5.00, 0.36, 2.80, 996689.8831735634
No.15: 1.02, 1.02, 0.00, 0.26, 6.09, 7.51, 6.39, -4.95, 0.37, 2.78, 999779.6980189678
No.42: 1.02, 1.02, 0.00, 0.26, 6.09, 7.51, 6.39, -4.95, 0.37, 2.78, 999779.6980189678
#| No.|Asub | b0  | b1  | b2  | b3  | t1  | t2  | t3  |Cmin |Cmax | evalulate_value (min value is recommendation) |
#|iter| x0  | x1  | x2  | x3  | x4  | x5  | x6  | x7  | x8  | x9  | evalulate_value (min value is reccomendation) |
