B
1.9860875103297162
0.9395431535145788
12.09103504267888
20.78650314946236
2.852547341893155
2.9956441009502788
0.24326959041117716
0.2765142309393245
0.571034292105581
1.2599350410958312
-5.595893091540224
-0.23701544749949632
1.0332254352987174
1.1533058006942634
-5.596065520404581
-0.0017433676904295339
0.8195505776085251
-3.894119722339575
0.42800521505502814
-5.65952361934365
5
10.81
-1.7829981583275238
2.9956441009502788
1.2599350410958312
1.0372111529320909
1.15
O
1.7678214996360286
1.3504704774605376
21.32062792726493
23.40558210221767
7.147202633394829
3.933996044595625
0.32524267943479007
0.3673222688605277
0.3993853412853213
0.7681360906773504
-2.8682636378459887
-0.2994795437388294
1.254640319619588
-1.2462732081045307
-2.8734229782788465
0.00018020183190368467
0.6584231983882867
-2.588072335561357
0.8556647489489166
-2.8696443940995726
8
16.00
-2.5284670322938396
3.933996044595625
0.7681360906773504
0.9185931229104721
1.15
F
2.421388476779062
1.1653634724863784
19.46946569305805
21.338211079328353
8.48407884964216
4.523508898270601
0.3717584889021553
0.33918503323625254
0.3491398140738975
0.8149156284181073
-2.866647739081551
-0.3016259310217805
1.128784377744169
-1.2699431561548684
-2.8829980679065703
0.0006127654154940757
0.6401466036369754
-2.6723196036929586
0.7794393710942328
-2.8799710249338935
8
18.998
-2.754824993069616
4.523508898270601
0.8149156284181073
0.8680442178721522
1.15
N
1.9047472512541934
0.9843562728351417
25.40555471323777
24.915910536683327
7.082020560515289
4.4048011612532525
0.37568679450261405
0.17608832462102056
0.3789966777156808
1.120084731566562
-2.6630626351377527
-0.2920678587106966
1.1023893244480207
-1.3258109236170776
-2.6660721929638322
0.0004901288101518535
0.45238333419289994
-2.717925965835923
0.8285278172147335
-2.6922581004555894
7
14.007
-2.4930092718121313
4.4048011612532525
1.120084731566562
1.1636499773979663
1.15
P
2.8791907038856848
1.3550835028773127
16.199943274958212
22.339642882523464
4.86324912376108
4.432838786546174
0.2973772518041051
0.35587333870373394
0.3972947803070666
0.7543119703826506
-2.840211766065053
-0.29858855139706286
1.3727910493563893
-1.354642919170802
-2.8590628037395764
-0.00014014256929153774
0.5963410598243872
-2.8894442252781842
0.8005354876015657
-2.881167949228519
15
30.97
-2.460285621530976
4.432838786546174
0.7543119703826506
0.8593890197304299
1.15
C
2.5001293736433574
1.5293924438284445
18.159145295435025
21.61041954195552
4.537185697190682
4.182400936853423
0.20313593083640197
0.5892903082261909
0.36039470476385826
0.8246563356875547
-2.963481035855399
-0.30013090451770497
1.2745324272288785
-1.3284349736850225
-2.975574200404517
0.00010601694571200836
0.652324574040068
-2.3376108513837215
0.9649592389580628
-2.970513371229746
6
12.0107
-2.4066940544891775
4.182400936853423
0.8246563356875547
0.8822697597787862
1.15
S
2.930112580177685
1.2053608436765446
23.772503677167002
20.93543916169926
1.559815075603879
1.9806206037104324
0.9005799448776337
0.3863349025456832
0.30142162546281964
0.8637818316516827
-2.8406005378984673
-0.3114349904533072
1.365356866810101
-0.9649244543287067
-2.8937318385111315
0.002768307050337353
0.7990644990610765
-1.3527696917907035
0.42999437405744295
-2.900611425907946
16
32.06
-1.2769275941829934
1.9806206037104324
0.8637818316516827
0.776962771289772
1.15
I
2.702739973769045
1.134149141374112
19.45937546956481
21.12719394091657
8.312182158236535
4.506066021153709
0.36159340544446444
0.33691843729965687
0.3357457079177777
0.834012811442246
-2.8666655332790834
-0.2971970094978024
1.1531458860162238
-1.2747165655527857
-2.886945483500039
0.0006230887479181108
0.6294120253919966
-2.6679429334278852
0.7688495059490393
-2.884685496786006
53
126.90447
-2.7157650311848403
4.506066021153709
0.834012811442246
0.8552746747933131
1.15
Cu
2.556162
1.554485
21.175871
21.175395
8.127620
4.334731
0.396620
0.548085
0.308782
0.756515
-2.170269
-0.263788
1.088878
-0.817603
-2.19
0.00
0.561830
-2.100595
0.310490
-2.186568
29
63.546
-2.100595
4.334731
0.756515
0.85
1.15
Ag
2.891814
1.106232
14.604100
14.604144
9.132010
4.870405
0.277758
0.419611
0.339710
0.750758
-1.729364
-0.255882
0.912050
-0.561432
-1.75
0.00
0.744561
-1.150650
0.783924
-1.748423
47
107.8682
-1.150650
4.870405
0.750758
0.85
1.15
Au
2.885034
1.529021
19.991632
19.991509
9.516052
5.075228
0.229762
0.356666
0.356570
0.748798
-2.937772
-0.500288
1.601954
-0.835530
-2.98
0.00
1.706587
-1.134778
1.021095
-2.978815
79
196.96654
-1.134778
5.075228
0.748798
0.85
1.15
Ni
2.488746
2.007018
27.562015
27.562031
8.383453
4.471175
0.429046
0.633531
0.443599
0.820658
-2.693513
-0.076445
0.241442
-2.375626
-2.70
0.00
0.265390
-0.152856
0.445470
-2.7
28
58.6934
-0.152856
4.471175
0.820658
0.85
1.15
Pd
2.750897
1.595417
21.335246
21.940073
8.697397
4.638612
0.406763
0.598880
0.397263
0.754799
-2.321006
-0.473983
1.615343
-0.231681
-2.36
0.00
1.481742
-1.675615
1.130000
-2.352753
46
106.42
-1.675615
4.638612
0.754799
0.85
1.15
Pt
2.771916
2.336509
33.367564
35.205357
7.105782
3.789750
0.556398
0.696037
0.385255
0.770510
-1.455568
-2.149952
0.528491
1.222875
-4.17
0.00
3.010561
-2.420128
1.450000
-4.145597
78
195.08
-2.420128
3.789750
0.770510
0.25
1.15
Al
2.863924
1.403115
20.418205
23.195740
6.613165
3.527021
0.314873
0.365551
0.379846
0.759692
-2.807602
-0.301435
1.258562
-1.247604
-2.83
0.00
0.622245
-2.488244
0.785902
-2.824528
13
26.981539
-2.488244
3.527021
0.759692
0.85
1.15
Pb
3.499723
0.647872
8.450154
8.450063
9.121799
5.212457
0.161219
0.236884
0.250805
0.764955
-1.422370
-0.210107
0.682886
-0.529378
-1.44
0.00
0.702726
-0.538766
0.935380
-1.439436
82
207.2
-0.538766
5.212457
0.764955
0.85
1.15
Fe
2.481987
1.885957
20.041463
20.041463
9.818270
5.236411
0.392811
0.646243
0.170306
0.340613
-2.534992
-0.059605
0.193065
-2.282322
-2.54
0.00
0.200269
-0.148770
0.391750
-2.539945
26
55.847
-0.148770
5.236411
0.340613
0.85
1.15
Mo
2.728100
2.723710
29.354065
29.354065
8.393531
4.476550
0.708787
1.120373
0.137640
0.275280
-3.692913
-0.178812
0.380450
-3.133650
-3.71
0.00
0.875874
0.776222
0.790879
-3.712093
42
95.94
0.776222
4.476550
0.275280
0.85
1.15
Ta
2.860082
3.086341
33.787168
33.787168
8.489528
4.527748
0.611679
1.032101
0.176977
0.353954
-5.103845
-0.405524
1.112997
-3.585325
-5.14
0.00
1.640098
0.221375
0.848843
-5.141526
73
180.9479
0.221375
4.527748
0.353954
0.85
1.15
W
2.740840
3.487340
37.234847
37.234847
8.900114
4.746728
0.882435
1.394592
0.139209
0.278417
-4.946281
-0.148818
0.365057
-4.432406
-4.96
0.00
0.661935
0.348147
0.582714
-4.961306
74
183.84
0.348147
4.746728
0.278417
0.85
1.15
Mg
3.196291
0.544323
7.132600
7.132600
10.228708
5.455311
0.137518
0.225930
0.5
1.0
-0.896473
-0.044291
0.162232
-0.689950
-0.90
0.00
0.122838
-0.226010
0.431425
-0.899702
12
24.305
-0.226010
5.455311
1.0
0.85
1.15
Co
2.505979
1.975299
27.206789
27.206789
8.679625
4.629134
0.421378
0.640107
0.5
1.0
-2.541799
-0.219415
0.733381
-1.589003
-2.56
0.00
0.705845
-0.687140
0.694608
-2.559307
27
58.9332
-0.687140
4.629134
1.0
0.85
1.15
Ti
2.933872
1.863200
25.565138
25.565138
8.775431
4.680230
0.373601
0.570968
0.5
1.0
-3.203773
-0.198262
0.683779
-2.321732
-3.22
0.00
0.608587
-0.750710
0.558572
-3.219176
22
47.88
-0.750710
4.680230
1.0
0.85
1.15
Zr
3.199978
2.230909
30.879991
30.879991
8.559190
4.564902
0.424667
0.640054
0.5
1.0
-4.485793
-0.293129
0.990148
-3.202516
-4.51
0.00
0.928602
-0.981870
0.597133
-4.509025
40
91.224
-0.981870
4.564902
1.0
0.85
1.15
Be
3.196291
0.544323
7.132600
7.132600
10.228708
5.455311
0.137518
0.225930
0.5
1.0
-0.896473
-0.044291
0.162232
-0.689950
-0.90
0.00
0.122838
-0.226010
0.431425
-0.899702
4
9.0122
-0.226010
5.455311
1.0
0.85
1.15
V
2.947443873430404
1.8975407072274033
25.545680437113955
25.007808521769448
7.2218462342980745
4.130346985418486
0.3392820621961284
0.5735673810479482
0.5473518819621513
0.9879354687306967
-3.2300362602233887
-0.20740500656023475
0.7422558027030752
-2.4937568734133886
-3.2510766645985067
0.00012654475123818505
0.630062659687441
-0.8381227113846551
0.5928965251296254
-3.2556076788837904
23
50.9415
-0.7643554260579092
4.130346985418486
0.9879354687306967
0.8325550522724641
1.15
Nb
2.8627126912776863
3.161788368466061
34.656970477063794
34.04946428353922
8.745922770176469
5.027321470115623
0.669425896250735
0.8539861464070057
0.180978285942619
0.37366046262600855
-5.17869809740623
-0.41205185207709605
1.153363444525306
-3.681105242120882
-5.220928802249108
-3.8092861170972905e-05
1.706841610863409
0.23207833873067432
0.9153606204905901
-5.243505070019121
41
92.90638
0.22496395011946868
5.027321470115623
0.37366046262600855
0.8382322943476023
1.15
Cr
2.3641533816591993
1.8793341991898762
19.506375000846777
20.460214556894012
10.022117668860556
5.3766442151150065
0.395154063111627
0.5979180179024488
0.1675590157418229
0.3419486246213238
-2.563034076412237
-0.05670221320165197
0.20064175644954044
-2.3799221533058317
-2.5686834271097543
3.46670405911597e-05
0.20453368197081362
-0.15680783271802767
0.42670098898512976
-2.5668021196457347
24
51.9961
-0.15723323211599582
5.3766442151150065
0.3419486246213238
0.839587907763343
1.15
Mn
2.4139203052809393
2.0024455974770423
20.071279640419554
20.72589075745828
8.23002433557326
5.906094733867775
0.37892352309124705
0.5436739676531415
0.1767535276401546
0.36218457479605226
-2.5755725967690744
-0.06291319385392989
0.19357371574431878
-2.3070599667903915
-2.581207514793952
-9.964682669902761e-06
0.20393742513747495
-0.15737138309883458
0.4059082877040502
-2.5799199699378605
25
54.938045
-0.156312253471735
5.906094733867775
0.36218457479605226
0.8375586006097191
1.15
Tc
2.507037068029457
1.862318070835642
17.62963027978359
19.84057445594354
5.539343451678031
2.0286501686179657
0.4594609233037696
1.1048741074892632
0.1575930612058796
0.3757572157575817
-2.7238587781252983
-0.057687323028526735
0.17120793636658482
-2.177801173452469
-2.7263369183915653
-0.0006687574012788687
0.26742732176907263
-0.14909999976866964
0.2289467448865164
-2.7211076945182415
43
98
-0.17534105459071014
2.0286501686179657
0.3757572157575817
1.052715401660818
1.15
Re
2.8342811899247073
1.9874773417734442
17.810942161799463
20.362882593680215
8.852440758562414
4.013077001429689
0.23788635849188325
0.9508043847785148
0.16492687778577025
0.447530408916502
-2.793371355635453
-0.05625012631789158
0.1804542224355636
-2.0729051527327744
-2.7981510052067615
-1.0865241013124489e-05
0.20892823279014544
-0.14879531569196047
0.408391384935315
-2.794011661364857
75
186.207
-0.15229698413073994
4.013077001429689
0.447530408916502
0.8532391145421062
1.15
Ru
3.4711185687312462
2.067443547890977
22.574957071869008
21.372766346682205
3.722729044468474
2.2088980706125456
0.3444448610850255
0.8497595390603101
0.03899368955537895
0.1664900841222284
-2.6836315162951823
-0.0661085191021649
-0.09595063876865115
-2.891838473572813
-2.7151399744256652
-0.00013101391069676212
0.06394547909044143
-0.3987180288960097
0.8572237137358291
-2.756902910971646
44
101.07
-0.09167309902307762
2.2088980706125456
0.1664900841222284
0.6166663773745038
1.15
Os
3.285825194797806
1.9895616761042683
19.96599416925752
22.44269795772826
8.67588589625901
4.7756206758547535
0.293478582624572
0.9392603974750651
0.15320139077739936
0.24153319236134838
-2.725025766773141
-0.06608655714141976
0.271493392826992
-2.3745922514026163
-2.7303666257669157
-0.00011684884105190067
0.19819987600203554
-0.12888050492629827
0.3641393010210763
-2.7264842150601805
76
190.23
-0.11900530724250122
4.7756206758547535
0.24153319236134838
0.84091472642927
1.15
Rh
2.7542972197803737
1.930810537154072
25.80923462953639
27.89309900234051
8.733867991692739
4.117877380108241
0.38264420632939855
0.7354564980536926
0.4878470280394036
1.0885886852801154
-2.67296824958714
-0.20898672685243735
0.7545674944099978
-1.583427373360585
-2.6930926368358263
-1.9943249493279953e-05
0.7285543402088708
-0.7062107212468856
0.6298631056271551
-2.6811348279498852
45
102.90550
-0.7495344392963394
4.117877380108241
1.0885886852801154
0.8441642486599048
1.15
Ir
3.0251373223745515
1.8597683134948702
25.39895971902519
27.965044942254938
8.825282649424311
4.159025435895195
0.34225199469585776
0.859934488150008
0.5425509374238062
1.2005365996211104
-2.671424796864351
-0.508182918879567
1.1264760099635633
-0.24490877233479658
-2.692179449606662
6.95914136677899e-05
0.7703971697375561
-0.2839135429517868
0.6339910664685793
-2.6772295297329647
77
192.217
-0.29017714847981246
4.159025435895195
1.2005365996211104
0.8365763601693461
1.15
La
3.59678755397622
2.254939031109604
33.57409734452217
33.80148544119827
4.504291252910292
3.0005261291718948
0.7381575409037855
0.4196846052356519
0.5874131806920346
1.1242303800012141
-4.325048300920718
-0.3065167297241723
0.9523575074420758
-2.477538875200284
-4.325060111647534
7.159782852209244e-05
1.0411150238294622
-1.226187396338004
0.6478011865849208
-4.322612103205816
57
138.90547
-1.0772269044814764
3.0005261291718948
1.1242303800012141
1.0188673317140193
1.15
Sm
3.4773967902624685
2.2187281178120677
35.08202242252791
31.63034143997525
8.841410093649671
5.279215448395918
0.5162082798477785
0.4962363226659502
0.5326426412772512
0.9296570833509967
-4.126248489037101
-0.3038213352535224
1.0109613411751304
-3.2495027921361976
-4.146363458954917
-5.922300546770351e-06
0.9058186253612104
-1.000179558403348
0.6594551776968073
-4.190157159308283
62
150.36
-1.0273909367899678
5.279215448395918
0.9296570833509967
0.8581835066838495
1.15
Yb
2.4973934731563574
1.9809488470313856
39.73034635478089
33.2627614588629
4.335502097167382
3.06853242882397
0.6843853711456535
0.3744076280712985
0.5406831357924178
1.1290992160569122
-4.435285476573054
-0.3039189337667218
0.9850715724289024
-3.038704262735326
-4.45805320760864
6.799789438263626e-05
1.0525381192549912
-1.2331224274459913
0.6568102245470243
-4.57683670434028
70
173.054
-1.1593697561281084
3.06853242882397
1.1290992160569122
1.188100598518261
1.15
H
2.5212317119207572
0.5944992095729963
7.1775697871098
7.646909850190177
6.946715920118121
6.310822941074743
0.1341980834105577
0.2542541583580351
0.5077462451653563
1.0727458981211955
-0.9330534426077053
-0.043488548558270945
0.1837445341049604
-0.774083157161015
-0.9417734416152659
7.490252747789989e-06
0.1359561164625122
-0.2221219951179944
0.4145955172494662
-0.9400506382197467
1
1.00794
-0.22937192841868853
6.310822941074743
1.0727458981211955
0.7765339771959758
1.15
Li
3.2335877735509717
0.4262332083206364
10.069360054323475
8.364096432992579
5.866908945884917
2.907662391050834
0.14634893717011474
0.17548679864257533
0.4875949681744798
1.4348667027012116
-0.8945064544602909
-0.036091602469547256
0.1577625595814745
-0.7052869458373537
-0.8969167325064042
-0.0007762042816640397
0.15301335698673338
-0.30412866346771517
0.46918979428586727
-0.9061226314577332
3
6.941
-0.17478685894216692
2.907662391050834
1.4348667027012116
1.1403646666870462
1.15
Si
2.8089870951793787
1.4315391131628437
20.059772317023526
22.749043192866583
6.008561827803663
3.4364688725937746
0.27490753089030934
0.4516764763297725
0.37508678264682216
0.7735947373986131
-2.9252495166155468
-0.3009385662610871
1.2676925628182096
-1.2586102172368463
-2.952145724895589
3.5474483734094135e-05
0.6462551824675948
-2.5740267506643377
0.8487158978790796
-2.9422630145805075
14
28.1
-2.5515046305792493
3.4364688725937746
0.7735947373986131
0.8327162374519086
1.15
Ge
2.968541681707448
1.4252325824647318
19.24334345141931
22.821023921874673
6.749233440757543
3.366444598587294
0.2899020125313505
0.4147940010682148
0.3871242067135808
0.7836470198594181
-2.877548348005294
-0.2960758924836837
1.283491960202033
-1.2755773000870942
-2.8983039408729545
1.949616042857811e-05
0.6178693291620582
-2.5252188564593916
0.8173660877349516
-2.8937042159743984
32
72.63
-2.5134008843905784
3.366444598587294
0.7836470198594181
0.8527920008183626
1.15
Zn
3.037222494950152
1.6790885286051829
22.65078115547399
22.41552193296158
5.610484311699673
5.895545702903483
0.44719583749799463
0.3205578891949945
0.2894715439110467
0.8020859952714874
-2.169270995252395
-0.25808593860424867
1.124235802588626
-0.8433371493705629
-2.1813231980535717
1.08725222040001e-06
0.5901203949776535
-2.0748400836514076
0.3008607536734169
-2.177349568201064
30
65.38
-2.031518152131634
5.895545702903483
0.8020859952714874
0.872814257135928
1.15
Cd
3.302952632330849
1.6169834144071287
19.464217239946638
26.114956781861636
3.724522686915593
6.770025337736624
0.4201882575278723
0.19798955294666173
0.36100070061438416
0.6973261859138017
-2.095303648889325
-0.3031879612435975
1.283158517298012
-0.4846664731298902
-2.1130034766616004
0.0006516521788993982
0.6059284693365183
-2.3708855603489774
0.34289269159627656
-2.1093926954909343
48
112.411
-2.123446889663742
6.770025337736624
0.6973261859138017
0.8476693436042051
1.15
Sn
3.9934221879625027
0.6843558549954285
8.197985436290706
8.619257536854473
6.303197599691856
5.708521485537129
0.1269647350343043
0.29382293651776037
0.2675154064433618
0.7639591276630132
-1.4541070144278627
-0.21578771416789913
0.6669850006262662
-0.5341663359285498
-1.4790624298001918
-0.00015238612036207243
0.6939931445900189
-0.5290554401560748
0.9473069494262815
-1.471854931627788
50
118.710
-0.5377051378538834
5.708521485537129
0.7639591276630132
0.8169420951371589
1.15
Na
3.732041736882852
0.3994544644171145
10.284406505191413
8.434997942820697
5.872334822632271
3.2175363376345407
0.16863869379403088
0.1559780803385506
0.47396329224634687
1.431288633410256
-0.883536609911106
-0.03594505999484034
0.15628908480982406
-0.7048490076617531
-0.9299645130390082
-0.0007537006971329349
0.1473844038840234
-0.279091956646467
0.4494844191266136
-0.895415357774289
11
22.99
-0.17655426881979827
3.2175363376345407
1.431288633410256
1.1541880136790612
1.15
K
3.696721773841341
0.39379291671942274
10.318547705749667
8.453898474108584
6.057386653253202
3.212738304586583
0.1714435300836114
0.15308381771893728
0.485667399935785
1.4382128366824996
-0.8842786933635116
-0.03555114406358723
0.1550608103073818
-0.6972356482990445
-0.8887232399532978
-0.0007489511595248305
0.14460342194048004
-0.28497161969665796
0.4484827240854922
-0.8960610947378135
19
39.10
-0.17921679170263016
3.212738304586583
1.4382128366824996
1.1500388236667265
1.15
Rb
2.6875224140609726
0.4210600306728046
9.784722368820837
9.485328714393367
8.605484843978752
3.5772432484874797
0.15824779216285983
0.15323268008347865
0.5930720584124027
0.9214306015594929
-0.9256891245513057
-0.050062636619551876
0.17924309478183947
-0.14780447702521846
-0.9285055318977001
-4.0275079930496205e-05
0.14299918918474983
-0.25997022747121484
0.5063332569570692
-0.9295241705029571
37
85.4678
-0.23999447024328818
3.5772432484874797
0.9214306015594929
1.1552176276717994
1.15
Cs
2.6875224140609726
0.4210600306728046
9.784722368820837
9.485328714393367
8.605484843978752
3.5772432484874797
0.15824779216285983
0.15323268008347865
0.5930720584124027
0.9214306015594929
-0.9256891245513057
-0.050062636619551876
0.17924309478183947
-0.14780447702521846
-0.9285055318977001
-4.0275079930496205e-05
0.14299918918474983
-0.25997022747121484
0.5063332569570692
-0.9295241705029571
55
132.91
-0.23999447024328818
3.5772432484874797
0.9214306015594929
1.1552176276717994
1.15
Ca
3.655947318960885
0.47330616101645845
7.231524986444626
6.808409543895408
15.542860891579087
5.099039953777609
0.13018588739573006
0.27891533182658307
0.5024833618789238
0.9514311543073404
-0.909845313453143
-0.04590577839314357
0.12501553064429718
-0.5764827011494947
-0.9134150181953917
1.495554522840443e-05
0.11845726529986571
-0.21672111546736444
0.4215770334895236
-0.9153473849022707
20
40.08
-0.2865156705149924
5.099039953777609
0.9514311543073404
0.8393128831072768
1.15
Sr
3.705331558873639
0.11878992585625946
11.452318830803529
9.50576629847462
18.717386980629747
2.506853719497898
0.18030117252719416
0.2789128937767059
0.11631397933164672
1.0762907148633882
-0.908401838260646
0.044525206830918734
0.32042970285436995
-0.9552185086917909
-0.9083479230396335
0.00010319380918895205
0.27131262630935066
-0.2015471122033091
0.30450766949999925
-0.907762152874694
38
87.62
-0.15956435740179112
2.506853719497898
1.0762907148633882
1.0048376678539042
1.15
Be
3.30909047661415
0.5457309055928157
6.785079114977445
7.378661030566464
7.254292712745823
4.807225484278871
0.11710527309262607
0.28797954886924026
0.5037598878717828
1.042748498567309
-0.9571521845457541
-0.051325256094105966
0.16472054089603952
-0.6369208753109981
-0.9613718652516223
-1.3984384800346067e-05
0.12766973867743797
-0.2356240007962039
0.43304432230554485
-0.9596278435060597
4
9.01218
-0.2306787992128005
4.807225484278871
1.042748498567309
0.8321364248904305
1.15
Ga
2.576725927190422
1.9128225458857382
18.672829203528483
22.04643408075846
8.009999125187214
4.579325584915889
0.4560721990077375
0.5051843865408798
0.30347481159120504
0.780084134160109
-2.1605551900043594
-0.2504240930451905
1.0899275756144466
-0.7878558518550169
-2.2052808390558107
3.7005305525327344e-05
0.5702173577979964
-2.09539286008168
0.3306915804872936
-2.199572307254856
31
69.723
-2.0840662635116747
4.579325584915889
0.780084134160109
0.7837638882249104
1.15
As
3.021265823120644
1.3704346129034175
20.05323557576364
25.608306799859076
4.930050679709358
4.314464180327228
0.3652276117241372
0.3209719753491485
0.399114022749891
0.7686389874336679
-2.8634644942229244
-0.30331168655999047
1.298836715854699
-1.185946241191948
-2.8816025257264215
-1.2415302303140972e-05
0.6216844854699937
-2.5856728986470645
0.7828825690228888
-2.8855231844406197
33
74.92160
-2.5727944692386764
4.314464180327228
0.7686389874336679
0.8598634164068631
1.15
Se
2.930112580177685
1.2053608436765446
23.772503677167002
20.93543916169926
1.559815075603879
1.9806206037104324
0.9005799448776337
0.3863349025456832
0.30142162546281964
0.8637818316516827
-2.8406005378984673
-0.3114349904533072
1.365356866810101
-0.9649244543287067
-2.8937318385111315
0.002768307050337353
0.7990644990610765
-1.3527696917907035
0.42999437405744295
-2.900611425907946
34
78.96
-1.2769275941829934
1.9806206037104324
0.8637818316516827
0.776962771289772
1.15
Te
3.3908691359511245
1.3339390186478817
20.15632279681169
24.34121283485257
4.2650407745704575
3.9890792720573964
0.3831012454211805
0.2726586750511723
0.4215941853702875
0.6507719456041616
-2.8523736687150523
-0.31786829016943297
1.2442021838781725
-1.1775722476073551
-2.8773721157352665
0.0002854217029066026
0.6618285369682149
-2.779685123156892
0.8176835112989316
-2.874669397037903
52
127.60
-2.998287045930813
3.9890792720573964
0.6507719456041616
0.8457148736550262
1.15
He
1.386468328510349
0.5773627913077334
8.69913640282734
7.729755892930011
10.729318021617607
6.2500288691515795
0.15004624511158746
0.19952627084956293
0.5262581472166161
1.1101285748801755
-0.8844099168523911
-0.04807035046741361
0.16829640231024118
-0.7350970652530303
-0.8850344844013499
0.00025543425071295595
0.13090505541089026
-0.24171398232880226
0.4495325702816432
-0.8894506220717062
2
4.00260
-0.23544844850259963
6.2500288691515795
1.1101285748801755
0.9295394309754959
1.15
U
3.095775002580252
2.325121115271317
32.262877728202305
32.9070658680143
8.531608151280397
5.069997107008833
0.46852995281927584
0.5937152994694319
0.536829587349074
0.9684107345201023
-4.233401713689943
-0.3047232993956777
1.0072979388321834
-3.2846843182444987
-4.255350226425857
0.00
0.9431467476645302
-1.0162753893814442
0.6439046747895931
-4.252468852043901
92
238.02891
-1.0162753893814442
5.069997107008833
0.9684107345201023
0.85
1.15
Sc
3.125455148909676
2.2025968591667318
33.21278147198054
29.816852239939582
7.619346775578256
5.193122794978753
0.528921368672401
0.4262776273490396
0.5021264377319727
1.008639165504698
-4.471667053636188
-0.29315407237987834
1.00364974368484
-3.291529032294734
-4.484595204560918
9.078821057040107e-05
0.9469802511697412
-0.9848897896172077
0.5981765791305111
-4.522084493744374
21
44.955912
-0.9637932401877762
5.193122794978753
1.008639165504698
0.8867868765560999
1.15
Y
3.4260708364670864
2.1551521394636644
34.103155299739875
34.13356882297196
4.398619162387763
3.1067572370235887
0.5666151984897588
0.4215166607789436
0.5710637858846574
1.1649180260824996
-4.356292016277913
-0.3128520872047012
1.0580844566487084
-3.2323201358921
-4.36007873287802
6.989885809485719e-05
1.0632860259950279
-1.1676628247213825
0.6284788061186288
-4.3576153777028175
39
88.90585
-1.038431416503231
3.1067572370235887
1.1649180260824996
1.0591215799995815
1.15
Hf
3.066192214488335
2.086095127993598
30.53741462650636
32.13190860872551
7.403217219313197
4.205470508605317
0.40409887251680326
0.6624269910301155
0.41335327622161033
0.8890211148715594
-4.552735743117199
-0.21490898865098268
1.1844275871088206
-3.274696966134128
-4.58479325803814
4.389124034531559e-06
1.0472074800089912
-1.240542642364938
0.5089346776068807
-4.569951688585329
72
178.49
-1.09715527055593
4.205470508605317
0.8890211148715594
0.8385062348999385
1.15
Ce
3.4655251535000975
2.198509939569077
33.012575625891365
36.851812309120284
5.868804496375981
3.0475449190692054
0.5575198034788
0.41313489900698785
0.6284607721208564
0.946935972672395
-4.326823948306285
-0.3272857132115883
1.133913198386394
-3.1580468013233465
-4.3270504899178786
6.865147440959497e-05
1.018642204054477
-1.0855053544805193
0.6330133626464969
-4.308385457083072
58
140.116
-0.9560374246519128
3.0475449190692054
0.946935972672395
1.0222511568252834
1.15
Pr
3.5323605711914503
3.503753214856633
32.030472615388106
35.2032061435685
6.037619376312679
6.0363917571775305
0.6388623191414626
0.26124662149250666
0.6487880344803795
0.9399927687262319
-4.398916950548963
-0.2533298774618628
0.5894524410406993
-0.05023473381689398
-4.396762787605878
7.480989815488794e-05
0.8580918220818174
-1.1685665643616858
0.7726520487070533
-4.383709129219981
59
140.90765
-0.8769906352033146
6.0363917571775305
0.9399927687262319
0.9822552584328983
1.15
Nd
3.618037073744764
2.260311331658266
34.78423295392136
31.58936752935925
8.991992176924747
5.289008929346165
0.521454269307751
0.49794872491368325
0.5274023006298905
0.8839357536507244
-4.125834956507428
-0.3061517555140169
1.005190524282732
-3.2252310333651737
-4.14885578677687
-6.023369802909486e-06
0.9040175603574444
-0.9989921663379798
0.6655953218067041
-4.190206427934362
60
144.242
-1.0322190353817555
5.289008929346165
0.8839357536507244
0.8487447654484677
1.15
Eu
3.7625782602569595
2.1632911668609376
35.69428257269238
32.3152597141084
8.234290509847053
5.234843992874507
0.526164043045445
0.4499012765473506
0.5242887744939564
0.9204024187417204
-4.1223292839237855
-0.3068414439562184
1.0306103261960058
-3.2871056313410403
-4.141412262735669
-6.058590790064611e-06
0.9134408180572354
-0.9999705015134401
0.6678330776418635
-4.184678253108406
63
151.964
-1.039302936794639
5.234843992874507
0.9204024187417204
0.8621212092440954
1.15
Gd
3.491701369154787
2.689700854789977
35.399543802036135
31.799379485749473
6.7536611694671205
5.671641561414313
0.5193130259447656
0.5054581709554036
0.48249348604597364
0.9884472433114532
-4.112598415785771
-0.2937901510141382
1.0467423311341655
-3.333370568606409
-4.146110735965991
-5.991072584148078e-06
0.8411631687398623
-1.0305291824606164
0.683936495626703
-4.199057188418428
64
157.25
-1.0387411825009685
5.671641561414313
0.9884472433114532
0.8154721356021772
1.15
Tb
3.4684388829025816
2.5184623736292324
35.02411566618041
32.01099772425844
6.703230652976173
5.3784839713219945
0.5276824408782483
0.512097690179191
0.5304277219400676
0.9679353455546074
-4.112630538711394
-0.3021705745112865
1.0263913119674435
-3.2432494486289456
-4.141531861827816
-6.148169051429009e-06
0.9464911219041185
-0.9765777188868947
0.6717008096075877
-4.179860148838134
65
158.92535
-1.0102681422927096
5.3784839713219945
0.9679353455546074
0.8347442886684175
1.15
Dy
3.450242493966783
2.2389959903992946
35.8589577834305
31.80182990976499
8.362183001253454
5.373309281125346
0.5158492619473736
0.49607511214254396
0.5329003625684335
0.9299892620648982
-4.1299286161031485
-0.30688276234194656
1.0281170224567884
-3.299081829006036
-4.1466217827281335
-5.827622784900282e-06
0.9168336108701125
-1.0050396955228529
0.6601863487998554
-4.200806130347208
66
162.500
-1.0331086082410954
5.373309281125346
0.9299892620648982
0.8726562806161893
1.15
Ho
3.4305966378651216
2.1727943952730358
36.00588470322944
31.548953401743475
8.68738385436628
5.35063438575301
0.5156270264961299
0.4989952398443669
0.5411070634241043
0.9334196803267263
-4.099871733368135
-0.3117991889611276
1.0124695915026956
-3.2056905218487532
-4.121021560632834
-5.928306148087636e-06
0.9149072511271308
-1.0004659986196398
0.6628333099792585
-4.181479972351519
67
164.93032
-1.0326855931809291
5.35063438575301
0.9334196803267263
0.866303845760128
1.15
Er
3.417895235438128
2.212299521160227
36.50779334736812
31.25259267311293
8.541537115848245
5.406804663181104
0.520140252917468
0.49831799225822915
0.5589108166879824
0.9267286434621709
-4.125691724637334
-0.308835621585124
0.979396008714142
-3.2927724643367906
-4.141945253329002
-5.796218275576133e-06
0.8947854507795253
-0.9894035494646796
0.6547568246111724
-4.215552008606843
68
167.259
-1.0269238648433259
5.406804663181104
0.9267286434621709
0.8696956811569814
1.15
Tm
3.4090090804083504
2.175372417387527
35.89607036346668
31.472534994017995
8.573779367956956
5.5153590829749675
0.5194340568035433
0.5010170299786556
0.5323831295350292
0.9369174616833384
-4.113773877769607
-0.3075223366472004
1.0129285414474933
-3.289518024629076
-4.130637851745363
-5.95563308560253e-06
0.9057760435086462
-0.9898231037949051
0.6579936863404477
-4.189640136046657
69
168.93421
-1.026593686664875
5.5153590829749675
0.9369174616833384
0.8692289564742178
1.15
In
2.8857532005764392
1.9525293171433382
19.149910606921193
22.7190634375813
6.675371767597399
4.633296484558351
0.4827952772359704
0.4142055423366206
0.34089742898981357
0.7984694151060525
-2.1432954241786013
-0.24097314921417146
0.9986977385624211
-0.7643082299356815
-2.204318655866997
3.904203095045693e-05
0.5575471246859219
-2.147686166013125
0.3355319943468502
-2.198928002368204
49
114.818
-2.194942852837452
4.633296484558351
0.7984694151060525
0.7601547600366076
1.15
Tl
2.711201775187335
1.986241886364189
21.76202671339664
22.352693419447125
6.299457118862506
3.356972705427038
0.6388510011489681
0.3125902966230248
0.3603128064267755
0.5217709069191278
-2.223495563242487
-0.2433438101354615
0.7714065779924135
-0.6916074846959096
-2.239161148692387
4.31624523945609e-05
0.5635888395407798
-2.0985949016934873
0.388922654181765
-2.236929478602939
81
204.3833
-2.4242348511830354
3.356972705427038
0.5217709069191278
0.8617462543809918
1.15
Hg
3.3843515142733063
1.6340313612014974
19.280554602325292
26.490153514092487
3.801831636310366
6.026378299798459
0.4250765647964504
0.19775962190895643
0.37263337306160643
0.710584199626764
-2.0774062451027597
-0.305533047889336
1.311969833889044
-0.4832533823623051
-2.0910133331633087
0.0006507402258648219
0.6122219420985469
-2.389361322641461
0.3460469439937441
-2.1091656041782025
80
200.59
-2.1574305288018705
6.026378299798459
0.710584199626764
0.8324978226617075
1.15
Bi
3.9209326617713813
0.736259355533843
7.839646526858498
8.51865495499008
6.185359870987092
5.952949599319585
0.13357570971910926
0.26021518666840143
0.2715937028900699
0.7579069210086985
-1.4487681299973565
-0.22594760471752548
0.711790339464794
-0.5734640226756392
-1.468566069851767
-0.00015618532833814103
0.6880481353840605
-0.5494383469923899
0.9325247260676506
-1.4582973234816787
83
208.98040
-0.5186988941595305
5.952949599319585
0.7579069210086985
0.8317982792627844
1.15
Ba
4.523458231892477
0.6718677848935788
6.925994540495109
7.087385670655602
9.732723886833439
4.20892242235297
0.1292055100110539
0.2535964912444788
0.49510289444041683
1.0727962511030347
-0.9218022300328935
-0.04176422999148259
0.1617623958625028
-0.6677792249238338
-0.9258683177090827
9.950302861959747e-05
0.12760638438824606
-0.22583739895858487
0.4415484273986649
-0.9251716595128799
56
137.33
-0.2288244262032489
4.20892242235297
1.0727962511030347
0.8352556825329323
1.15
Br
2.421388476779062
1.1653634724863784
19.46946569305805
21.338211079328353
8.48407884964216
4.523508898270601
0.3717584889021553
0.33918503323625254
0.3491398140738975
0.8149156284181073
-2.866647739081551
-0.3016259310217805
1.128784377744169
-1.2699431561548684
-2.8829980679065703
0.0006127654154940757
0.6401466036369754
-2.6723196036929586
0.7794393710942328
-2.8799710249338935
35
79.904
-2.754824993069616
4.523508898270601
0.8149156284181073
0.8680442178721522
1.15
Cl
2.4927559964182264
1.229808539865517
18.14343130600563
21.95528197517466
8.11902209192983
5.570857524987099
0.35457995456943997
0.38077299279660526
0.366611491646366
0.7416483019904471
-2.8669306016946674
-0.2750419480864618
1.151008201554074
-1.3512981835493663
-2.883313814209463
0.0005772939651022323
0.581754768302426
-2.6196984652641535
0.7351032190045832
-2.881354477107612
17
35.45
-2.766585742975574
5.570857524987099
0.7416483019904471
0.8640823454823863
1.15
Ar
1.7223222207257314
0.5679624287769096
8.685513806375162
7.699260590378635
10.30450288624114
5.488374398303189
0.1449448742196253
0.19398657786251755
0.5145407083277265
1.1565957733643053
-0.8844644271780739
-0.04675685388370368
0.17237652277749463
-0.8568897156279043
-0.884550103420522
0.00024854941143582766
0.12676492899796393
-0.24096747598073434
0.44946823858221885
-0.8892067261613014
18
39.95
-0.22831911446042824
5.488374398303189
1.1565957733643053
0.9640177968902511
1.15
Ne
1.378977044424448
0.5792766869012204
8.674033719221427
7.696611162562555
10.700774049448233
6.129891663166932
0.15141558301217023
0.1992639894163076
0.5358268596911724
1.1009909509071325
-0.8844433748125149
-0.04825053544372708
0.16961754379892682
-0.7422873255598146
-0.8846227162408198
0.00025562691710239496
0.13162511870578586
-0.24344961692983022
0.4506745281066671
-0.8892089421593077
10
20.180
-0.2388693267468896
6.129891663166932
1.1009909509071325
0.9338118945029399
1.15
Kr
1.7223222207257314
0.5679624287769096
8.685513806375162
7.699260590378635
10.30450288624114
5.488374398303189
0.1449448742196253
0.19398657786251755
0.5145407083277265
1.1565957733643053
-0.8844644271780739
-0.04675685388370368
0.17237652277749463
-0.8568897156279043
-0.884550103420522
0.00024854941143582766
0.12676492899796393
-0.24096747598073434
0.44946823858221885
-0.8892067261613014
36
83.798
-0.22831911446042824
5.488374398303189
1.1565957733643053
0.9640177968902511
1.15
Xe
1.5725702584291739
1.2947555229251448
26.003135015562588
17.808485575914183
5.385508492297023
6.63495233253099
0.29143305163822547
0.2137079333363249
0.17060659787291146
1.1006372670298483
-1.6890401395044763
-0.45109844894182494
3.176486723825774
-5.245944005158513
-1.761947202878397
0.000338337424364786
0.1973244205887041
-0.9028898911438271
0.5493992187268926
-1.8497164227748624
54
131.293
-0.3353172638544238
6.63495233253099
1.1006372670298483
0.6266806829476679
1.15