#| No.|Asub | b0  | b1  | b2  | b3  | t1  | t2  | t3  |Cmin |Cmax | evalulate_value (min value is recommendation) |
#|iter| x0  | x1  | x2  | x3  | x4  | x5  | x6  | x7  | x8  | x9  | evalulate_value (min value is reccomendation) |
No.1: 1.14, 6.17, 2.71, 4.80, 2.60, 1.10, 2.30, 2.21, 0.69, 1.70, 7.4285258291390335
No.2: 1.20, 6.17, 2.71, 4.80, 2.60, 1.10, 2.30, 2.21, 0.69, 1.70, 267178427.81303394
No.3: 1.14, 6.48, 2.71, 4.80, 2.60, 1.10, 2.30, 2.21, 0.69, 1.70, 15.728977243036377
No.4: 1.14, 6.17, 2.84, 4.80, 2.60, 1.10, 2.30, 2.21, 0.69, 1.70, 7.465462896225596
No.5: 1.14, 6.17, 2.71, 5.04, 2.60, 1.10, 2.30, 2.21, 0.69, 1.70, 2.815651487927351
No.6: 1.14, 6.17, 2.71, 4.80, 2.74, 1.10, 2.30, 2.21, 0.69, 1.70, 9.981515939125604
No.7: 1.14, 6.17, 2.71, 4.80, 2.60, 1.16, 2.30, 2.21, 0.69, 1.70, 7.431051184208511
No.8: 1.14, 6.17, 2.71, 4.80, 2.60, 1.10, 2.42, 2.21, 0.69, 1.70, 29692585.930527274
No.9: 1.14, 6.17, 2.71, 4.80, 2.60, 1.10, 2.30, 2.32, 0.69, 1.70, 7.305167216312373
No.10: 1.14, 6.17, 2.71, 4.80, 2.60, 1.10, 2.30, 2.21, 0.72, 1.70, 46.440146795669776
No.11: 1.14, 6.17, 2.71, 4.80, 2.60, 1.10, 2.30, 2.21, 0.69, 1.79, 2.275846358703295
No.12: 1.09, 6.24, 2.73, 4.85, 2.63, 1.12, 2.33, 2.23, 0.69, 1.72, 1.7957880364155818
No.13: 1.08, 6.24, 2.73, 4.86, 2.63, 1.12, 2.33, 2.23, 0.69, 1.72, 1.6557309815271082
No.14: 1.13, 6.25, 2.74, 4.86, 2.64, 1.12, 2.20, 2.23, 0.69, 1.73, 2.31175027004088
No.15: 1.13, 6.27, 2.74, 4.88, 2.64, 1.12, 2.29, 2.24, 0.65, 1.73, 2.371381558329629
No.16: 1.13, 5.91, 2.75, 4.89, 2.65, 1.12, 2.28, 2.24, 0.68, 1.73, 6.4156392070621004
No.17: 1.12, 6.17, 2.76, 4.91, 2.50, 1.13, 2.28, 2.25, 0.68, 1.74, 2.0890451729946995
No.18: 1.12, 6.17, 2.61, 4.93, 2.61, 1.13, 2.28, 2.26, 0.68, 1.75, 2.02607544775552
No.19: 1.11, 6.17, 2.73, 4.95, 2.62, 1.07, 2.27, 2.27, 0.68, 1.76, 1.9142484793894976
No.20: 1.10, 6.17, 2.73, 4.98, 2.62, 1.12, 2.26, 2.29, 0.68, 1.77, 1.7605512358439916
No.21: 1.10, 6.16, 2.74, 5.01, 2.62, 1.12, 2.25, 2.17, 0.68, 1.78, 1.8279574473208018
No.22: 1.11, 6.48, 2.69, 4.96, 2.57, 1.10, 2.27, 2.23, 0.68, 1.76, 2.2296699760190895
No.23: 1.08, 6.27, 2.73, 4.78, 2.61, 1.12, 2.24, 2.27, 0.68, 1.80, 821629.1746870043
No.24: 1.14, 6.19, 2.71, 5.01, 2.61, 1.11, 2.30, 2.21, 0.68, 1.72, 6.801667701709049
No.25: 1.10, 6.17, 2.73, 4.97, 2.62, 1.12, 2.27, 2.28, 0.68, 1.76, 1.77328458121249
No.26: 1.09, 6.17, 2.74, 5.00, 2.62, 1.12, 2.26, 2.18, 0.68, 1.77, 1.6936488026937333
No.27: 1.11, 6.17, 2.73, 4.94, 2.62, 1.08, 2.28, 2.27, 0.68, 1.75, 1.9164545181333787
No.28: 1.11, 6.18, 2.62, 4.92, 2.62, 1.13, 2.28, 2.26, 0.68, 1.75, 1.9490195112839799
No.29: 1.12, 6.18, 2.76, 4.90, 2.52, 1.13, 2.29, 2.25, 0.68, 1.74, 2.0877654620296044
No.30: 1.11, 6.45, 2.69, 4.95, 2.57, 1.11, 2.27, 2.23, 0.68, 1.75, 2.216216022569871
No.31: 1.14, 6.18, 2.71, 4.81, 2.61, 1.11, 2.31, 2.21, 0.69, 1.78, 2.2588692078813075
No.32: 1.13, 6.25, 2.74, 4.86, 2.64, 1.12, 2.21, 2.23, 0.69, 1.73, 2.2991325542132732
No.33: 1.12, 6.26, 2.74, 4.87, 2.64, 1.12, 2.29, 2.24, 0.66, 1.73, 2.25537833718167
No.34: 1.14, 6.18, 2.71, 5.03, 2.61, 1.11, 2.31, 2.21, 0.69, 1.71, 2.908501804760756
No.35: 1.08, 6.27, 2.73, 4.79, 2.61, 1.12, 2.25, 2.26, 0.68, 1.79, 175894.3793419912
No.36: 1.13, 6.20, 2.71, 4.99, 2.61, 1.11, 2.30, 2.22, 0.68, 1.72, 2.102679657050598
No.37: 1.10, 6.19, 2.70, 4.98, 2.57, 1.11, 2.37, 2.24, 0.67, 1.77, 1.7533757112734023
No.38: 1.07, 6.26, 2.72, 5.06, 2.60, 1.12, 2.28, 2.27, 0.67, 1.71, 577547.9838404992
No.39: 1.13, 6.19, 2.71, 4.85, 2.61, 1.11, 2.30, 2.22, 0.68, 1.77, 2.1904343070793364
No.40: 1.09, 6.17, 2.68, 5.00, 2.56, 1.11, 2.30, 2.23, 0.70, 1.77, 1.582835836970364
No.41: 1.09, 6.16, 2.68, 5.01, 2.55, 1.10, 2.30, 2.23, 0.71, 1.78, 1.5431525229809258
No.42: 1.10, 5.92, 2.73, 4.94, 2.62, 1.12, 2.32, 2.25, 0.69, 1.75, 2.334658169004291
No.43: 1.11, 6.37, 2.70, 4.94, 2.58, 1.11, 2.28, 2.23, 0.68, 1.75, 2.138237837263323
No.44: 1.08, 6.21, 2.71, 5.05, 2.58, 1.12, 2.29, 2.26, 0.68, 1.73, 1.5064546844021556
No.45: 1.07, 6.21, 2.71, 5.07, 2.58, 1.12, 2.28, 2.26, 0.68, 1.73, 14367.483002128842
No.46: 1.09, 6.00, 2.72, 4.98, 2.61, 1.12, 2.31, 2.25, 0.69, 1.75, 943.0244638312488
No.47: 1.10, 6.32, 2.70, 4.95, 2.58, 1.11, 2.29, 2.23, 0.68, 1.75, 1.9921918993640049
No.48: 1.06, 6.20, 2.71, 4.92, 2.57, 1.12, 2.29, 2.27, 0.68, 1.79, 70364.28510098522
No.49: 1.12, 6.20, 2.71, 4.98, 2.60, 1.11, 2.30, 2.22, 0.68, 1.73, 2.0311090158567384
No.50: 1.08, 6.23, 2.65, 5.03, 2.68, 1.10, 2.31, 2.23, 0.69, 1.77, 9534666.920216125
No.51: 1.11, 6.18, 2.74, 4.92, 2.54, 1.12, 2.29, 2.25, 0.68, 1.74, 1.9730322843503814
No.52: 1.07, 6.20, 2.71, 4.94, 2.58, 1.12, 2.29, 2.26, 0.68, 1.78, 44064.97635979489
No.53: 1.11, 6.20, 2.71, 4.97, 2.60, 1.11, 2.30, 2.23, 0.68, 1.74, 1.937680689618701
No.54: 1.09, 6.06, 2.72, 4.97, 2.61, 1.12, 2.31, 2.25, 0.69, 1.75, 17.148742817513078
No.55: 1.10, 6.28, 2.70, 4.95, 2.59, 1.11, 2.29, 2.24, 0.68, 1.75, 1.9374596542592442
No.56: 1.08, 6.21, 2.67, 5.01, 2.66, 1.10, 2.30, 2.23, 0.69, 1.76, 1.4665792808545033
No.57: 1.08, 6.21, 2.66, 5.02, 2.67, 1.10, 2.30, 2.23, 0.69, 1.77, 3663096.0787538104
No.58: 1.07, 6.23, 2.80, 5.03, 2.59, 1.09, 2.31, 2.22, 0.69, 1.76, 409297.1624332829
No.59: 1.11, 6.18, 2.65, 4.94, 2.61, 1.12, 2.29, 2.25, 0.68, 1.75, 1.9328338709272026
No.60: 1.07, 6.20, 2.70, 4.97, 2.61, 1.11, 2.30, 2.25, 0.68, 1.78, 759764.6741694402
No.61: 1.11, 6.20, 2.71, 4.97, 2.60, 1.11, 2.30, 2.23, 0.68, 1.74, 1.937680689618701
No.62: 1.08, 6.21, 2.70, 5.05, 2.59, 1.12, 2.29, 2.26, 0.68, 1.74, 4320750.208980609
No.63: 1.09, 6.16, 2.67, 5.01, 2.56, 1.10, 2.30, 2.23, 0.71, 1.78, 1.5403219502117491
No.64: 1.08, 6.24, 2.73, 4.87, 2.64, 1.12, 2.33, 2.23, 0.69, 1.73, 1406822.6300900276
No.65: 1.09, 6.18, 2.73, 5.00, 2.62, 1.12, 2.27, 2.18, 0.68, 1.77, 1.6960957511104424
No.66: 1.09, 6.19, 2.69, 4.98, 2.58, 1.11, 2.36, 2.24, 0.67, 1.77, 1.6241632015115008
No.67: 1.10, 6.18, 2.73, 4.97, 2.62, 1.12, 2.27, 2.28, 0.68, 1.76, 1.7841796264081322
No.68: 1.11, 6.18, 2.72, 4.95, 2.62, 1.08, 2.28, 2.26, 0.68, 1.75, 1.924251662067281
No.69: 1.10, 6.19, 2.65, 4.94, 2.62, 1.12, 2.29, 2.25, 0.68, 1.75, 1.8318960600486798
No.70: 1.10, 6.27, 2.70, 4.96, 2.59, 1.11, 2.29, 2.24, 0.68, 1.75, 1.917730690774312
No.71: 1.11, 6.20, 2.71, 4.98, 2.61, 1.11, 2.30, 2.23, 0.68, 1.74, 1.9271795646637513
No.72: 1.11, 6.19, 2.69, 4.89, 2.64, 1.10, 2.31, 2.22, 0.68, 1.78, 1.956788418249574
No.73: 1.12, 6.15, 2.67, 5.06, 2.59, 1.10, 2.27, 2.24, 0.68, 1.80, 1.9243966096714773
No.74: 1.09, 6.19, 2.69, 5.09, 2.58, 1.11, 2.28, 2.26, 0.68, 1.75, 1.5976681671230775
No.75: 1.08, 6.18, 2.68, 5.02, 2.60, 1.11, 2.28, 2.25, 0.68, 1.79, 1.4324954405956747
No.76: 1.08, 6.18, 2.68, 5.02, 2.60, 1.10, 2.28, 2.25, 0.68, 1.80, 13373344.766941076
No.77: 1.07, 6.24, 2.72, 4.92, 2.62, 1.12, 2.32, 2.24, 0.69, 1.73, 88030.74197075356
No.78: 1.11, 6.16, 2.67, 5.04, 2.59, 1.10, 2.27, 2.24, 0.68, 1.79, 1.8521419128142207
No.79: 1.08, 6.20, 2.66, 5.06, 2.59, 1.14, 2.30, 2.22, 0.68, 1.78, 4289773.997175034
No.80: 1.10, 6.18, 2.71, 4.96, 2.62, 1.09, 2.28, 2.26, 0.68, 1.76, 1.7980744378024434
No.81: 1.09, 6.09, 2.68, 5.05, 2.62, 1.11, 2.29, 2.25, 0.68, 1.78, 1.4686180179739394
No.82: 1.07, 6.19, 2.71, 4.96, 2.62, 1.12, 2.31, 2.24, 0.69, 1.75, 13162850.806233402
No.83: 1.11, 6.17, 2.68, 5.03, 2.60, 1.10, 2.28, 2.24, 0.68, 1.78, 1.857944236896283
No.84: 1.08, 6.21, 2.67, 5.01, 2.65, 1.10, 2.30, 2.24, 0.69, 1.77, 1927318.6784553963
No.85: 1.09, 6.10, 2.68, 5.04, 2.61, 1.11, 2.29, 2.25, 0.68, 1.78, 1.4924520578419962
No.86: 1.09, 6.16, 2.67, 5.01, 2.56, 1.10, 2.30, 2.24, 0.70, 1.78, 1.5517657660416635
No.87: 1.09, 6.19, 2.69, 5.08, 2.58, 1.11, 2.28, 2.26, 0.68, 1.75, 1.6063052728251057
No.88: 1.09, 6.19, 2.69, 4.99, 2.59, 1.11, 2.35, 2.24, 0.67, 1.77, 1.623870471511005
No.89: 1.09, 6.18, 2.73, 5.00, 2.62, 1.12, 2.27, 2.19, 0.68, 1.77, 1.6891213244089092
No.90: 1.10, 6.18, 2.72, 4.98, 2.62, 1.12, 2.27, 2.27, 0.68, 1.77, 1.7769471945498414
No.91: 1.10, 6.18, 2.71, 4.97, 2.61, 1.09, 2.28, 2.26, 0.68, 1.76, 1.7931344471486834
No.92: 1.10, 6.19, 2.65, 4.95, 2.62, 1.12, 2.29, 2.25, 0.68, 1.75, 1.8239307234522641
No.93: 1.11, 6.16, 2.67, 5.04, 2.59, 1.10, 2.27, 2.24, 0.68, 1.79, 1.8521419128142207
No.94: 1.11, 6.14, 2.71, 5.00, 2.55, 1.12, 2.28, 2.25, 0.68, 1.78, 1.859654888468459
No.95: 1.10, 6.15, 2.70, 5.01, 2.57, 1.11, 2.28, 2.25, 0.68, 1.78, 1.7362535657910245
No.96: 1.08, 6.18, 2.71, 4.97, 2.60, 1.12, 2.30, 2.25, 0.69, 1.75, 1.4776818171248638
No.97: 1.08, 6.15, 2.74, 5.06, 2.58, 1.10, 2.29, 2.24, 0.68, 1.79, 1.3477027460656685
No.98: 1.08, 6.15, 2.75, 5.07, 2.58, 1.10, 2.29, 2.24, 0.68, 1.79, 1.3362847043696449
No.99: 1.08, 6.15, 2.70, 5.06, 2.57, 1.13, 2.30, 2.23, 0.68, 1.79, 1.3627048924942966
No.100: 1.07, 6.15, 2.68, 5.07, 2.56, 1.10, 2.32, 2.21, 0.69, 1.79, 1.1534310591309411
No.101: 1.07, 6.15, 2.68, 5.08, 2.55, 1.10, 2.32, 2.20, 0.69, 1.79, 1.1587460142792232
No.102: 1.06, 6.18, 2.69, 5.06, 2.61, 1.11, 2.32, 2.22, 0.69, 1.78, 103380.62775637473
No.103: 1.10, 6.15, 2.70, 5.01, 2.57, 1.11, 2.29, 2.25, 0.68, 1.78, 1.7252388344908276
No.104: 1.07, 6.17, 2.69, 5.05, 2.60, 1.11, 2.31, 2.22, 0.69, 1.78, 4305759.09388265
No.105: 1.09, 6.15, 2.70, 5.02, 2.58, 1.11, 2.29, 2.24, 0.68, 1.78, 1.5792671897305994
No.106: 1.08, 6.15, 2.67, 5.06, 2.54, 1.10, 2.33, 2.29, 0.69, 1.78, 1.2989137642783768
No.107: 1.07, 6.12, 2.69, 5.10, 2.57, 1.11, 2.24, 2.25, 0.70, 1.78, 1.1641137478305297
No.108: 1.07, 6.11, 2.70, 5.00, 2.57, 1.10, 2.31, 2.23, 0.69, 1.81, 1.1195767640467733
No.109: 1.07, 6.10, 2.70, 5.00, 2.57, 1.10, 2.32, 2.23, 0.70, 1.81, 1.105370836666095
No.110: 1.06, 6.13, 2.69, 5.06, 2.58, 1.10, 2.31, 2.24, 0.70, 1.79, 1.2133659683072973
No.111: 1.07, 6.12, 2.71, 5.08, 2.60, 1.11, 2.30, 2.25, 0.67, 1.79, 1.276027823329836
No.112: 1.06, 6.18, 2.72, 5.05, 2.54, 1.11, 2.31, 2.24, 0.69, 1.79, 11280163.35499729
No.113: 1.08, 6.11, 2.69, 5.05, 2.60, 1.11, 2.29, 2.25, 0.68, 1.78, 1.3221142803322543
No.114: 1.07, 6.09, 2.68, 5.15, 2.55, 1.10, 2.29, 2.24, 0.69, 1.83, 1.076158273975192
No.115: 1.07, 6.09, 2.68, 5.16, 2.55, 1.09, 2.29, 2.24, 0.69, 1.83, 1.0679282499731384
No.116: 1.06, 6.07, 2.71, 5.13, 2.54, 1.11, 2.32, 2.23, 0.70, 1.80, 205.03918745431005
No.117: 1.08, 6.16, 2.68, 5.03, 2.59, 1.11, 2.29, 2.25, 0.68, 1.79, 1.3917538355288643
No.118: 1.07, 6.09, 2.71, 5.11, 2.55, 1.11, 2.31, 2.24, 0.69, 1.80, 8360.777380597405
No.119: 1.08, 6.15, 2.69, 5.04, 2.59, 1.11, 2.29, 2.25, 0.68, 1.79, 1.371616843547763
No.120: 1.07, 6.10, 2.70, 5.10, 2.56, 1.11, 2.31, 2.24, 0.69, 1.80, 1.0451458796906958
No.121: 1.07, 6.09, 2.70, 5.10, 2.55, 1.11, 2.31, 2.24, 0.69, 1.80, 1.0407665332917626
No.122: 1.07, 6.09, 2.69, 5.09, 2.57, 1.08, 2.30, 2.26, 0.69, 1.81, 1.0234410855333875
No.123: 1.07, 6.08, 2.69, 5.09, 2.57, 1.07, 2.30, 2.26, 0.69, 1.81, 1.0173046399380015
No.124: 1.07, 6.08, 2.63, 5.08, 2.56, 1.11, 2.31, 2.25, 0.70, 1.80, 2.233287763795963
No.125: 1.08, 6.14, 2.73, 5.07, 2.57, 1.10, 2.30, 2.24, 0.69, 1.79, 1.3122236001282117
No.126: 1.06, 6.12, 2.70, 5.12, 2.53, 1.09, 2.31, 2.24, 0.70, 1.81, 1.1223625149493304
No.127: 1.06, 6.09, 2.65, 5.10, 2.55, 1.10, 2.31, 2.25, 0.70, 1.81, 1.0891141682220151
No.128: 1.06, 6.07, 2.71, 5.11, 2.58, 1.10, 2.27, 2.19, 0.70, 1.83, 5181.700461966675
No.129: 1.07, 6.13, 2.67, 5.07, 2.55, 1.10, 2.32, 2.28, 0.69, 1.79, 1.0800414626905563
No.130: 1.07, 6.10, 2.66, 5.09, 2.52, 1.09, 2.30, 2.24, 0.72, 1.81, 1.0982404774941505
No.131: 1.07, 6.08, 2.68, 5.12, 2.53, 1.09, 2.30, 2.24, 0.69, 1.82, 1.0178141472563427
No.132: 1.07, 6.09, 2.67, 5.09, 2.52, 1.08, 2.37, 2.23, 0.69, 1.83, 0.9844942673239204
No.133: 1.07, 6.08, 2.67, 5.09, 2.52, 1.08, 2.38, 2.23, 0.69, 1.84, 1.0107067100838112
No.134: 1.06, 6.05, 2.68, 5.11, 2.53, 1.08, 2.31, 2.28, 0.70, 1.84, 1724.0428967368744
No.135: 1.07, 6.13, 2.68, 5.08, 2.55, 1.10, 2.31, 2.22, 0.69, 1.79, 1.1326696026835175
No.136: 1.06, 6.06, 2.68, 5.11, 2.54, 1.08, 2.31, 2.27, 0.70, 1.83, 341932.669696219
No.137: 1.07, 6.12, 2.68, 5.08, 2.55, 1.10, 2.31, 2.22, 0.69, 1.80, 1.1074487954262047
No.138: 1.08, 6.08, 2.65, 5.07, 2.56, 1.09, 2.32, 2.24, 0.69, 1.81, 1.2392707311673703
No.139: 1.06, 6.11, 2.70, 5.11, 2.53, 1.09, 2.31, 2.24, 0.70, 1.81, 1.113743775646112
No.140: 1.08, 6.08, 2.66, 5.07, 2.56, 1.09, 2.32, 2.24, 0.69, 1.81, 1.236759824200784
No.141: 1.06, 6.11, 2.69, 5.10, 2.54, 1.09, 2.31, 2.24, 0.70, 1.81, 1.1219895704093494
No.142: 1.07, 6.08, 2.69, 5.09, 2.56, 1.07, 2.31, 2.26, 0.69, 1.81, 1.0072883663492707
No.143: 1.07, 6.08, 2.68, 5.12, 2.53, 1.09, 2.31, 2.24, 0.69, 1.82, 1.0082596023144537
No.144: 1.07, 6.09, 2.70, 5.10, 2.55, 1.10, 2.32, 2.24, 0.69, 1.80, 1.0332814744958723
No.145: 1.07, 6.09, 2.67, 5.16, 2.54, 1.09, 2.30, 2.24, 0.69, 1.83, 0.8712708301939676
No.146: 1.07, 6.13, 2.67, 5.07, 2.55, 1.10, 2.33, 2.27, 0.69, 1.79, 1.078400134565964
No.147: 1.06, 6.09, 2.65, 5.09, 2.55, 1.10, 2.32, 2.25, 0.70, 1.81, 1.0868655739244468
No.148: 1.07, 6.10, 2.66, 5.09, 2.52, 1.09, 2.31, 2.23, 0.71, 1.81, 1.0975368945798947
No.149: 1.07, 6.10, 2.69, 5.01, 2.57, 1.10, 2.32, 2.23, 0.70, 1.82, 1.084037354602751
No.150: 1.07, 6.12, 2.68, 5.08, 2.55, 1.10, 2.32, 2.23, 0.69, 1.80, 1.088404527433732
No.151: 1.06, 6.11, 2.69, 5.11, 2.53, 1.09, 2.32, 2.24, 0.70, 1.81, 1.1032684070520116
No.152: 1.08, 6.08, 2.66, 5.07, 2.55, 1.09, 2.32, 2.24, 0.69, 1.81, 1.240626720730002
No.153: 1.06, 6.11, 2.69, 5.10, 2.54, 1.09, 2.32, 2.24, 0.70, 1.81, 1.1114714192933175
No.154: 1.07, 6.09, 2.67, 5.09, 2.52, 1.08, 2.36, 2.23, 0.69, 1.83, 0.993672733630226
No.155: 1.07, 6.09, 2.69, 5.10, 2.56, 1.08, 2.31, 2.26, 0.69, 1.81, 1.010794651061305
No.156: 1.07, 6.08, 2.68, 5.12, 2.53, 1.09, 2.31, 2.24, 0.69, 1.82, 1.0082596023144537
No.157: 1.07, 6.09, 2.70, 5.11, 2.55, 1.10, 2.31, 2.24, 0.69, 1.80, 1.0349455137325618
No.158: 1.07, 6.13, 2.67, 5.08, 2.55, 1.10, 2.33, 2.27, 0.69, 1.80, 1.0543048766868
No.159: 1.07, 6.09, 2.69, 5.02, 2.57, 1.10, 2.32, 2.23, 0.69, 1.82, 1.0531569862895673
No.160: 1.06, 6.09, 2.65, 5.10, 2.55, 1.10, 2.31, 2.25, 0.70, 1.81, 1.0891141682220151
No.161: 1.07, 6.12, 2.68, 5.09, 2.55, 1.10, 2.32, 2.23, 0.69, 1.81, 1.0649659865415104
No.162: 1.07, 6.10, 2.66, 5.10, 2.52, 1.09, 2.31, 2.24, 0.71, 1.81, 1.0721025633766845
No.163: 1.06, 6.11, 2.69, 5.11, 2.53, 1.09, 2.32, 2.24, 0.69, 1.82, 1.1163488586737702
No.164: 1.08, 6.08, 2.66, 5.08, 2.55, 1.09, 2.32, 2.24, 0.69, 1.81, 1.2333759237391484
No.165: 1.06, 6.10, 2.69, 5.11, 2.54, 1.09, 2.32, 2.24, 0.69, 1.82, 24244.011028807006
No.166: 1.07, 6.09, 2.67, 5.10, 2.53, 1.08, 2.36, 2.23, 0.69, 1.83, 0.9821738766254329
No.167: 1.07, 6.08, 2.68, 5.12, 2.53, 1.09, 2.30, 2.24, 0.69, 1.82, 1.0178141472563427
No.168: 1.07, 6.09, 2.69, 5.10, 2.56, 1.08, 2.31, 2.25, 0.69, 1.81, 1.0192311341731244
No.169: 1.07, 6.09, 2.70, 5.11, 2.55, 1.10, 2.31, 2.24, 0.69, 1.81, 1.0199212673030673
No.170: 1.07, 6.09, 2.69, 5.03, 2.56, 1.10, 2.32, 2.23, 0.69, 1.82, 1.057649340801511
No.171: 1.07, 6.12, 2.67, 5.09, 2.55, 1.10, 2.32, 2.27, 0.69, 1.80, 1.0486535890936244
No.172: 1.07, 6.11, 2.68, 5.10, 2.55, 1.10, 2.32, 2.23, 0.69, 1.81, 1.0599998399595192
No.173: 1.07, 6.10, 2.66, 5.10, 2.52, 1.09, 2.31, 2.24, 0.71, 1.82, 1.0573042372767596
No.174: 1.06, 6.09, 2.66, 5.11, 2.55, 1.10, 2.31, 2.25, 0.70, 1.81, 1.0811542913162422
No.175: 1.06, 6.11, 2.69, 5.12, 2.54, 1.09, 2.31, 2.24, 0.69, 1.82, 1.1186681699325411
No.176: 1.08, 6.08, 2.66, 5.09, 2.55, 1.09, 2.32, 2.24, 0.69, 1.82, 1.2139554405999688
No.177: 1.07, 6.10, 2.69, 5.11, 2.54, 1.09, 2.31, 2.24, 0.69, 1.82, 1.020732987963033
No.178: 1.08, 6.10, 2.70, 5.10, 2.54, 1.09, 2.32, 2.23, 0.69, 1.82, 1.22455667638251
No.179: 1.07, 6.09, 2.66, 5.11, 2.55, 1.10, 2.31, 2.24, 0.69, 1.82, 0.9978714996966589
No.180: 1.07, 6.08, 2.68, 5.11, 2.54, 1.09, 2.32, 2.26, 0.70, 1.83, 0.9752065372663182
No.181: 1.06, 6.09, 2.66, 5.19, 2.52, 1.08, 2.31, 2.26, 0.69, 1.82, 8.48038185873287
No.182: 1.07, 6.09, 2.69, 5.06, 2.56, 1.10, 2.32, 2.23, 0.69, 1.82, 1.0396336609654262
No.183: 1.07, 6.08, 2.70, 5.11, 2.56, 1.10, 2.32, 2.25, 0.68, 1.82, 14351.146057276304
No.184: 1.07, 6.10, 2.67, 5.11, 2.53, 1.09, 2.31, 2.24, 0.70, 1.82, 1.0358236960528682
No.185: 1.07, 6.06, 2.68, 5.13, 2.54, 1.09, 2.31, 2.22, 0.70, 1.84, 19971.757002684946
No.186: 1.07, 6.11, 2.68, 5.09, 2.54, 1.09, 2.32, 2.26, 0.69, 1.81, 1.0351522163705384
No.187: 1.07, 6.09, 2.67, 5.17, 2.52, 1.08, 2.31, 2.25, 0.69, 1.82, 0.9807159014501261
No.188: 1.07, 6.08, 2.69, 5.13, 2.55, 1.09, 2.32, 2.25, 0.68, 1.82, 1.0759715353323782
No.189: 1.07, 6.10, 2.67, 5.11, 2.53, 1.09, 2.31, 2.24, 0.70, 1.82, 1.0358236960528682
No.190: 1.07, 6.08, 2.68, 5.12, 2.54, 1.09, 2.31, 2.25, 0.70, 1.83, 0.986103167061751
No.191: 1.07, 6.09, 2.67, 5.17, 2.53, 1.09, 2.31, 2.25, 0.69, 1.82, 0.9755646667153067
No.192: 1.07, 6.09, 2.67, 5.11, 2.53, 1.09, 2.35, 2.23, 0.69, 1.83, 1.014027695545802
No.193: 1.07, 6.09, 2.66, 5.11, 2.55, 1.10, 2.31, 2.24, 0.69, 1.82, 0.9978714996966589
No.194: 1.07, 6.08, 2.68, 5.13, 2.53, 1.09, 2.30, 2.24, 0.69, 1.82, 1.0108560186746705
No.195: 1.07, 6.09, 2.69, 5.11, 2.56, 1.08, 2.30, 2.25, 0.69, 1.82, 1.107663402647801
No.196: 1.07, 6.09, 2.69, 5.12, 2.55, 1.10, 2.31, 2.24, 0.69, 1.81, 1.016626902105538
No.197: 1.07, 6.10, 2.69, 5.12, 2.54, 1.09, 2.31, 2.24, 0.69, 1.82, 1.0141604916372307
No.198: 1.07, 6.11, 2.68, 5.10, 2.54, 1.09, 2.32, 2.26, 0.69, 1.81, 1.0277286354436008
No.199: 1.07, 6.10, 2.67, 5.11, 2.53, 1.09, 2.31, 2.24, 0.70, 1.82, 1.0358236960528682
No.200: 1.07, 6.10, 2.66, 5.14, 2.52, 1.10, 2.32, 2.23, 0.69, 1.83, 1.0044516720202352
No.201: 1.07, 6.09, 2.68, 5.14, 2.54, 1.10, 2.32, 2.25, 0.68, 1.82, 3.2121506243523266
No.202: 1.07, 6.09, 2.67, 5.11, 2.53, 1.09, 2.31, 2.24, 0.70, 1.82, 5.883441558747227
No.203: 1.07, 6.09, 2.67, 5.16, 2.53, 1.09, 2.31, 2.25, 0.69, 1.82, 0.9823836708240351
No.204: 1.07, 6.08, 2.68, 5.12, 2.54, 1.09, 2.31, 2.25, 0.70, 1.83, 0.986103167061751
No.205: 1.07, 6.09, 2.67, 5.12, 2.55, 1.10, 2.31, 2.24, 0.69, 1.82, 1.009723554927263
No.206: 1.07, 6.10, 2.67, 5.14, 2.52, 1.10, 2.32, 2.24, 0.69, 1.83, 0.9920876327871211
No.207: 1.07, 6.08, 2.68, 5.13, 2.53, 1.09, 2.30, 2.24, 0.69, 1.82, 1.0108560186746705
No.208: 1.07, 6.09, 2.67, 5.11, 2.53, 1.09, 2.35, 2.23, 0.69, 1.83, 1.014027695545802
No.209: 1.07, 6.10, 2.68, 5.12, 2.54, 1.09, 2.31, 2.24, 0.69, 1.82, 1.0490022161080714
No.210: 1.07, 6.09, 2.69, 5.12, 2.55, 1.10, 2.31, 2.24, 0.69, 1.81, 1.016626902105538
No.211: 1.07, 6.11, 2.68, 5.11, 2.54, 1.09, 2.32, 2.25, 0.69, 1.81, 1.0290557106819278
No.212: 1.07, 6.09, 2.67, 5.11, 2.53, 1.09, 2.31, 2.24, 0.70, 1.82, 5.883441558747227
No.213: 1.07, 6.09, 2.68, 5.14, 2.54, 1.10, 2.32, 2.25, 0.68, 1.82, 3.2121506243523266
No.214: 1.07, 6.09, 2.68, 5.14, 2.54, 1.10, 2.32, 2.25, 0.69, 1.82, 0.9948924591981774
No.215: 1.07, 6.08, 2.67, 5.14, 2.54, 1.09, 2.32, 2.25, 0.69, 1.83, 1.0366804280373687
No.216: 1.07, 6.08, 2.67, 5.14, 2.54, 1.09, 2.32, 2.25, 0.69, 1.82, 0.9755671341926708
No.217: 1.07, 6.07, 2.67, 5.16, 2.53, 1.09, 2.31, 2.23, 0.69, 1.84, 0.9936513899259702
No.218: 1.07, 6.08, 2.65, 5.15, 2.52, 1.09, 2.32, 2.25, 0.69, 1.84, 1.0195780112121344
No.219: 1.07, 6.09, 2.69, 5.13, 2.54, 1.10, 2.31, 2.24, 0.69, 1.82, 4972.064169686037
No.220: 1.07, 6.08, 2.67, 5.14, 2.54, 1.09, 2.32, 2.24, 0.69, 1.83, 0.9700979010900246
No.221: 1.07, 6.09, 2.67, 5.16, 2.53, 1.09, 2.31, 2.25, 0.69, 1.82, 0.9823836708240351
No.222: 1.07, 6.08, 2.68, 5.12, 2.54, 1.09, 2.31, 2.25, 0.69, 1.83, 22748.025353688383
No.223: 1.07, 6.09, 2.67, 5.14, 2.52, 1.10, 2.32, 2.24, 0.69, 1.83, 0.9851662003002187
No.224: 1.07, 6.07, 2.67, 5.16, 2.53, 1.09, 2.31, 2.23, 0.69, 1.84, 0.9936513899259702
No.225: 1.07, 6.09, 2.68, 5.14, 2.54, 1.10, 2.32, 2.25, 0.69, 1.83, 1.0525560775288922
No.226: 1.07, 6.09, 2.67, 5.12, 2.55, 1.10, 2.31, 2.24, 0.69, 1.82, 1.009723554927263
No.227: 1.07, 6.08, 2.68, 5.13, 2.53, 1.09, 2.30, 2.24, 0.69, 1.82, 1.0108560186746705
No.228: 1.07, 6.09, 2.67, 5.12, 2.53, 1.09, 2.34, 2.23, 0.69, 1.83, 0.9942430430503437
No.229: 1.07, 6.09, 2.69, 5.12, 2.55, 1.10, 2.31, 2.24, 0.69, 1.81, 1.016626902105538
No.230: 1.07, 6.09, 2.67, 5.15, 2.53, 1.10, 2.32, 2.23, 0.69, 1.82, 0.9968863009284312
No.231: 1.07, 6.09, 2.67, 5.14, 2.53, 1.09, 2.31, 2.23, 0.69, 1.83, 0.9997386293584314
No.232: 1.07, 6.08, 2.65, 5.16, 2.52, 1.09, 2.32, 2.24, 0.69, 1.84, 0.9966353901688374
No.233: 1.07, 6.09, 2.66, 5.16, 2.53, 1.09, 2.33, 2.24, 0.69, 1.83, 0.9627286508099137
No.234: 1.07, 6.08, 2.67, 5.18, 2.52, 1.09, 2.33, 2.23, 0.69, 1.84, 3815.3621769691827
No.235: 1.07, 6.09, 2.67, 5.13, 2.54, 1.09, 2.31, 2.24, 0.69, 1.82, 1.017541371606631
No.236: 1.07, 6.09, 2.66, 5.16, 2.53, 1.09, 2.33, 2.24, 0.69, 1.83, 0.9627286508099137
No.237: 1.07, 6.08, 2.67, 5.14, 2.54, 1.09, 2.31, 2.24, 0.69, 1.83, 0.9788807462455551
No.238: 1.07, 6.09, 2.67, 5.16, 2.53, 1.09, 2.31, 2.25, 0.69, 1.82, 0.9823836708240351
No.239: 1.07, 6.09, 2.67, 5.14, 2.53, 1.10, 2.32, 2.24, 0.69, 1.83, 0.9889453110931614
No.240: 1.07, 6.07, 2.67, 5.16, 2.53, 1.09, 2.31, 2.23, 0.69, 1.84, 0.9936513899259702
No.241: 1.07, 6.09, 2.67, 5.12, 2.53, 1.09, 2.34, 2.23, 0.69, 1.83, 0.9942430430503437
No.242: 1.07, 6.08, 2.65, 5.16, 2.52, 1.09, 2.32, 2.24, 0.69, 1.84, 0.9966353901688374
No.243: 1.07, 6.09, 2.67, 5.15, 2.53, 1.10, 2.32, 2.23, 0.69, 1.82, 0.9968863009284312
No.244: 1.07, 6.09, 2.67, 5.14, 2.53, 1.09, 2.31, 2.23, 0.69, 1.83, 0.9997386293584314
No.245: 1.07, 6.09, 2.67, 5.12, 2.55, 1.10, 2.31, 2.24, 0.69, 1.82, 1.009723554927263
No.246: 1.07, 6.08, 2.67, 5.18, 2.52, 1.09, 2.32, 2.23, 0.69, 1.84, 0.9164451828766058
No.247: 1.07, 6.08, 2.67, 5.16, 2.53, 1.09, 2.32, 2.24, 0.68, 1.84, 5459.66021189797
No.248: 1.07, 6.09, 2.67, 5.15, 2.53, 1.09, 2.31, 2.23, 0.69, 1.83, 0.992311332034024
No.249: 1.07, 6.08, 2.66, 5.15, 2.53, 1.09, 2.32, 2.24, 0.69, 1.84, 1.0195118157535181
No.250: 1.07, 6.09, 2.67, 5.15, 2.53, 1.10, 2.32, 2.23, 0.69, 1.83, 0.9825622280514965
No.251: 1.07, 6.09, 2.69, 5.14, 2.54, 1.10, 2.32, 2.24, 0.69, 1.82, 2774.4862146256173
No.252: 1.07, 6.08, 2.66, 5.16, 2.52, 1.09, 2.32, 2.24, 0.69, 1.84, 1.011515151036291
No.253: 1.07, 6.08, 2.67, 5.17, 2.52, 1.09, 2.32, 2.23, 0.69, 1.84, 0.91907464346899
No.254: 1.07, 6.09, 2.66, 5.16, 2.53, 1.09, 2.32, 2.24, 0.69, 1.83, 0.9341979410333348
No.255: 1.07, 6.08, 2.67, 5.14, 2.54, 1.09, 2.31, 2.24, 0.69, 1.83, 0.9788807462455551
No.256: 1.07, 6.09, 2.67, 5.16, 2.53, 1.09, 2.31, 2.25, 0.69, 1.82, 0.9823836708240351
No.257: 1.07, 6.09, 2.67, 5.15, 2.53, 1.10, 2.31, 2.23, 0.69, 1.83, 0.9919478872460932
No.258: 1.07, 6.09, 2.67, 5.14, 2.53, 1.10, 2.32, 2.24, 0.69, 1.83, 0.9889453110931614
No.259: 1.07, 6.09, 2.67, 5.15, 2.53, 1.09, 2.31, 2.23, 0.69, 1.83, 0.992311332034024
No.260: 1.07, 6.07, 2.67, 5.16, 2.53, 1.09, 2.31, 2.23, 0.69, 1.84, 0.9936513899259702
No.261: 1.07, 6.09, 2.67, 5.12, 2.53, 1.09, 2.33, 2.24, 0.69, 1.83, 0.9850581268456085
No.262: 1.07, 6.08, 2.66, 5.16, 2.52, 1.09, 2.32, 2.24, 0.69, 1.84, 1.011515151036291
No.263: 1.07, 6.09, 2.68, 5.14, 2.54, 1.10, 2.31, 2.24, 0.69, 1.82, 663.8218929379091
No.264: 1.07, 6.08, 2.66, 5.16, 2.53, 1.09, 2.32, 2.24, 0.69, 1.84, 1.0116403674926504
No.265: 1.07, 6.08, 2.67, 5.17, 2.52, 1.09, 2.32, 2.23, 0.69, 1.84, 0.91907464346899
No.266: 1.07, 6.09, 2.66, 5.16, 2.54, 1.09, 2.32, 2.24, 0.69, 1.83, 0.978757678839887
No.267: 1.07, 6.08, 2.67, 5.14, 2.54, 1.09, 2.31, 2.24, 0.69, 1.83, 0.9788807462455551
No.268: 1.07, 6.09, 2.67, 5.16, 2.53, 1.09, 2.31, 2.25, 0.69, 1.83, 1.0230882332383138
No.269: 1.07, 6.09, 2.67, 5.13, 2.54, 1.09, 2.33, 2.24, 0.69, 1.83, 1.031935101238003
No.270: 1.07, 6.09, 2.67, 5.14, 2.53, 1.10, 2.31, 2.24, 0.69, 1.83, 0.9890200798540475
No.271: 1.07, 6.09, 2.67, 5.15, 2.54, 1.10, 2.31, 2.23, 0.69, 1.83, 0.9878558837042561
No.272: 1.07, 6.09, 2.67, 5.15, 2.53, 1.09, 2.31, 2.23, 0.69, 1.83, 0.992311332034024
No.273: 1.07, 6.07, 2.67, 5.16, 2.53, 1.09, 2.31, 2.23, 0.69, 1.84, 0.9936513899259702
No.274: 1.07, 6.08, 2.66, 5.16, 2.53, 1.09, 2.31, 2.24, 0.69, 1.84, 1.0219003048121005
No.275: 1.07, 6.08, 2.67, 5.18, 2.53, 1.10, 2.29, 2.24, 0.69, 1.83, 0.9749852758024227
No.276: 1.07, 6.08, 2.67, 5.15, 2.53, 1.10, 2.31, 2.23, 0.69, 1.84, 1.0297747729138602
No.277: 1.07, 6.09, 2.67, 5.16, 2.53, 1.09, 2.31, 2.24, 0.69, 1.83, 0.98297462899718
No.278: 1.07, 6.09, 2.68, 5.16, 2.54, 1.10, 2.31, 2.24, 0.69, 1.82, 2.4053593511509
No.279: 1.07, 6.08, 2.66, 5.16, 2.53, 1.09, 2.31, 2.24, 0.69, 1.84, 1.0219003048121005
No.280: 1.07, 6.08, 2.67, 5.17, 2.53, 1.09, 2.32, 2.23, 0.69, 1.84, 1.003719262783422
No.281: 1.07, 6.08, 2.67, 5.18, 2.53, 1.10, 2.29, 2.24, 0.69, 1.83, 0.9749852758024227
No.282: 1.07, 6.09, 2.66, 5.16, 2.54, 1.09, 2.32, 2.24, 0.69, 1.83, 0.978757678839887
No.283: 1.07, 6.08, 2.67, 5.14, 2.54, 1.09, 2.31, 2.24, 0.69, 1.83, 0.9788807462455551
No.284: 1.07, 6.09, 2.67, 5.16, 2.53, 1.09, 2.31, 2.24, 0.69, 1.83, 0.98297462899718
No.285: 1.07, 6.09, 2.67, 5.15, 2.54, 1.10, 2.31, 2.23, 0.69, 1.83, 0.9878558837042561
No.286: 1.07, 6.09, 2.67, 5.15, 2.53, 1.10, 2.31, 2.24, 0.69, 1.83, 0.9821741988494673
No.287: 1.07, 6.09, 2.67, 5.15, 2.54, 1.09, 2.31, 2.24, 0.69, 1.83, 0.8972789797309642
No.288: 1.07, 6.07, 2.67, 5.16, 2.54, 1.09, 2.31, 2.23, 0.69, 1.84, 1.0065993032922325
No.289: 1.07, 6.08, 2.66, 5.16, 2.53, 1.09, 2.31, 2.24, 0.69, 1.84, 1.0219003048121005
No.290: 1.07, 6.09, 2.68, 5.16, 2.54, 1.10, 2.31, 2.24, 0.69, 1.83, 1.0272155325914685
No.291: 1.07, 6.08, 2.66, 5.16, 2.53, 1.09, 2.31, 2.24, 0.69, 1.84, 1.0219003048121005
No.292: 1.07, 6.09, 2.67, 5.15, 2.54, 1.09, 2.31, 2.24, 0.69, 1.83, 0.8972789797309642
No.293: 1.07, 6.08, 2.67, 5.18, 2.53, 1.10, 2.29, 2.24, 0.69, 1.83, 0.9749852758024227
No.294: 1.07, 6.09, 2.67, 5.16, 2.54, 1.09, 2.32, 2.24, 0.69, 1.83, 1.1231979287437384
No.295: 1.07, 6.08, 2.67, 5.15, 2.54, 1.09, 2.31, 2.24, 0.69, 1.83, 6086.461343613661
No.296: 1.07, 6.09, 2.67, 5.15, 2.53, 1.10, 2.31, 2.24, 0.69, 1.83, 0.9821741988494673
No.297: 1.07, 6.09, 2.67, 5.16, 2.54, 1.09, 2.31, 2.24, 0.69, 1.83, 0.9461275411842434
No.298: 1.07, 6.09, 2.67, 5.15, 2.54, 1.10, 2.31, 2.23, 0.69, 1.83, 0.9878558837042561
No.299: 1.07, 6.08, 2.67, 5.17, 2.53, 1.09, 2.32, 2.23, 0.69, 1.84, 1.003719262783422
No.300: 1.07, 6.08, 2.67, 5.16, 2.54, 1.09, 2.31, 2.23, 0.69, 1.84, 1.021839104950542
No.301: 1.07, 6.08, 2.66, 5.16, 2.53, 1.09, 2.31, 2.24, 0.69, 1.84, 1.0219003048121005
No.302: 1.07, 6.09, 2.67, 5.17, 2.53, 1.09, 2.31, 2.23, 0.69, 1.84, 1.0293693549654128
No.303: 1.07, 6.08, 2.67, 5.16, 2.53, 1.09, 2.30, 2.24, 0.69, 1.83, 0.9798280798595229
No.304: 1.07, 6.08, 2.67, 5.15, 2.54, 1.09, 2.31, 2.24, 0.69, 1.83, 6086.461343613661
No.305: 1.07, 6.09, 2.67, 5.17, 2.53, 1.09, 2.31, 2.23, 0.69, 1.84, 1.0293693549654128
No.306: 1.07, 6.09, 2.67, 5.15, 2.54, 1.09, 2.31, 2.24, 0.69, 1.83, 0.8972789797309642
No.307: 1.07, 6.09, 2.67, 5.16, 2.54, 1.09, 2.31, 2.24, 0.69, 1.83, 0.9461275411842434
No.308: 1.07, 6.08, 2.67, 5.18, 2.54, 1.10, 2.30, 2.24, 0.69, 1.83, 0.9603065341240273
No.309: 1.07, 6.08, 2.67, 5.16, 2.53, 1.09, 2.30, 2.24, 0.69, 1.83, 0.9798280798595229
No.310: 1.07, 6.09, 2.67, 5.15, 2.53, 1.10, 2.31, 2.24, 0.69, 1.83, 0.9821741988494673
No.311: 1.07, 6.09, 2.67, 5.15, 2.54, 1.10, 2.31, 2.23, 0.69, 1.83, 0.9878558837042561
No.312: 1.07, 6.08, 2.67, 5.17, 2.53, 1.09, 2.31, 2.23, 0.69, 1.84, 1.0139014679795155
No.313: 1.07, 6.08, 2.67, 5.16, 2.54, 1.09, 2.31, 2.23, 0.69, 1.84, 1.021839104950542
No.314: 1.07, 6.08, 2.66, 5.16, 2.53, 1.09, 2.31, 2.24, 0.69, 1.84, 1.0219003048121005
No.315: 1.07, 6.09, 2.67, 5.17, 2.53, 1.09, 2.31, 2.23, 0.69, 1.84, 1.0293693549654128
No.316: 1.07, 6.08, 2.67, 5.15, 2.54, 1.09, 2.31, 2.24, 0.69, 1.83, 6086.461343613661
No.317: 1.07, 6.09, 2.67, 5.17, 2.53, 1.09, 2.31, 2.23, 0.69, 1.84, 1.0293693549654128
No.318: 1.07, 6.09, 2.67, 5.15, 2.54, 1.09, 2.31, 2.24, 0.69, 1.83, 0.8972789797309642
No.319: 1.07, 6.09, 2.67, 5.16, 2.54, 1.09, 2.31, 2.24, 0.69, 1.83, 0.9461275411842434
No.320: 1.07, 6.08, 2.67, 5.17, 2.54, 1.10, 2.30, 2.24, 0.69, 1.83, 0.9668401330925953
No.321: 1.07, 6.08, 2.67, 5.16, 2.53, 1.09, 2.30, 2.24, 0.69, 1.83, 0.9798280798595229
No.322: 1.07, 6.09, 2.67, 5.15, 2.53, 1.10, 2.31, 2.24, 0.69, 1.83, 0.9821741988494673
No.323: 1.07, 6.09, 2.67, 5.15, 2.54, 1.09, 2.31, 2.24, 0.69, 1.83, 0.8972789797309642
No.324: 1.07, 6.08, 2.67, 5.17, 2.53, 1.09, 2.31, 2.24, 0.69, 1.84, 1.0140656617307267
No.325: 1.07, 6.08, 2.67, 5.16, 2.54, 1.09, 2.31, 2.24, 0.69, 1.84, 1.0219742173191042
No.326: 1.07, 6.08, 2.66, 5.16, 2.53, 1.09, 2.31, 2.24, 0.69, 1.84, 1.0219003048121005
No.327: 1.07, 6.09, 2.67, 5.17, 2.53, 1.09, 2.31, 2.23, 0.69, 1.84, 1.0293693549654128
No.328: 1.07, 6.08, 2.67, 5.15, 2.54, 1.09, 2.30, 2.24, 0.69, 1.83, 0.9814675027376887
No.329: 1.07, 6.09, 2.67, 5.16, 2.54, 1.09, 2.30, 2.24, 0.69, 1.83, 0.8712708301939676
No.330: 1.07, 6.09, 2.68, 5.16, 2.54, 1.10, 2.30, 2.24, 0.69, 1.83, 1.0545671436004584
No.331: 1.07, 6.08, 2.67, 5.16, 2.53, 1.09, 2.31, 2.24, 0.69, 1.84, 1.021929647750785
No.332: 1.07, 6.09, 2.67, 5.16, 2.54, 1.09, 2.30, 2.24, 0.69, 1.83, 0.8712708301939676
No.333: 1.07, 6.09, 2.67, 5.15, 2.54, 1.09, 2.31, 2.24, 0.69, 1.83, 0.8972789797309642
No.334: 1.07, 6.09, 2.67, 5.16, 2.54, 1.09, 2.31, 2.24, 0.69, 1.83, 0.9461275411842434
No.335: 1.07, 6.09, 2.67, 5.16, 2.54, 1.09, 2.31, 2.24, 0.69, 1.83, 0.9461275411842434
No.336: 1.07, 6.08, 2.67, 5.17, 2.54, 1.10, 2.30, 2.24, 0.69, 1.83, 0.9668401330925953
No.337: 1.07, 6.08, 2.67, 5.16, 2.54, 1.09, 2.30, 2.24, 0.69, 1.83, 153.1750146414723
No.338: 1.07, 6.08, 2.67, 5.15, 2.54, 1.09, 2.30, 2.24, 0.69, 1.83, 0.9814675027376887
No.339: 1.07, 6.09, 2.67, 5.15, 2.54, 1.10, 2.31, 2.24, 0.69, 1.83, 0.8422787902986948
No.340: 1.07, 6.08, 2.67, 5.17, 2.53, 1.09, 2.31, 2.24, 0.69, 1.84, 1.0140656617307267
No.341: 1.07, 6.08, 2.66, 5.16, 2.53, 1.09, 2.31, 2.24, 0.69, 1.84, 1.0219003048121005
No.342: 1.07, 6.09, 2.67, 5.15, 2.54, 1.09, 2.31, 2.24, 0.69, 1.83, 0.8972789797309642
No.343: 1.07, 6.09, 2.68, 5.16, 2.54, 1.10, 2.30, 2.24, 0.69, 1.83, 1.0545671436004584
No.344: 1.07, 6.08, 2.67, 5.16, 2.54, 1.09, 2.31, 2.24, 0.69, 1.84, 1.0219742173191042
No.345: 1.07, 6.09, 2.67, 5.16, 2.54, 1.09, 2.30, 2.24, 0.69, 1.83, 0.8712708301939676
No.346: 1.07, 6.09, 2.67, 5.16, 2.54, 1.09, 2.30, 2.24, 0.69, 1.83, 0.8712708301939676
No.347: 1.07, 6.09, 2.67, 5.15, 2.54, 1.09, 2.31, 2.24, 0.69, 1.83, 0.8972789797309642
No.348: 1.07, 6.09, 2.67, 5.15, 2.54, 1.09, 2.31, 2.24, 0.69, 1.83, 0.8972789797309642
No.349: 1.07, 6.09, 2.67, 5.15, 2.54, 1.09, 2.31, 2.24, 0.69, 1.83, 0.8972789797309642
No.350: 1.07, 6.09, 2.67, 5.16, 2.54, 1.09, 2.31, 2.24, 0.69, 1.83, 0.9461275411842434
No.351: 1.07, 6.08, 2.67, 5.17, 2.54, 1.10, 2.30, 2.24, 0.69, 1.83, 0.9668401330925953
No.352: 1.07, 6.08, 2.67, 5.15, 2.54, 1.09, 2.30, 2.24, 0.69, 1.83, 0.9814675027376887
No.353: 1.07, 6.08, 2.67, 5.16, 2.53, 1.09, 2.31, 2.24, 0.69, 1.84, 1.021929647750785
No.354: 1.07, 6.08, 2.67, 5.16, 2.53, 1.09, 2.31, 2.24, 0.69, 1.84, 1.021929647750785
No.355: 1.07, 6.09, 2.68, 5.16, 2.54, 1.10, 2.30, 2.24, 0.69, 1.83, 1.0545671436004584
No.356: 1.07, 6.09, 2.67, 5.16, 2.54, 1.09, 2.31, 2.24, 0.69, 1.83, 0.9461275411842434
No.357: 1.07, 6.09, 2.67, 5.15, 2.54, 1.10, 2.30, 2.24, 0.69, 1.83, 0.8756533343309466
No.358: 1.07, 6.09, 2.67, 5.16, 2.54, 1.10, 2.31, 2.24, 0.69, 1.83, 0.8856429864261584
No.359: 1.07, 6.09, 2.67, 5.14, 2.54, 1.09, 2.31, 2.24, 0.69, 1.83, 0.8387972124664442
No.360: 1.07, 6.09, 2.67, 5.13, 2.54, 1.09, 2.32, 2.24, 0.69, 1.83, 21.992024208418734
No.361: 1.07, 6.09, 2.67, 5.15, 2.54, 1.10, 2.31, 2.24, 0.69, 1.83, 0.8422787902986948
No.362: 1.07, 6.09, 2.67, 5.14, 2.54, 1.10, 2.31, 2.24, 0.69, 1.83, 0.997799098431297
No.363: 1.07, 6.09, 2.67, 5.16, 2.54, 1.09, 2.31, 2.24, 0.69, 1.83, 0.9461275411842434
No.364: 1.07, 6.09, 2.67, 5.15, 2.54, 1.10, 2.31, 2.24, 0.69, 1.83, 0.8422787902986948
No.365: 1.07, 6.09, 2.67, 5.15, 2.54, 1.10, 2.31, 2.24, 0.69, 1.83, 0.8422787902986948
No.366: 1.07, 6.09, 2.67, 5.15, 2.54, 1.09, 2.30, 2.24, 0.69, 1.83, 0.8812693208562838
No.367: 1.07, 6.09, 2.67, 5.16, 2.54, 1.09, 2.31, 2.24, 0.69, 1.83, 0.9461275411842434
No.368: 1.07, 6.09, 2.67, 5.15, 2.54, 1.10, 2.30, 2.24, 0.69, 1.83, 0.8756533343309466
No.369: 1.07, 6.09, 2.67, 5.16, 2.54, 1.09, 2.31, 2.24, 0.69, 1.83, 0.9461275411842434
No.370: 1.07, 6.09, 2.67, 5.15, 2.54, 1.09, 2.31, 2.24, 0.69, 1.83, 0.8972789797309642
No.371: 1.07, 6.09, 2.67, 5.15, 2.54, 1.09, 2.31, 2.24, 0.69, 1.83, 0.8972789797309642
No.372: 1.07, 6.09, 2.67, 5.15, 2.54, 1.09, 2.31, 2.24, 0.69, 1.83, 0.8972789797309642
No.373: 1.07, 6.09, 2.67, 5.16, 2.54, 1.09, 2.31, 2.24, 0.69, 1.83, 0.9461275411842434
No.374: 1.07, 6.09, 2.67, 5.14, 2.54, 1.10, 2.31, 2.24, 0.69, 1.83, 0.997799098431297
No.375: 1.07, 6.09, 2.67, 5.15, 2.54, 1.09, 2.31, 2.24, 0.69, 1.83, 0.8972789797309642
No.376: 1.07, 6.09, 2.67, 5.14, 2.54, 1.09, 2.31, 2.24, 0.69, 1.83, 0.8387972124664442
No.377: 1.07, 6.09, 2.67, 5.14, 2.54, 1.09, 2.31, 2.24, 0.69, 1.83, 0.8387972124664442
No.378: 1.07, 6.09, 2.67, 5.14, 2.54, 1.10, 2.31, 2.24, 0.69, 1.83, 0.997799098431297
No.379: 1.07, 6.09, 2.67, 5.15, 2.54, 1.09, 2.31, 2.24, 0.69, 1.83, 0.8972789797309642
No.380: 1.07, 6.09, 2.67, 5.14, 2.54, 1.09, 2.31, 2.24, 0.69, 1.83, 0.8387972124664442
No.381: 1.07, 6.09, 2.67, 5.14, 2.54, 1.09, 2.31, 2.24, 0.69, 1.83, 0.8387972124664442
No.382: 1.07, 6.09, 2.67, 5.15, 2.54, 1.10, 2.31, 2.24, 0.69, 1.83, 0.8422787902986948
No.383: 1.07, 6.09, 2.67, 5.15, 2.54, 1.10, 2.31, 2.24, 0.69, 1.83, 0.8422787902986948
No.384: 1.07, 6.09, 2.67, 5.15, 2.54, 1.10, 2.30, 2.24, 0.69, 1.83, 0.8756533343309466
No.385: 1.07, 6.09, 2.67, 5.15, 2.54, 1.09, 2.30, 2.24, 0.69, 1.83, 0.8812693208562838
No.386: 1.07, 6.09, 2.67, 5.15, 2.54, 1.09, 2.31, 2.24, 0.69, 1.83, 0.8972789797309642
No.387: 1.07, 6.09, 2.67, 5.15, 2.54, 1.09, 2.31, 2.24, 0.69, 1.83, 0.8972789797309642
No.388: 1.07, 6.09, 2.67, 5.15, 2.54, 1.09, 2.31, 2.24, 0.69, 1.83, 0.8972789797309642
No.389: 1.07, 6.09, 2.67, 5.15, 2.54, 1.09, 2.31, 2.24, 0.69, 1.83, 0.8972789797309642
No.390: 1.07, 6.09, 2.67, 5.14, 2.54, 1.10, 2.31, 2.24, 0.69, 1.83, 0.997799098431297
No.391: 1.07, 6.09, 2.67, 5.15, 2.54, 1.09, 2.31, 2.24, 0.69, 1.83, 0.8972789797309642
No.392: 1.07, 6.09, 2.67, 5.14, 2.54, 1.09, 2.31, 2.24, 0.69, 1.83, 0.8387972124664442
No.393: 1.07, 6.09, 2.67, 5.14, 2.54, 1.09, 2.31, 2.24, 0.69, 1.83, 0.8387972124664442
No.394: 1.07, 6.09, 2.67, 5.15, 2.54, 1.10, 2.31, 2.24, 0.69, 1.83, 0.8422787902986948
No.395: 1.07, 6.09, 2.67, 5.15, 2.54, 1.10, 2.31, 2.24, 0.69, 1.83, 0.8422787902986948
No.396: 1.07, 6.09, 2.67, 5.14, 2.54, 1.10, 2.30, 2.24, 0.69, 1.83, 63.553622050993944
No.397: 1.07, 6.09, 2.67, 5.15, 2.54, 1.09, 2.30, 2.24, 0.69, 1.83, 0.8812693208562838
No.398: 1.07, 6.09, 2.67, 5.15, 2.54, 1.09, 2.31, 2.24, 0.69, 1.83, 0.8972789797309642
No.399: 1.07, 6.09, 2.67, 5.15, 2.54, 1.09, 2.31, 2.24, 0.69, 1.83, 0.8972789797309642
No.400: 1.07, 6.09, 2.67, 5.15, 2.54, 1.09, 2.31, 2.24, 0.69, 1.83, 0.8972789797309642
No.401: 1.07, 6.09, 2.67, 5.15, 2.54, 1.09, 2.31, 2.24, 0.69, 1.83, 0.8972789797309642
No.402: 1.07, 6.09, 2.67, 5.15, 2.54, 1.09, 2.32, 2.24, 0.69, 1.83, 0.9455154767597426
No.403: 1.07, 6.09, 2.67, 5.15, 2.54, 1.09, 2.31, 2.24, 0.69, 1.83, 0.8972789797309642
No.404: 1.07, 6.09, 2.67, 5.14, 2.54, 1.09, 2.31, 2.24, 0.69, 1.83, 0.8387972124664442
No.405: 1.07, 6.09, 2.67, 5.14, 2.54, 1.10, 2.31, 2.24, 0.69, 1.83, 0.997799098431297
No.406: 1.07, 6.09, 2.67, 5.15, 2.54, 1.09, 2.31, 2.24, 0.69, 1.83, 0.8972789797309642
No.407: 1.07, 6.09, 2.67, 5.14, 2.54, 1.09, 2.31, 2.24, 0.69, 1.83, 0.8387972124664442
No.408: 1.07, 6.09, 2.67, 5.14, 2.54, 1.09, 2.31, 2.24, 0.69, 1.83, 0.8387972124664442
No.409: 1.07, 6.09, 2.67, 5.14, 2.54, 1.09, 2.31, 2.24, 0.69, 1.83, 0.8387972124664442
No.410: 1.07, 6.09, 2.67, 5.15, 2.54, 1.10, 2.31, 2.24, 0.69, 1.83, 0.8422787902986948
No.411: 1.07, 6.09, 2.67, 5.14, 2.54, 1.10, 2.31, 2.24, 0.69, 1.83, 0.997799098431297
No.412: 1.07, 6.09, 2.67, 5.15, 2.54, 1.09, 2.31, 2.24, 0.69, 1.83, 0.8972789797309642
No.413: 1.07, 6.09, 2.67, 5.15, 2.54, 1.09, 2.31, 2.24, 0.69, 1.83, 0.8972789797309642
No.414: 1.07, 6.09, 2.67, 5.15, 2.54, 1.09, 2.31, 2.24, 0.69, 1.83, 0.8972789797309642
No.415: 1.07, 6.09, 2.67, 5.15, 2.54, 1.09, 2.31, 2.24, 0.69, 1.83, 0.8972789797309642
No.416: 1.07, 6.09, 2.67, 5.15, 2.54, 1.09, 2.31, 2.24, 0.69, 1.83, 0.8972789797309642
No.417: 1.07, 6.09, 2.67, 5.15, 2.54, 1.09, 2.31, 2.24, 0.69, 1.83, 0.8972789797309642
No.418: 1.07, 6.09, 2.67, 5.15, 2.54, 1.09, 2.31, 2.24, 0.69, 1.83, 0.8972789797309642
No.419: 1.07, 6.09, 2.67, 5.14, 2.54, 1.09, 2.31, 2.24, 0.69, 1.83, 0.8387972124664442
No.420: 1.07, 6.09, 2.67, 5.14, 2.54, 1.10, 2.31, 2.24, 0.69, 1.83, 0.997799098431297
No.421: 1.07, 6.09, 2.67, 5.15, 2.54, 1.09, 2.31, 2.24, 0.69, 1.83, 0.8972789797309642
No.422: 1.07, 6.09, 2.67, 5.14, 2.54, 1.09, 2.31, 2.24, 0.69, 1.83, 0.8387972124664442
No.423: 1.07, 6.09, 2.67, 5.14, 2.54, 1.09, 2.31, 2.24, 0.69, 1.83, 0.8387972124664442
No.424: 1.07, 6.09, 2.67, 5.14, 2.54, 1.09, 2.31, 2.24, 0.69, 1.83, 0.8387972124664442
No.425: 1.07, 6.09, 2.67, 5.14, 2.54, 1.09, 2.31, 2.24, 0.69, 1.83, 0.8387972124664442
No.426: 1.07, 6.09, 2.67, 5.14, 2.54, 1.10, 2.31, 2.24, 0.69, 1.83, 0.997799098431297
No.427: 1.07, 6.09, 2.67, 5.15, 2.54, 1.09, 2.31, 2.24, 0.69, 1.83, 0.8972789797309642
No.428: 1.07, 6.09, 2.67, 5.15, 2.54, 1.09, 2.31, 2.24, 0.69, 1.83, 0.8972789797309642
No.429: 1.07, 6.09, 2.67, 5.15, 2.54, 1.09, 2.31, 2.24, 0.69, 1.83, 0.8972789797309642
No.430: 1.07, 6.09, 2.67, 5.15, 2.54, 1.09, 2.31, 2.24, 0.69, 1.83, 0.8972789797309642
No.431: 1.07, 6.09, 2.67, 5.15, 2.54, 1.09, 2.31, 2.24, 0.69, 1.83, 0.8972789797309642
No.432: 1.07, 6.09, 2.67, 5.14, 2.54, 1.09, 2.31, 2.24, 0.69, 1.83, 0.8387972124664442
No.433: 1.07, 6.09, 2.67, 5.14, 2.54, 1.09, 2.31, 2.24, 0.69, 1.83, 0.8387972124664442
No.434: 1.07, 6.09, 2.67, 5.14, 2.54, 1.09, 2.31, 2.24, 0.69, 1.83, 0.8387972124664442
No.435: 1.07, 6.09, 2.68, 5.14, 2.54, 1.09, 2.31, 2.24, 0.69, 1.83, 1.054776885303039
No.436: 1.07, 6.09, 2.67, 5.15, 2.54, 1.09, 2.31, 2.24, 0.69, 1.83, 0.8972789797309642
No.437: 1.07, 6.09, 2.67, 5.14, 2.54, 1.09, 2.31, 2.24, 0.69, 1.83, 0.8387972124664442
No.438: 1.07, 6.09, 2.67, 5.14, 2.54, 1.09, 2.31, 2.24, 0.69, 1.83, 0.8387972124664442
No.439: 1.07, 6.09, 2.67, 5.14, 2.54, 1.09, 2.31, 2.24, 0.69, 1.83, 0.8387972124664442
No.440: 1.07, 6.09, 2.67, 5.14, 2.54, 1.09, 2.31, 2.24, 0.69, 1.83, 0.8387972124664442
No.441: 1.07, 6.09, 2.67, 5.14, 2.54, 1.09, 2.31, 2.24, 0.69, 1.83, 0.8387972124664442
No.442: 1.07, 6.09, 2.67, 5.14, 2.54, 1.09, 2.31, 2.24, 0.69, 1.83, 0.8387972124664442
No.443: 1.07, 6.09, 2.67, 5.14, 2.54, 1.09, 2.31, 2.24, 0.69, 1.83, 0.8387972124664442
No.444: 1.07, 6.09, 2.67, 5.15, 2.54, 1.09, 2.31, 2.24, 0.69, 1.83, 0.8972789797309642
No.445: 1.07, 6.09, 2.67, 5.14, 2.54, 1.09, 2.31, 2.24, 0.69, 1.83, 0.8387972124664442
No.446: 1.07, 6.09, 2.67, 5.15, 2.54, 1.09, 2.31, 2.24, 0.69, 1.83, 0.8972789797309642
No.447: 1.07, 6.09, 2.67, 5.14, 2.54, 1.09, 2.31, 2.24, 0.69, 1.83, 0.8387972124664442
No.448: 1.07, 6.09, 2.67, 5.13, 2.54, 1.09, 2.31, 2.24, 0.69, 1.83, 0.9225456213700113
No.449: 1.07, 6.09, 2.67, 5.15, 2.54, 1.09, 2.31, 2.24, 0.69, 1.83, 0.8972789797309642
No.450: 1.07, 6.09, 2.67, 5.14, 2.54, 1.09, 2.31, 2.24, 0.69, 1.83, 0.8387972124664442
No.451: 1.07, 6.09, 2.67, 5.14, 2.54, 1.09, 2.31, 2.24, 0.69, 1.83, 0.8387972124664442
No.452: 1.07, 6.09, 2.67, 5.14, 2.54, 1.09, 2.31, 2.24, 0.69, 1.83, 0.8387972124664442
No.453: 1.07, 6.09, 2.67, 5.14, 2.54, 1.09, 2.31, 2.24, 0.69, 1.83, 0.8387972124664442
No.454: 1.07, 6.09, 2.67, 5.14, 2.54, 1.09, 2.31, 2.24, 0.69, 1.83, 0.8387972124664442
No.455: 1.07, 6.09, 2.67, 5.14, 2.54, 1.09, 2.31, 2.24, 0.69, 1.83, 0.8387972124664442
No.456: 1.07, 6.09, 2.67, 5.14, 2.54, 1.09, 2.31, 2.24, 0.69, 1.83, 0.8387972124664442
No.457: 1.07, 6.09, 2.67, 5.14, 2.54, 1.09, 2.31, 2.24, 0.69, 1.83, 0.8387972124664442
No.458: 1.07, 6.09, 2.67, 5.14, 2.54, 1.09, 2.31, 2.24, 0.69, 1.83, 0.8387972124664442
No.459: 1.07, 6.09, 2.67, 5.15, 2.54, 1.09, 2.31, 2.24, 0.69, 1.83, 0.8972789797309642
No.460: 1.07, 6.09, 2.67, 5.13, 2.54, 1.09, 2.31, 2.24, 0.69, 1.83, 0.9225456213700113
No.461: 1.07, 6.09, 2.67, 5.14, 2.54, 1.09, 2.31, 2.24, 0.69, 1.83, 0.8387972124664442
No.462: 1.07, 6.09, 2.67, 5.14, 2.54, 1.09, 2.31, 2.24, 0.69, 1.83, 0.8387972124664442
No.463: 1.07, 6.09, 2.67, 5.14, 2.54, 1.09, 2.31, 2.24, 0.69, 1.83, 0.8387972124664442
No.464: 1.07, 6.09, 2.67, 5.14, 2.54, 1.09, 2.31, 2.24, 0.69, 1.83, 0.8387972124664442
No.465: 1.07, 6.09, 2.67, 5.14, 2.54, 1.09, 2.31, 2.24, 0.69, 1.83, 0.8387972124664442
No.466: 1.07, 6.09, 2.67, 5.14, 2.54, 1.09, 2.31, 2.24, 0.69, 1.83, 0.8387972124664442
No.467: 1.07, 6.09, 2.67, 5.14, 2.54, 1.09, 2.31, 2.24, 0.69, 1.83, 0.8387972124664442
No.468: 1.07, 6.09, 2.67, 5.14, 2.54, 1.09, 2.31, 2.24, 0.69, 1.83, 0.8387972124664442
No.469: 1.07, 6.09, 2.67, 5.14, 2.54, 1.09, 2.31, 2.24, 0.69, 1.83, 0.8387972124664442
No.470: 1.07, 6.09, 2.67, 5.14, 2.54, 1.09, 2.31, 2.24, 0.69, 1.83, 0.8387972124664442
No.471: 1.07, 6.09, 2.67, 5.14, 2.54, 1.09, 2.31, 2.24, 0.69, 1.83, 0.8387972124664442
No.472: 1.07, 6.09, 2.67, 5.14, 2.54, 1.09, 2.31, 2.24, 0.69, 1.83, 0.8387972124664442
No.473: 1.07, 6.09, 2.67, 5.14, 2.54, 1.09, 2.31, 2.24, 0.69, 1.83, 0.8387972124664442
No.474: 1.07, 6.09, 2.67, 5.14, 2.54, 1.09, 2.31, 2.24, 0.69, 1.83, 0.8387972124664442
No.475: 1.07, 6.09, 2.67, 5.14, 2.54, 1.09, 2.31, 2.24, 0.69, 1.83, 0.8387972124664442
No.476: 1.07, 6.09, 2.67, 5.14, 2.54, 1.09, 2.31, 2.24, 0.69, 1.83, 0.8387972124664442
No.477: 1.07, 6.09, 2.67, 5.14, 2.54, 1.09, 2.31, 2.24, 0.69, 1.83, 0.8387972124664442
No.478: 1.07, 6.09, 2.67, 5.14, 2.54, 1.09, 2.31, 2.24, 0.69, 1.83, 0.8387972124664442
No.479: 1.07, 6.09, 2.67, 5.14, 2.54, 1.09, 2.31, 2.24, 0.69, 1.83, 0.8387972124664442
No.480: 1.07, 6.09, 2.67, 5.14, 2.54, 1.09, 2.31, 2.24, 0.69, 1.83, 0.8387972124664442
No.481: 1.07, 6.09, 2.67, 5.14, 2.54, 1.09, 2.31, 2.24, 0.69, 1.83, 0.8387972124664442
No.482: 1.07, 6.09, 2.67, 5.14, 2.54, 1.09, 2.31, 2.24, 0.69, 1.83, 0.8387972124664442
No.483: 1.07, 6.09, 2.67, 5.14, 2.54, 1.09, 2.31, 2.24, 0.69, 1.83, 0.8387972124664442
No.484: 1.07, 6.09, 2.67, 5.14, 2.54, 1.09, 2.31, 2.24, 0.69, 1.83, 0.8387972124664442
No.485: 1.07, 6.09, 2.67, 5.14, 2.54, 1.09, 2.31, 2.24, 0.69, 1.83, 0.8387972124664442
No.486: 1.07, 6.09, 2.67, 5.14, 2.54, 1.09, 2.31, 2.24, 0.69, 1.83, 0.8387972124664442
No.487: 1.07, 6.09, 2.67, 5.14, 2.54, 1.09, 2.31, 2.24, 0.69, 1.83, 0.8387972124664442
No.488: 1.07, 6.09, 2.67, 5.14, 2.54, 1.09, 2.31, 2.24, 0.69, 1.83, 0.8387972124664442
No.489: 1.07, 6.09, 2.67, 5.14, 2.54, 1.09, 2.31, 2.24, 0.69, 1.83, 0.8387972124664442
No.490: 1.07, 6.09, 2.67, 5.14, 2.54, 1.09, 2.31, 2.24, 0.69, 1.83, 0.8387972124664442
No.491: 1.07, 6.09, 2.67, 5.14, 2.54, 1.09, 2.31, 2.24, 0.69, 1.83, 0.8387972124664442
No.492: 1.07, 6.09, 2.67, 5.14, 2.54, 1.09, 2.31, 2.24, 0.69, 1.83, 0.8387972124664442
No.493: 1.07, 6.09, 2.67, 5.14, 2.54, 1.09, 2.31, 2.24, 0.69, 1.83, 0.8387972124664442
No.494: 1.07, 6.09, 2.67, 5.14, 2.54, 1.09, 2.31, 2.24, 0.69, 1.83, 0.8387972124664442
No.495: 1.07, 6.09, 2.67, 5.14, 2.54, 1.09, 2.31, 2.24, 0.69, 1.83, 0.8387972124664442
No.496: 1.07, 6.09, 2.67, 5.14, 2.54, 1.09, 2.31, 2.24, 0.69, 1.83, 0.8387972124664442
No.497: 1.07, 6.09, 2.67, 5.14, 2.54, 1.09, 2.31, 2.24, 0.69, 1.83, 0.8387972124664442
No.498: 1.07, 6.09, 2.67, 5.14, 2.54, 1.09, 2.31, 2.24, 0.69, 1.83, 0.8387972124664442
No.499: 1.07, 6.09, 2.67, 5.14, 2.54, 1.09, 2.31, 2.24, 0.69, 1.83, 0.8387972124664442
No.500: 1.07, 6.09, 2.67, 5.14, 2.54, 1.09, 2.31, 2.24, 0.69, 1.83, 0.8387972124664442
No.501: 1.07, 6.09, 2.67, 5.14, 2.54, 1.09, 2.31, 2.24, 0.69, 1.83, 0.8387972124664442
No.502: 1.07, 6.09, 2.67, 5.14, 2.54, 1.09, 2.31, 2.24, 0.69, 1.83, 0.8387972124664442
No.503: 1.07, 6.09, 2.67, 5.14, 2.54, 1.09, 2.31, 2.24, 0.69, 1.83, 0.8387972124664442
No.504: 1.07, 6.09, 2.67, 5.14, 2.54, 1.09, 2.31, 2.24, 0.69, 1.83, 0.8387972124664442
No.505: 1.07, 6.09, 2.67, 5.14, 2.54, 1.09, 2.31, 2.24, 0.69, 1.83, 0.8387972124664442
No.506: 1.07, 6.09, 2.67, 5.14, 2.54, 1.09, 2.31, 2.24, 0.69, 1.83, 0.8387972124664442
No.507: 1.07, 6.09, 2.67, 5.14, 2.54, 1.09, 2.31, 2.24, 0.69, 1.83, 0.8387972124664442
No.508: 1.07, 6.09, 2.67, 5.14, 2.54, 1.09, 2.31, 2.24, 0.69, 1.83, 0.8387972124664442
No.509: 1.07, 6.09, 2.67, 5.14, 2.54, 1.09, 2.31, 2.24, 0.69, 1.83, 0.8387972124664442
No.510: 1.07, 6.09, 2.67, 5.14, 2.54, 1.09, 2.31, 2.24, 0.69, 1.83, 0.8387972124664442
No.511: 1.07, 6.09, 2.67, 5.14, 2.54, 1.09, 2.31, 2.24, 0.69, 1.83, 0.8387972124664442
No.512: 1.07, 6.09, 2.67, 5.14, 2.54, 1.09, 2.31, 2.24, 0.69, 1.83, 0.8387972124664442
No.513: 1.07, 6.09, 2.67, 5.14, 2.54, 1.09, 2.31, 2.24, 0.69, 1.83, 0.8387972124664442
No.514: 1.07, 6.09, 2.67, 5.14, 2.54, 1.09, 2.31, 2.24, 0.69, 1.83, 0.8387972124664442
No.515: 1.07, 6.09, 2.67, 5.14, 2.54, 1.09, 2.31, 2.24, 0.69, 1.83, 0.8387972124664442
No.516: 1.07, 6.09, 2.67, 5.14, 2.54, 1.09, 2.31, 2.24, 0.69, 1.83, 0.8387972124664442
No.517: 1.07, 6.09, 2.67, 5.14, 2.54, 1.09, 2.31, 2.24, 0.69, 1.83, 0.8387972124664442
No.518: 1.07, 6.09, 2.67, 5.14, 2.54, 1.09, 2.31, 2.24, 0.69, 1.83, 0.8387972124664442
No.519: 1.07, 6.09, 2.67, 5.14, 2.54, 1.09, 2.31, 2.24, 0.69, 1.83, 0.8387972124664442
No.520: 1.07, 6.09, 2.67, 5.14, 2.54, 1.09, 2.31, 2.24, 0.69, 1.83, 0.8387972124664442
No.521: 1.07, 6.09, 2.67, 5.14, 2.54, 1.09, 2.31, 2.24, 0.69, 1.83, 0.8387972124664442
No.522: 1.07, 6.09, 2.67, 5.14, 2.54, 1.09, 2.31, 2.24, 0.69, 1.83, 0.8387972124664442
No.523: 1.07, 6.09, 2.67, 5.14, 2.54, 1.09, 2.31, 2.24, 0.69, 1.83, 0.8387972124664442
No.524: 1.07, 6.09, 2.67, 5.14, 2.54, 1.09, 2.31, 2.24, 0.69, 1.83, 0.8387972124664442
No.525: 1.07, 6.09, 2.67, 5.14, 2.54, 1.09, 2.31, 2.24, 0.69, 1.83, 0.8387972124664442
No.526: 1.07, 6.09, 2.67, 5.14, 2.54, 1.09, 2.31, 2.24, 0.69, 1.83, 0.8387972124664442
No.527: 1.07, 6.09, 2.67, 5.14, 2.54, 1.09, 2.31, 2.24, 0.69, 1.83, 0.8387972124664442
No.528: 1.07, 6.09, 2.67, 5.14, 2.54, 1.09, 2.31, 2.24, 0.69, 1.83, 0.8387972124664442
No.529: 1.07, 6.09, 2.67, 5.14, 2.54, 1.09, 2.31, 2.24, 0.69, 1.83, 0.8387972124664442
No.530: 1.07, 6.09, 2.67, 5.14, 2.54, 1.09, 2.31, 2.24, 0.69, 1.83, 0.8387972124664442
No.531: 1.07, 6.09, 2.67, 5.14, 2.54, 1.09, 2.31, 2.24, 0.69, 1.83, 0.8387972124664442
No.532: 1.07, 6.09, 2.67, 5.14, 2.54, 1.09, 2.31, 2.24, 0.69, 1.83, 0.8387972124664442
No.533: 1.07, 6.09, 2.67, 5.14, 2.54, 1.09, 2.31, 2.24, 0.69, 1.83, 0.8387972124664442
No.534: 1.07, 6.09, 2.67, 5.14, 2.54, 1.09, 2.31, 2.24, 0.69, 1.83, 0.8387972124664442
No.535: 1.07, 6.09, 2.67, 5.14, 2.54, 1.09, 2.31, 2.24, 0.69, 1.83, 0.8387972124664442
No.536: 1.07, 6.09, 2.67, 5.14, 2.54, 1.09, 2.31, 2.24, 0.69, 1.83, 0.8387972124664442
No.537: 1.07, 6.09, 2.67, 5.14, 2.54, 1.09, 2.31, 2.24, 0.69, 1.83, 0.8387972124664442
No.538: 1.07, 6.09, 2.67, 5.14, 2.54, 1.09, 2.31, 2.24, 0.69, 1.83, 0.8387972124664442
No.539: 1.07, 6.09, 2.67, 5.14, 2.54, 1.09, 2.31, 2.24, 0.69, 1.83, 0.8387972124664442
No.540: 1.07, 6.09, 2.67, 5.14, 2.54, 1.09, 2.31, 2.24, 0.69, 1.83, 0.8387972124664442
No.541: 1.07, 6.09, 2.67, 5.14, 2.54, 1.09, 2.31, 2.24, 0.69, 1.83, 0.8387972124664442
No.542: 1.07, 6.09, 2.67, 5.14, 2.54, 1.09, 2.31, 2.24, 0.69, 1.83, 0.8387972124664442
No.543: 1.07, 6.09, 2.67, 5.14, 2.54, 1.09, 2.31, 2.24, 0.69, 1.83, 0.8387972124664442
No.544: 1.07, 6.09, 2.67, 5.14, 2.54, 1.09, 2.31, 2.24, 0.69, 1.83, 0.8387972124664442
No.545: 1.07, 6.09, 2.67, 5.14, 2.54, 1.09, 2.31, 2.24, 0.69, 1.83, 0.8387972124664442
No.546: 1.07, 6.09, 2.67, 5.14, 2.54, 1.09, 2.31, 2.24, 0.69, 1.83, 0.8387972124664442
No.547: 1.07, 6.09, 2.67, 5.14, 2.54, 1.09, 2.31, 2.24, 0.69, 1.83, 0.8387972124664442
No.548: 1.07, 6.09, 2.67, 5.14, 2.54, 1.09, 2.31, 2.24, 0.69, 1.83, 0.8387972124664442
No.549: 1.07, 6.09, 2.67, 5.14, 2.54, 1.09, 2.31, 2.24, 0.69, 1.83, 0.8387972124664442
No.550: 1.07, 6.09, 2.67, 5.14, 2.54, 1.09, 2.31, 2.24, 0.69, 1.83, 0.8387972124664442
No.551: 1.07, 6.09, 2.67, 5.14, 2.54, 1.09, 2.31, 2.24, 0.69, 1.83, 0.8387972124664442
No.552: 1.07, 6.09, 2.67, 5.14, 2.54, 1.09, 2.31, 2.24, 0.69, 1.83, 0.8387972124664442
No.553: 1.07, 6.09, 2.67, 5.14, 2.54, 1.09, 2.31, 2.24, 0.69, 1.83, 0.8387972124664442
No.554: 1.07, 6.09, 2.67, 5.14, 2.54, 1.09, 2.31, 2.24, 0.69, 1.83, 0.8387972124664442
No.555: 1.07, 6.09, 2.67, 5.14, 2.54, 1.09, 2.31, 2.24, 0.69, 1.83, 0.8387972124664442
No.556: 1.07, 6.09, 2.67, 5.14, 2.54, 1.09, 2.31, 2.24, 0.69, 1.83, 0.8387972124664442
No.557: 1.07, 6.09, 2.67, 5.14, 2.54, 1.09, 2.31, 2.24, 0.69, 1.83, 0.8387972124664442
No.558: 1.07, 6.09, 2.67, 5.14, 2.54, 1.09, 2.31, 2.24, 0.69, 1.83, 0.8387972124664442
No.559: 1.07, 6.09, 2.67, 5.14, 2.54, 1.09, 2.31, 2.24, 0.69, 1.83, 0.8387972124664442
No.560: 1.07, 6.09, 2.67, 5.14, 2.54, 1.09, 2.31, 2.24, 0.69, 1.83, 0.8387972124664442
No.561: 1.07, 6.09, 2.67, 5.14, 2.54, 1.09, 2.31, 2.24, 0.69, 1.83, 0.8387972124664442
No.562: 1.07, 6.09, 2.67, 5.14, 2.54, 1.09, 2.31, 2.24, 0.69, 1.83, 0.8387972124664442
No.563: 1.07, 6.09, 2.67, 5.14, 2.54, 1.09, 2.31, 2.24, 0.69, 1.83, 0.8387972124664442
No.564: 1.07, 6.09, 2.67, 5.14, 2.54, 1.09, 2.31, 2.24, 0.69, 1.83, 0.8387972124664442
No.565: 1.07, 6.09, 2.67, 5.14, 2.54, 1.09, 2.31, 2.24, 0.69, 1.83, 0.8387972124664442
No.566: 1.07, 6.09, 2.67, 5.14, 2.54, 1.09, 2.31, 2.24, 0.69, 1.83, 0.8387972124664442
No.567: 1.07, 6.09, 2.67, 5.14, 2.54, 1.09, 2.31, 2.24, 0.69, 1.83, 0.8387972124664442
No.568: 1.07, 6.09, 2.67, 5.14, 2.54, 1.09, 2.31, 2.24, 0.69, 1.83, 0.8387972124664442
No.569: 1.07, 6.09, 2.67, 5.14, 2.54, 1.09, 2.31, 2.24, 0.69, 1.83, 0.8387972124664442
No.570: 1.07, 6.09, 2.67, 5.14, 2.54, 1.09, 2.31, 2.24, 0.69, 1.83, 0.8387972124664442
No.571: 1.07, 6.09, 2.67, 5.14, 2.54, 1.09, 2.31, 2.24, 0.69, 1.83, 0.8387972124664442
No.572: 1.07, 6.09, 2.67, 5.14, 2.54, 1.09, 2.31, 2.24, 0.69, 1.83, 0.8387972124664442
No.573: 1.07, 6.09, 2.67, 5.14, 2.54, 1.09, 2.31, 2.24, 0.69, 1.83, 0.8387972124664442
No.574: 1.07, 6.09, 2.67, 5.14, 2.54, 1.09, 2.31, 2.24, 0.69, 1.83, 0.8387972124664442
No.575: 1.07, 6.09, 2.67, 5.14, 2.54, 1.09, 2.31, 2.24, 0.69, 1.83, 0.8387972124664442
No.576: 1.07, 6.09, 2.67, 5.14, 2.54, 1.09, 2.31, 2.24, 0.69, 1.83, 0.8387972124664442
No.577: 1.07, 6.09, 2.67, 5.14, 2.54, 1.09, 2.31, 2.24, 0.69, 1.83, 0.8387972124664442
No.578: 1.07, 6.09, 2.67, 5.14, 2.54, 1.09, 2.31, 2.24, 0.69, 1.83, 0.8387972124664442
No.579: 1.07, 6.09, 2.67, 5.14, 2.54, 1.09, 2.31, 2.24, 0.69, 1.83, 0.8387972124664442
No.580: 1.07, 6.09, 2.67, 5.14, 2.54, 1.09, 2.31, 2.24, 0.69, 1.83, 0.8387972124664442
No.581: 1.07, 6.09, 2.67, 5.14, 2.54, 1.09, 2.31, 2.24, 0.69, 1.83, 0.8387972124664442
No.582: 1.07, 6.09, 2.67, 5.14, 2.54, 1.09, 2.31, 2.24, 0.69, 1.83, 0.8387972124664442
No.583: 1.07, 6.09, 2.67, 5.14, 2.54, 1.09, 2.31, 2.24, 0.69, 1.83, 0.8387972124664442
No.584: 1.07, 6.09, 2.67, 5.14, 2.54, 1.09, 2.31, 2.24, 0.69, 1.83, 0.8387972124664442
No.585: 1.07, 6.09, 2.67, 5.14, 2.54, 1.09, 2.31, 2.24, 0.69, 1.83, 0.8387972124664442
No.586: 1.07, 6.09, 2.67, 5.14, 2.54, 1.09, 2.31, 2.24, 0.69, 1.83, 0.8387972124664442
No.587: 1.07, 6.09, 2.67, 5.14, 2.54, 1.09, 2.31, 2.24, 0.69, 1.83, 0.8387972124664442
No.588: 1.07, 6.09, 2.67, 5.14, 2.54, 1.09, 2.31, 2.24, 0.69, 1.83, 0.8387972124664442
No.589: 1.07, 6.09, 2.67, 5.14, 2.54, 1.09, 2.31, 2.24, 0.69, 1.83, 0.8387972124664442
No.590: 1.07, 6.09, 2.67, 5.14, 2.54, 1.09, 2.31, 2.24, 0.69, 1.83, 0.8387972124664442
No.591: 1.07, 6.09, 2.67, 5.14, 2.54, 1.09, 2.31, 2.24, 0.69, 1.83, 0.8387972124664442
No.592: 1.07, 6.09, 2.67, 5.14, 2.54, 1.09, 2.31, 2.24, 0.69, 1.83, 0.8387972124664442
No.593: 1.07, 6.09, 2.67, 5.14, 2.54, 1.09, 2.31, 2.24, 0.69, 1.83, 0.8387972124664442
No.594: 1.07, 6.09, 2.67, 5.14, 2.54, 1.09, 2.31, 2.24, 0.69, 1.83, 0.8387972124664442
No.595: 1.07, 6.09, 2.67, 5.14, 2.54, 1.09, 2.31, 2.24, 0.69, 1.83, 0.8387972124664442
No.596: 1.07, 6.09, 2.67, 5.14, 2.54, 1.09, 2.31, 2.24, 0.69, 1.83, 0.8387972124664442
No.597: 1.07, 6.09, 2.67, 5.14, 2.54, 1.09, 2.31, 2.24, 0.69, 1.83, 0.8387972124664442
No.598: 1.07, 6.09, 2.67, 5.14, 2.54, 1.09, 2.31, 2.24, 0.69, 1.83, 0.8387972124664442
No.599: 1.07, 6.09, 2.67, 5.14, 2.54, 1.09, 2.31, 2.24, 0.69, 1.83, 0.8387972124664442
No.600: 1.07, 6.09, 2.67, 5.14, 2.54, 1.09, 2.31, 2.24, 0.69, 1.83, 0.8387972124664442
No.601: 1.07, 6.09, 2.67, 5.14, 2.54, 1.09, 2.31, 2.24, 0.69, 1.83, 0.8387972124664442
No.602: 1.07, 6.09, 2.67, 5.14, 2.54, 1.09, 2.31, 2.24, 0.69, 1.83, 0.8387972124664442
No.603: 1.07, 6.09, 2.67, 5.14, 2.54, 1.09, 2.31, 2.24, 0.69, 1.83, 0.8387972124664442
No.604: 1.07, 6.09, 2.67, 5.14, 2.54, 1.09, 2.31, 2.24, 0.69, 1.83, 0.8387972124664442
No.605: 1.07, 6.09, 2.67, 5.14, 2.54, 1.09, 2.31, 2.24, 0.69, 1.83, 0.8387972124664442
No.606: 1.07, 6.09, 2.67, 5.14, 2.54, 1.09, 2.31, 2.24, 0.69, 1.83, 0.8387972124664442
No.607: 1.07, 6.09, 2.67, 5.14, 2.54, 1.09, 2.31, 2.24, 0.69, 1.83, 0.8387972124664442
No.608: 1.07, 6.09, 2.67, 5.14, 2.54, 1.09, 2.31, 2.24, 0.69, 1.83, 0.8387972124664442
No.609: 1.07, 6.09, 2.67, 5.14, 2.54, 1.09, 2.31, 2.24, 0.69, 1.83, 0.8387972124664442
No.610: 1.07, 6.09, 2.67, 5.14, 2.54, 1.09, 2.31, 2.24, 0.69, 1.83, 0.8387972124664442
No.611: 1.07, 6.09, 2.67, 5.14, 2.54, 1.09, 2.31, 2.24, 0.69, 1.83, 0.8387972124664442
No.612: 1.07, 6.09, 2.67, 5.14, 2.54, 1.09, 2.31, 2.24, 0.69, 1.83, 0.8387972124664442
No.613: 1.07, 6.09, 2.67, 5.14, 2.54, 1.09, 2.31, 2.24, 0.69, 1.83, 0.8387972124664442
No.614: 1.07, 6.09, 2.67, 5.14, 2.54, 1.09, 2.31, 2.24, 0.69, 1.83, 0.8387972124664442
No.615: 1.07, 6.09, 2.67, 5.14, 2.54, 1.09, 2.31, 2.24, 0.69, 1.83, 0.8387972124664442
No.616: 1.07, 6.09, 2.67, 5.14, 2.54, 1.09, 2.31, 2.24, 0.69, 1.83, 0.8387972124664442
No.617: 1.07, 6.09, 2.67, 5.14, 2.54, 1.09, 2.31, 2.24, 0.69, 1.83, 0.8387972124664442
No.618: 1.07, 6.09, 2.67, 5.14, 2.54, 1.09, 2.31, 2.24, 0.69, 1.83, 0.8387972124664442
No.619: 1.07, 6.09, 2.67, 5.14, 2.54, 1.09, 2.31, 2.24, 0.69, 1.83, 0.8387972124664442
No.620: 1.07, 6.09, 2.67, 5.14, 2.54, 1.09, 2.31, 2.24, 0.69, 1.83, 0.8387972124664442
No.621: 1.07, 6.09, 2.67, 5.14, 2.54, 1.09, 2.31, 2.24, 0.69, 1.83, 0.8387972124664442
No.622: 1.07, 6.09, 2.67, 5.14, 2.54, 1.09, 2.31, 2.24, 0.69, 1.83, 0.8387972124664442
No.623: 1.07, 6.09, 2.67, 5.14, 2.54, 1.09, 2.31, 2.24, 0.69, 1.83, 0.8387972124664442
No.624: 1.07, 6.09, 2.67, 5.14, 2.54, 1.09, 2.31, 2.24, 0.69, 1.83, 0.8387972124664442
No.625: 1.07, 6.09, 2.67, 5.14, 2.54, 1.09, 2.31, 2.24, 0.69, 1.83, 0.8387972124664442
No.626: 1.07, 6.09, 2.67, 5.14, 2.54, 1.09, 2.31, 2.24, 0.69, 1.83, 0.8387972124664442
No.627: 1.07, 6.09, 2.67, 5.14, 2.54, 1.09, 2.31, 2.24, 0.69, 1.83, 0.8387972124664442
No.628: 1.07, 6.09, 2.67, 5.14, 2.54, 1.09, 2.31, 2.24, 0.69, 1.83, 0.8387972124664442
No.629: 1.07, 6.09, 2.67, 5.14, 2.54, 1.09, 2.31, 2.24, 0.69, 1.83, 0.8387972124664442
No.630: 1.07, 6.09, 2.67, 5.14, 2.54, 1.09, 2.31, 2.24, 0.69, 1.83, 0.8387972124664442
No.631: 1.07, 6.09, 2.67, 5.14, 2.54, 1.09, 2.31, 2.24, 0.69, 1.83, 0.8387972124664442
No.632: 1.07, 6.09, 2.67, 5.14, 2.54, 1.09, 2.31, 2.24, 0.69, 1.83, 0.8387972124664442
No.633: 1.07, 6.09, 2.67, 5.14, 2.54, 1.09, 2.31, 2.24, 0.69, 1.83, 0.8387972124664442
No.634: 1.07, 6.09, 2.67, 5.14, 2.54, 1.09, 2.31, 2.24, 0.69, 1.83, 0.8387972124664442
No.635: 1.07, 6.09, 2.67, 5.14, 2.54, 1.09, 2.31, 2.24, 0.69, 1.83, 0.8387972124664442
No.636: 1.07, 6.09, 2.67, 5.14, 2.54, 1.09, 2.31, 2.24, 0.69, 1.83, 0.8387972124664442
No.637: 1.07, 6.09, 2.67, 5.14, 2.54, 1.09, 2.31, 2.24, 0.69, 1.83, 0.8387972124664442
No.638: 1.07, 6.09, 2.67, 5.14, 2.54, 1.09, 2.31, 2.24, 0.69, 1.83, 0.8387972124664442
No.639: 1.07, 6.09, 2.67, 5.14, 2.54, 1.09, 2.31, 2.24, 0.69, 1.83, 0.8387972124664442
No.640: 1.07, 6.09, 2.67, 5.14, 2.54, 1.09, 2.31, 2.24, 0.69, 1.83, 0.8387972124664442
No.641: 1.07, 6.09, 2.67, 5.14, 2.54, 1.09, 2.31, 2.24, 0.69, 1.83, 0.8387972124664442
No.642: 1.07, 6.09, 2.67, 5.14, 2.54, 1.09, 2.31, 2.24, 0.69, 1.83, 0.8387972124664442
No.643: 1.07, 6.09, 2.67, 5.14, 2.54, 1.09, 2.31, 2.24, 0.69, 1.83, 0.8387972124664442
No.644: 1.07, 6.09, 2.67, 5.14, 2.54, 1.09, 2.31, 2.24, 0.69, 1.83, 0.8387972124664442
No.645: 1.07, 6.09, 2.67, 5.14, 2.54, 1.09, 2.31, 2.24, 0.69, 1.83, 0.8387972124664442
No.646: 1.07, 6.09, 2.67, 5.14, 2.54, 1.09, 2.31, 2.24, 0.69, 1.83, 0.8387972124664442
No.647: 1.07, 6.09, 2.67, 5.14, 2.54, 1.09, 2.31, 2.24, 0.69, 1.83, 0.8387972124664442
No.648: 1.07, 6.09, 2.67, 5.14, 2.54, 1.09, 2.31, 2.24, 0.69, 1.83, 0.8387972124664442
No.649: 1.07, 6.09, 2.67, 5.14, 2.54, 1.09, 2.31, 2.24, 0.69, 1.83, 0.8387972124664442
No.650: 1.07, 6.09, 2.67, 5.14, 2.54, 1.09, 2.31, 2.24, 0.69, 1.83, 0.8387972124664442
No.651: 1.07, 6.09, 2.67, 5.14, 2.54, 1.09, 2.31, 2.24, 0.69, 1.83, 0.8387972124664442
No.652: 1.07, 6.09, 2.67, 5.14, 2.54, 1.09, 2.31, 2.24, 0.69, 1.83, 0.8387972124664442
No.653: 1.07, 6.09, 2.67, 5.14, 2.54, 1.09, 2.31, 2.24, 0.69, 1.83, 0.8387972124664442
No.654: 1.07, 6.09, 2.67, 5.14, 2.54, 1.09, 2.31, 2.24, 0.69, 1.83, 0.8387972124664442
No.655: 1.07, 6.09, 2.67, 5.14, 2.54, 1.09, 2.31, 2.24, 0.69, 1.83, 0.8387972124664442
No.656: 1.07, 6.09, 2.67, 5.14, 2.54, 1.09, 2.31, 2.24, 0.69, 1.83, 0.8387972124664442
No.657: 1.07, 6.09, 2.67, 5.14, 2.54, 1.09, 2.31, 2.24, 0.69, 1.83, 0.8387972124664442
No.658: 1.07, 6.09, 2.67, 5.14, 2.54, 1.09, 2.31, 2.24, 0.69, 1.83, 0.8387972124664442
No.659: 1.07, 6.09, 2.67, 5.14, 2.54, 1.09, 2.31, 2.24, 0.69, 1.83, 0.8387972124664442
No.660: 1.07, 6.09, 2.67, 5.14, 2.54, 1.09, 2.31, 2.24, 0.69, 1.83, 0.8387972124664442
No.661: 1.07, 6.09, 2.67, 5.14, 2.54, 1.09, 2.31, 2.24, 0.69, 1.83, 0.8387972124664442
No.662: 1.07, 6.09, 2.67, 5.14, 2.54, 1.09, 2.31, 2.24, 0.69, 1.83, 0.8387972124664442
No.663: 1.07, 6.09, 2.67, 5.14, 2.54, 1.09, 2.31, 2.24, 0.69, 1.83, 0.8387972124664442
No.664: 1.07, 6.09, 2.67, 5.14, 2.54, 1.09, 2.31, 2.24, 0.69, 1.83, 0.8387972124664442
No.665: 1.07, 6.09, 2.67, 5.14, 2.54, 1.09, 2.31, 2.24, 0.69, 1.83, 0.8387972124664442
No.666: 1.07, 6.09, 2.67, 5.14, 2.54, 1.09, 2.31, 2.24, 0.69, 1.83, 0.8387972124664442
No.667: 1.07, 6.09, 2.67, 5.14, 2.54, 1.09, 2.31, 2.24, 0.69, 1.83, 0.8387972124664442
No.668: 1.07, 6.09, 2.67, 5.14, 2.54, 1.09, 2.31, 2.24, 0.69, 1.83, 0.8387972124664442
No.669: 1.07, 6.09, 2.67, 5.14, 2.54, 1.09, 2.31, 2.24, 0.69, 1.83, 0.8387972124664442
No.670: 1.07, 6.09, 2.67, 5.14, 2.54, 1.09, 2.31, 2.24, 0.69, 1.83, 0.8387972124664442
No.671: 1.07, 6.09, 2.67, 5.14, 2.54, 1.09, 2.31, 2.24, 0.69, 1.83, 0.8387972124664442
No.672: 1.07, 6.09, 2.67, 5.14, 2.54, 1.09, 2.31, 2.24, 0.69, 1.83, 0.8387972124664442
No.673: 1.07, 6.09, 2.67, 5.14, 2.54, 1.09, 2.31, 2.24, 0.69, 1.83, 0.8387972124664442
No.674: 1.07, 6.09, 2.67, 5.14, 2.54, 1.09, 2.31, 2.24, 0.69, 1.83, 0.8387972124664442
No.675: 1.07, 6.09, 2.67, 5.14, 2.54, 1.09, 2.31, 2.24, 0.69, 1.83, 0.8387972124664442
No.676: 1.07, 6.09, 2.67, 5.14, 2.54, 1.09, 2.31, 2.24, 0.69, 1.83, 0.8387972124664442
No.677: 1.07, 6.09, 2.67, 5.14, 2.54, 1.09, 2.31, 2.24, 0.69, 1.83, 0.8387972124664442
No.678: 1.07, 6.09, 2.67, 5.14, 2.54, 1.09, 2.31, 2.24, 0.69, 1.83, 0.8387972124664442
No.679: 1.07, 6.09, 2.67, 5.14, 2.54, 1.09, 2.31, 2.24, 0.69, 1.83, 0.8387972124664442
No.680: 1.07, 6.09, 2.67, 5.14, 2.54, 1.09, 2.31, 2.24, 0.69, 1.83, 0.8387972124664442
No.681: 1.07, 6.09, 2.67, 5.14, 2.54, 1.09, 2.31, 2.24, 0.69, 1.83, 0.8387972124664442
No.682: 1.07, 6.09, 2.67, 5.14, 2.54, 1.09, 2.31, 2.24, 0.69, 1.83, 0.8387972124664442
No.683: 1.07, 6.09, 2.67, 5.14, 2.54, 1.09, 2.31, 2.24, 0.69, 1.83, 0.8387972124664442
No.684: 1.07, 6.09, 2.67, 5.14, 2.54, 1.09, 2.31, 2.24, 0.69, 1.83, 0.8387972124664442
No.685: 1.07, 6.09, 2.67, 5.14, 2.54, 1.09, 2.31, 2.24, 0.69, 1.83, 0.8387972124664442
No.686: 1.07, 6.09, 2.67, 5.14, 2.54, 1.09, 2.31, 2.24, 0.69, 1.83, 0.8387972124664442
No.687: 1.07, 6.09, 2.67, 5.14, 2.54, 1.09, 2.31, 2.24, 0.69, 1.83, 0.8387972124664442
No.688: 1.07, 6.09, 2.67, 5.14, 2.54, 1.09, 2.31, 2.24, 0.69, 1.83, 0.8387972124664442
No.689: 1.07, 6.09, 2.67, 5.14, 2.54, 1.09, 2.31, 2.24, 0.69, 1.83, 0.8387972124664442
No.690: 1.07, 6.09, 2.67, 5.14, 2.54, 1.09, 2.31, 2.24, 0.69, 1.83, 0.8387972124664442
No.691: 1.07, 6.09, 2.67, 5.14, 2.54, 1.09, 2.31, 2.24, 0.69, 1.83, 0.8387972124664442
No.692: 1.07, 6.09, 2.67, 5.14, 2.54, 1.09, 2.31, 2.24, 0.69, 1.83, 0.8387972124664442
No.693: 1.07, 6.09, 2.67, 5.14, 2.54, 1.09, 2.31, 2.24, 0.69, 1.83, 0.8387972124664442
No.694: 1.07, 6.09, 2.67, 5.14, 2.54, 1.09, 2.31, 2.24, 0.69, 1.83, 0.8387972124664442
No.695: 1.07, 6.09, 2.67, 5.14, 2.54, 1.09, 2.31, 2.24, 0.69, 1.83, 0.8387972124664442
No.696: 1.07, 6.09, 2.67, 5.14, 2.54, 1.09, 2.31, 2.24, 0.69, 1.83, 0.8387972124664442
No.697: 1.07, 6.09, 2.67, 5.14, 2.54, 1.09, 2.31, 2.24, 0.69, 1.83, 0.8387972124664442
No.698: 1.07, 6.09, 2.67, 5.14, 2.54, 1.09, 2.31, 2.24, 0.69, 1.83, 0.8387972124664442
No.699: 1.07, 6.09, 2.67, 5.14, 2.54, 1.09, 2.31, 2.24, 0.69, 1.83, 0.8387972124664442
No.700: 1.07, 6.09, 2.67, 5.14, 2.54, 1.09, 2.31, 2.24, 0.69, 1.83, 0.8387972124664442
No.701: 1.07, 6.09, 2.67, 5.14, 2.54, 1.09, 2.31, 2.24, 0.69, 1.83, 0.8387972124664442
No.702: 1.07, 6.09, 2.67, 5.14, 2.54, 1.09, 2.31, 2.24, 0.69, 1.83, 0.8387972124664442
No.703: 1.07, 6.09, 2.67, 5.14, 2.54, 1.09, 2.31, 2.24, 0.69, 1.83, 0.8387972124664442
No.704: 1.07, 6.09, 2.67, 5.14, 2.54, 1.09, 2.31, 2.24, 0.69, 1.83, 0.8387972124664442
No.705: 1.07, 6.09, 2.67, 5.14, 2.54, 1.09, 2.31, 2.24, 0.69, 1.83, 0.8387972124664442
No.706: 1.07, 6.09, 2.67, 5.14, 2.54, 1.09, 2.31, 2.24, 0.69, 1.83, 0.8387972124664442
No.707: 1.07, 6.09, 2.67, 5.14, 2.54, 1.09, 2.31, 2.24, 0.69, 1.83, 0.8387972124664442
No.708: 1.07, 6.09, 2.67, 5.14, 2.54, 1.09, 2.31, 2.24, 0.69, 1.83, 0.8387972124664442
No.709: 1.07, 6.09, 2.67, 5.14, 2.54, 1.09, 2.31, 2.24, 0.69, 1.83, 0.8387972124664442
No.710: 1.07, 6.09, 2.67, 5.14, 2.54, 1.09, 2.31, 2.24, 0.69, 1.83, 0.8387972124664442
No.711: 1.07, 6.09, 2.67, 5.14, 2.54, 1.09, 2.31, 2.24, 0.69, 1.83, 0.8387972124664442
No.712: 1.07, 6.09, 2.67, 5.14, 2.54, 1.09, 2.31, 2.24, 0.69, 1.83, 0.8387972124664442
No.713: 1.07, 6.09, 2.67, 5.14, 2.54, 1.09, 2.31, 2.24, 0.69, 1.83, 0.8387972124664442
No.714: 1.07, 6.09, 2.67, 5.14, 2.54, 1.09, 2.31, 2.24, 0.69, 1.83, 0.8387972124664442
No.715: 1.07, 6.09, 2.67, 5.14, 2.54, 1.09, 2.31, 2.24, 0.69, 1.83, 0.8387972124664442
No.716: 1.07, 6.09, 2.67, 5.14, 2.54, 1.09, 2.31, 2.24, 0.69, 1.83, 0.8387972124664442
No.717: 1.07, 6.09, 2.67, 5.14, 2.54, 1.09, 2.31, 2.24, 0.69, 1.83, 0.8387972124664442
No.718: 1.07, 6.09, 2.67, 5.14, 2.54, 1.09, 2.31, 2.24, 0.69, 1.83, 0.8387972124664442
No.719: 1.07, 6.09, 2.67, 5.14, 2.54, 1.09, 2.31, 2.24, 0.69, 1.83, 0.8387972124664442
No.720: 1.07, 6.09, 2.67, 5.14, 2.54, 1.09, 2.31, 2.24, 0.69, 1.83, 0.8387972124664442
No.721: 1.07, 6.09, 2.67, 5.14, 2.54, 1.09, 2.31, 2.24, 0.69, 1.83, 0.8387972124664442
No.722: 1.07, 6.09, 2.67, 5.14, 2.54, 1.09, 2.31, 2.24, 0.69, 1.83, 0.8387972124664442
No.723: 1.07, 6.09, 2.67, 5.14, 2.54, 1.09, 2.31, 2.24, 0.69, 1.83, 0.8387972124664442
No.724: 1.07, 6.09, 2.67, 5.14, 2.54, 1.09, 2.31, 2.24, 0.69, 1.83, 0.8387972124664442
No.725: 1.07, 6.09, 2.67, 5.14, 2.54, 1.09, 2.31, 2.24, 0.69, 1.83, 0.8387972124664442
No.726: 1.07, 6.09, 2.67, 5.14, 2.54, 1.09, 2.31, 2.24, 0.69, 1.83, 0.8387972124664442
No.727: 1.07, 6.09, 2.67, 5.14, 2.54, 1.09, 2.31, 2.24, 0.69, 1.83, 0.8387972124664442
No.728: 1.07, 6.09, 2.67, 5.14, 2.54, 1.09, 2.31, 2.24, 0.69, 1.83, 0.8387972124664442
No.729: 1.07, 6.09, 2.67, 5.14, 2.54, 1.09, 2.31, 2.24, 0.69, 1.83, 0.8387972124664442
No.730: 1.07, 6.09, 2.67, 5.14, 2.54, 1.09, 2.31, 2.24, 0.69, 1.83, 0.8387972124664442
No.731: 1.07, 6.09, 2.67, 5.14, 2.54, 1.09, 2.31, 2.24, 0.69, 1.83, 0.8387972124664442
No.732: 1.07, 6.09, 2.67, 5.14, 2.54, 1.09, 2.31, 2.24, 0.69, 1.83, 0.8387972124664442
No.733: 1.07, 6.09, 2.67, 5.14, 2.54, 1.09, 2.31, 2.24, 0.69, 1.83, 0.8387972124664442
No.734: 1.07, 6.09, 2.67, 5.14, 2.54, 1.09, 2.31, 2.24, 0.69, 1.83, 0.8387972124664442
No.735: 1.07, 6.09, 2.67, 5.14, 2.54, 1.09, 2.31, 2.24, 0.69, 1.83, 0.8387972124664442
No.736: 1.07, 6.09, 2.67, 5.14, 2.54, 1.09, 2.31, 2.24, 0.69, 1.83, 0.8387972124664442
No.737: 1.07, 6.09, 2.67, 5.14, 2.54, 1.09, 2.31, 2.24, 0.69, 1.83, 0.8387972124664442
No.738: 1.07, 6.09, 2.67, 5.14, 2.54, 1.09, 2.31, 2.24, 0.69, 1.83, 0.8387972124664442
No.739: 1.07, 6.09, 2.67, 5.14, 2.54, 1.09, 2.31, 2.24, 0.69, 1.83, 0.8387972124664442
No.740: 1.07, 6.09, 2.67, 5.14, 2.54, 1.09, 2.31, 2.24, 0.69, 1.83, 0.8387972124664442
No.741: 1.07, 6.09, 2.67, 5.14, 2.54, 1.09, 2.31, 2.24, 0.69, 1.83, 0.8387972124664442
No.742: 1.07, 6.09, 2.67, 5.14, 2.54, 1.09, 2.31, 2.24, 0.69, 1.83, 0.8387972124664442
No.743: 1.07, 6.09, 2.67, 5.14, 2.54, 1.09, 2.31, 2.24, 0.69, 1.83, 0.8387972124664442
No.744: 1.07, 6.09, 2.67, 5.14, 2.54, 1.09, 2.31, 2.24, 0.69, 1.83, 0.8387972124664442
No.745: 1.07, 6.09, 2.67, 5.14, 2.54, 1.09, 2.31, 2.24, 0.69, 1.83, 0.8387972124664442
No.746: 1.07, 6.09, 2.67, 5.14, 2.54, 1.09, 2.31, 2.24, 0.69, 1.83, 0.8387972124664442
No.747: 1.07, 6.09, 2.67, 5.14, 2.54, 1.09, 2.31, 2.24, 0.69, 1.83, 0.8387972124664442
No.748: 1.07, 6.09, 2.67, 5.14, 2.54, 1.09, 2.31, 2.24, 0.69, 1.83, 0.8387972124664442
No.749: 1.07, 6.09, 2.67, 5.14, 2.54, 1.09, 2.31, 2.24, 0.69, 1.83, 0.8387972124664442
No.750: 1.07, 6.09, 2.67, 5.14, 2.54, 1.09, 2.31, 2.24, 0.69, 1.83, 0.8387972124664442
No.751: 1.07, 6.09, 2.67, 5.14, 2.54, 1.09, 2.31, 2.24, 0.69, 1.83, 0.8387972124664442
No.752: 1.07, 6.09, 2.67, 5.14, 2.54, 1.09, 2.31, 2.24, 0.69, 1.83, 0.8387972124664442
No.753: 1.07, 6.09, 2.67, 5.14, 2.54, 1.09, 2.31, 2.24, 0.69, 1.83, 0.8387972124664442
No.754: 1.07, 6.09, 2.67, 5.14, 2.54, 1.09, 2.31, 2.24, 0.69, 1.83, 0.8387972124664442
No.755: 1.07, 6.09, 2.67, 5.14, 2.54, 1.09, 2.31, 2.24, 0.69, 1.83, 0.8387972124664442
No.756: 1.07, 6.09, 2.67, 5.14, 2.54, 1.09, 2.31, 2.24, 0.69, 1.83, 0.8387972124664442
No.757: 1.07, 6.09, 2.67, 5.14, 2.54, 1.09, 2.31, 2.24, 0.69, 1.83, 0.8387972124664442
No.758: 1.07, 6.09, 2.67, 5.14, 2.54, 1.09, 2.31, 2.24, 0.69, 1.83, 0.8387972124664442
No.759: 1.07, 6.09, 2.67, 5.14, 2.54, 1.09, 2.31, 2.24, 0.69, 1.83, 0.8387972124664442
No.760: 1.07, 6.09, 2.67, 5.14, 2.54, 1.09, 2.31, 2.24, 0.69, 1.83, 0.8387972124664442
No.761: 1.07, 6.09, 2.67, 5.14, 2.54, 1.09, 2.31, 2.24, 0.69, 1.83, 0.8387972124664442
No.762: 1.07, 6.09, 2.67, 5.14, 2.54, 1.09, 2.31, 2.24, 0.69, 1.83, 0.8387972124664442
No.763: 1.07, 6.09, 2.67, 5.14, 2.54, 1.09, 2.31, 2.24, 0.69, 1.83, 0.8387972124664442
No.764: 1.07, 6.09, 2.67, 5.14, 2.54, 1.09, 2.31, 2.24, 0.69, 1.83, 0.8387972124664442
No.765: 1.07, 6.09, 2.67, 5.14, 2.54, 1.09, 2.31, 2.24, 0.69, 1.83, 0.8387972124664442
No.766: 1.07, 6.09, 2.67, 5.14, 2.54, 1.09, 2.31, 2.24, 0.69, 1.83, 0.8387972124664442
No.767: 1.07, 6.09, 2.67, 5.14, 2.54, 1.09, 2.31, 2.24, 0.69, 1.83, 0.8387972124664442
No.768: 1.07, 6.09, 2.67, 5.14, 2.54, 1.09, 2.31, 2.24, 0.69, 1.83, 0.8387972124664442
No.769: 1.07, 6.09, 2.67, 5.14, 2.54, 1.09, 2.31, 2.24, 0.69, 1.83, 0.8387972124664442
No.770: 1.07, 6.09, 2.67, 5.14, 2.54, 1.09, 2.31, 2.24, 0.69, 1.83, 0.8387972124664442
No.771: 1.07, 6.09, 2.67, 5.14, 2.54, 1.09, 2.31, 2.24, 0.69, 1.83, 0.8387972124664442
No.772: 1.07, 6.09, 2.67, 5.14, 2.54, 1.09, 2.31, 2.24, 0.69, 1.83, 0.8387972124664442
No.773: 1.07, 6.09, 2.67, 5.14, 2.54, 1.09, 2.31, 2.24, 0.69, 1.83, 0.8387972124664442
No.774: 1.07, 6.09, 2.67, 5.14, 2.54, 1.09, 2.31, 2.24, 0.69, 1.83, 0.8387972124664442
No.775: 1.07, 6.09, 2.67, 5.14, 2.54, 1.09, 2.31, 2.24, 0.69, 1.83, 0.8387972124664442
No.776: 1.07, 6.09, 2.67, 5.14, 2.54, 1.09, 2.31, 2.24, 0.69, 1.83, 0.8387972124664442
No.777: 1.07, 6.09, 2.67, 5.14, 2.54, 1.09, 2.31, 2.24, 0.69, 1.83, 0.8387972124664442
No.778: 1.07, 6.09, 2.67, 5.14, 2.54, 1.09, 2.31, 2.24, 0.69, 1.83, 0.8387972124664442
No.779: 1.07, 6.09, 2.67, 5.14, 2.54, 1.09, 2.31, 2.24, 0.69, 1.83, 0.8387972124664442
No.780: 1.07, 6.09, 2.67, 5.14, 2.54, 1.09, 2.31, 2.24, 0.69, 1.83, 0.8387972124664442
No.781: 1.07, 6.09, 2.67, 5.14, 2.54, 1.09, 2.31, 2.24, 0.69, 1.83, 0.8387972124664442
No.782: 1.07, 6.09, 2.67, 5.14, 2.54, 1.09, 2.31, 2.24, 0.69, 1.83, 0.8387972124664442
No.783: 1.07, 6.09, 2.67, 5.14, 2.54, 1.09, 2.31, 2.24, 0.69, 1.83, 0.8387972124664442
No.784: 1.07, 6.09, 2.67, 5.14, 2.54, 1.09, 2.31, 2.24, 0.69, 1.83, 0.8387972124664442
No.785: 1.07, 6.09, 2.67, 5.14, 2.54, 1.09, 2.31, 2.24, 0.69, 1.83, 0.8387972124664442
No.786: 1.07, 6.09, 2.67, 5.14, 2.54, 1.09, 2.31, 2.24, 0.69, 1.83, 0.8387972124664442
No.787: 1.07, 6.09, 2.67, 5.14, 2.54, 1.09, 2.31, 2.24, 0.69, 1.83, 0.8387972124664442
No.788: 1.07, 6.09, 2.67, 5.14, 2.54, 1.09, 2.31, 2.24, 0.69, 1.83, 0.8387972124664442
No.789: 1.07, 6.09, 2.67, 5.14, 2.54, 1.09, 2.31, 2.24, 0.69, 1.83, 0.8387972124664442
No.790: 1.07, 6.09, 2.67, 5.14, 2.54, 1.09, 2.31, 2.24, 0.69, 1.83, 0.8387972124664442
No.791: 1.07, 6.09, 2.67, 5.14, 2.54, 1.09, 2.31, 2.24, 0.69, 1.83, 0.8387972124664442
No.792: 1.07, 6.09, 2.67, 5.14, 2.54, 1.09, 2.31, 2.24, 0.69, 1.83, 0.8387972124664442
No.793: 1.07, 6.09, 2.67, 5.14, 2.54, 1.09, 2.31, 2.24, 0.69, 1.83, 0.8387972124664442
No.794: 1.07, 6.09, 2.67, 5.14, 2.54, 1.09, 2.31, 2.24, 0.69, 1.83, 0.8387972124664442
No.795: 1.07, 6.09, 2.67, 5.14, 2.54, 1.09, 2.31, 2.24, 0.69, 1.83, 0.8387972124664442
No.796: 1.07, 6.09, 2.67, 5.14, 2.54, 1.09, 2.31, 2.24, 0.69, 1.83, 0.8387972124664442
No.797: 1.07, 6.09, 2.67, 5.14, 2.54, 1.09, 2.31, 2.24, 0.69, 1.83, 0.8387972124664442
No.798: 1.07, 6.09, 2.67, 5.14, 2.54, 1.09, 2.31, 2.24, 0.69, 1.83, 0.8387972124664442
No.799: 1.07, 6.09, 2.67, 5.14, 2.54, 1.09, 2.31, 2.24, 0.69, 1.83, 0.8387972124664442
No.800: 1.07, 6.09, 2.67, 5.14, 2.54, 1.09, 2.31, 2.24, 0.69, 1.83, 0.8387972124664442
No.801: 1.07, 6.09, 2.67, 5.14, 2.54, 1.09, 2.31, 2.24, 0.69, 1.83, 0.8387972124664442
No.802: 1.07, 6.09, 2.67, 5.14, 2.54, 1.09, 2.31, 2.24, 0.69, 1.83, 0.8387972124664442
No.803: 1.07, 6.09, 2.67, 5.14, 2.54, 1.09, 2.31, 2.24, 0.69, 1.83, 0.8387972124664442
No.804: 1.07, 6.09, 2.67, 5.14, 2.54, 1.09, 2.31, 2.24, 0.69, 1.83, 0.8387972124664442
No.805: 1.07, 6.09, 2.67, 5.14, 2.54, 1.09, 2.31, 2.24, 0.69, 1.83, 0.8387972124664442
No.806: 1.07, 6.09, 2.67, 5.14, 2.54, 1.09, 2.31, 2.24, 0.69, 1.83, 0.8387972124664442
No.807: 1.07, 6.09, 2.67, 5.14, 2.54, 1.09, 2.31, 2.24, 0.69, 1.83, 0.8387972124664442
No.808: 1.07, 6.09, 2.67, 5.14, 2.54, 1.09, 2.31, 2.24, 0.69, 1.83, 0.8387972124664442
No.809: 1.07, 6.09, 2.67, 5.14, 2.54, 1.09, 2.31, 2.24, 0.69, 1.83, 0.8387972124664442
No.810: 1.07, 6.09, 2.67, 5.14, 2.54, 1.09, 2.31, 2.24, 0.69, 1.83, 0.8387972124664442
No.811: 1.07, 6.09, 2.67, 5.14, 2.54, 1.09, 2.31, 2.24, 0.69, 1.83, 0.8387972124664442
No.812: 1.07, 6.09, 2.67, 5.14, 2.54, 1.09, 2.31, 2.24, 0.69, 1.83, 0.8387972124664442
No.813: 1.07, 6.09, 2.67, 5.14, 2.54, 1.09, 2.31, 2.24, 0.69, 1.83, 0.8387972124664442
No.814: 1.07, 6.09, 2.67, 5.14, 2.54, 1.09, 2.31, 2.24, 0.69, 1.83, 0.8387972124664442
No.815: 1.07, 6.09, 2.67, 5.14, 2.54, 1.09, 2.31, 2.24, 0.69, 1.83, 0.8387972124664442
No.816: 1.07, 6.09, 2.67, 5.14, 2.54, 1.09, 2.31, 2.24, 0.69, 1.83, 0.8387972124664442
No.817: 1.07, 6.09, 2.67, 5.14, 2.54, 1.09, 2.31, 2.24, 0.69, 1.83, 0.8387972124664442
No.818: 1.07, 6.09, 2.67, 5.14, 2.54, 1.09, 2.31, 2.24, 0.69, 1.83, 0.8387972124664442
No.819: 1.07, 6.09, 2.67, 5.14, 2.54, 1.09, 2.31, 2.24, 0.69, 1.83, 0.8387972124664442
No.820: 1.07, 6.09, 2.67, 5.14, 2.54, 1.09, 2.31, 2.24, 0.69, 1.83, 0.8387972124664442
No.821: 1.07, 6.09, 2.67, 5.14, 2.54, 1.09, 2.31, 2.24, 0.69, 1.83, 0.8387972124664442
No.822: 1.07, 6.09, 2.67, 5.14, 2.54, 1.09, 2.31, 2.24, 0.69, 1.83, 0.8387972124664442
No.823: 1.07, 6.09, 2.67, 5.14, 2.54, 1.09, 2.31, 2.24, 0.69, 1.83, 0.8387972124664442
No.824: 1.07, 6.09, 2.67, 5.14, 2.54, 1.09, 2.31, 2.24, 0.69, 1.83, 0.8387972124664442
No.825: 1.07, 6.09, 2.67, 5.14, 2.54, 1.09, 2.31, 2.24, 0.69, 1.83, 0.8387972124664442
No.826: 1.07, 6.09, 2.67, 5.14, 2.54, 1.09, 2.31, 2.24, 0.69, 1.83, 0.8387972124664442
No.827: 1.07, 6.09, 2.67, 5.14, 2.54, 1.09, 2.31, 2.24, 0.69, 1.83, 0.8387972124664442
No.828: 1.07, 6.09, 2.67, 5.14, 2.54, 1.09, 2.31, 2.24, 0.69, 1.83, 0.8387972124664442
No.829: 1.07, 6.09, 2.67, 5.14, 2.54, 1.09, 2.31, 2.24, 0.69, 1.83, 0.8387972124664442
No.830: 1.07, 6.09, 2.67, 5.14, 2.54, 1.09, 2.31, 2.24, 0.69, 1.83, 0.8387972124664442
No.831: 1.07, 6.09, 2.67, 5.14, 2.54, 1.09, 2.31, 2.24, 0.69, 1.83, 0.8387972124664442
No.832: 1.07, 6.09, 2.67, 5.14, 2.54, 1.09, 2.31, 2.24, 0.69, 1.83, 0.8387972124664442
No.833: 1.07, 6.09, 2.67, 5.14, 2.54, 1.09, 2.31, 2.24, 0.69, 1.83, 0.8387972124664442
No.834: 1.07, 6.09, 2.67, 5.14, 2.54, 1.09, 2.31, 2.24, 0.69, 1.83, 0.8387972124664442
No.835: 1.07, 6.09, 2.67, 5.14, 2.54, 1.09, 2.31, 2.24, 0.69, 1.83, 0.8387972124664442
No.836: 1.07, 6.09, 2.67, 5.14, 2.54, 1.09, 2.31, 2.24, 0.69, 1.83, 0.8387972124664442
No.837: 1.07, 6.09, 2.67, 5.14, 2.54, 1.09, 2.31, 2.24, 0.69, 1.83, 0.8387972124664442
No.838: 1.07, 6.09, 2.67, 5.14, 2.54, 1.09, 2.31, 2.24, 0.69, 1.83, 0.8387972124664442
No.839: 1.07, 6.09, 2.67, 5.14, 2.54, 1.09, 2.31, 2.24, 0.69, 1.83, 0.8387972124664442
No.840: 1.07, 6.09, 2.67, 5.14, 2.54, 1.09, 2.31, 2.24, 0.69, 1.83, 0.8387972124664442
No.841: 1.07, 6.09, 2.67, 5.14, 2.54, 1.09, 2.31, 2.24, 0.69, 1.83, 0.8387972124664442
No.842: 1.07, 6.09, 2.67, 5.14, 2.54, 1.09, 2.31, 2.24, 0.69, 1.83, 0.8387972124664442
No.843: 1.07, 6.09, 2.67, 5.14, 2.54, 1.09, 2.31, 2.24, 0.69, 1.83, 0.8387972124664442
No.844: 1.07, 6.09, 2.67, 5.14, 2.54, 1.09, 2.31, 2.24, 0.69, 1.83, 0.8387972124664442
No.845: 1.07, 6.09, 2.67, 5.14, 2.54, 1.09, 2.31, 2.24, 0.69, 1.83, 0.8387972124664442
No.846: 1.07, 6.09, 2.67, 5.14, 2.54, 1.09, 2.31, 2.24, 0.69, 1.83, 0.8387972124664442
No.847: 1.07, 6.09, 2.67, 5.14, 2.54, 1.09, 2.31, 2.24, 0.69, 1.83, 0.8387972124664442
No.848: 1.07, 6.09, 2.67, 5.14, 2.54, 1.09, 2.31, 2.24, 0.69, 1.83, 0.8387972124664442
No.849: 1.07, 6.09, 2.67, 5.14, 2.54, 1.09, 2.31, 2.24, 0.69, 1.83, 0.8387972124664442
No.850: 1.07, 6.09, 2.67, 5.14, 2.54, 1.09, 2.31, 2.24, 0.69, 1.83, 0.8387972124664442
No.851: 1.07, 6.09, 2.67, 5.14, 2.54, 1.09, 2.31, 2.24, 0.69, 1.83, 0.8387972124664442
No.852: 1.07, 6.09, 2.67, 5.14, 2.54, 1.09, 2.31, 2.24, 0.69, 1.83, 0.8387972124664442
No.853: 1.07, 6.09, 2.67, 5.14, 2.54, 1.09, 2.31, 2.24, 0.69, 1.83, 0.8387972124664442
No.854: 1.07, 6.09, 2.67, 5.14, 2.54, 1.09, 2.31, 2.24, 0.69, 1.83, 0.8387972124664442
No.855: 1.07, 6.09, 2.67, 5.14, 2.54, 1.09, 2.31, 2.24, 0.69, 1.83, 0.8387972124664442
No.856: 1.07, 6.09, 2.67, 5.14, 2.54, 1.09, 2.31, 2.24, 0.69, 1.83, 0.8387972124664442
No.857: 1.07, 6.09, 2.67, 5.14, 2.54, 1.09, 2.31, 2.24, 0.69, 1.83, 0.8387972124664442
No.858: 1.07, 6.09, 2.67, 5.14, 2.54, 1.09, 2.31, 2.24, 0.69, 1.83, 0.8387972124664442
No.859: 1.07, 6.09, 2.67, 5.14, 2.54, 1.09, 2.31, 2.24, 0.69, 1.83, 0.8387972124664442
No.860: 1.07, 6.09, 2.67, 5.14, 2.54, 1.09, 2.31, 2.24, 0.69, 1.83, 0.8387972124664442
No.861: 1.07, 6.09, 2.67, 5.14, 2.54, 1.09, 2.31, 2.24, 0.69, 1.83, 0.8387972124664442
No.862: 1.07, 6.09, 2.67, 5.14, 2.54, 1.09, 2.31, 2.24, 0.69, 1.83, 0.8387972124664442
No.863: 1.07, 6.09, 2.67, 5.14, 2.54, 1.09, 2.31, 2.24, 0.69, 1.83, 0.8387972124664442
No.864: 1.07, 6.09, 2.67, 5.14, 2.54, 1.09, 2.31, 2.24, 0.69, 1.83, 0.8387972124664442
No.865: 1.07, 6.09, 2.67, 5.14, 2.54, 1.09, 2.31, 2.24, 0.69, 1.83, 0.8387972124664442
No.866: 1.07, 6.09, 2.67, 5.14, 2.54, 1.09, 2.31, 2.24, 0.69, 1.83, 0.8387972124664442
No.867: 1.07, 6.09, 2.67, 5.14, 2.54, 1.09, 2.31, 2.24, 0.69, 1.83, 0.8387972124664442
No.868: 1.07, 6.09, 2.67, 5.14, 2.54, 1.09, 2.31, 2.24, 0.69, 1.83, 0.8387972124664442
No.869: 1.07, 6.09, 2.67, 5.14, 2.54, 1.09, 2.31, 2.24, 0.69, 1.83, 0.8387972124664442
No.870: 1.07, 6.09, 2.67, 5.14, 2.54, 1.09, 2.31, 2.24, 0.69, 1.83, 0.8387972124664442
No.871: 1.07, 6.09, 2.67, 5.14, 2.54, 1.09, 2.31, 2.24, 0.69, 1.83, 0.8387972124664442
No.872: 1.07, 6.09, 2.67, 5.14, 2.54, 1.09, 2.31, 2.24, 0.69, 1.83, 0.8387972124664442
No.873: 1.07, 6.09, 2.67, 5.14, 2.54, 1.09, 2.31, 2.24, 0.69, 1.83, 0.8387972124664442
No.874: 1.07, 6.09, 2.67, 5.14, 2.54, 1.09, 2.31, 2.24, 0.69, 1.83, 0.8387972124664442
No.875: 1.07, 6.09, 2.67, 5.14, 2.54, 1.09, 2.31, 2.24, 0.69, 1.83, 0.8387972124664442
No.876: 1.07, 6.09, 2.67, 5.14, 2.54, 1.09, 2.31, 2.24, 0.69, 1.83, 0.8387972124664442
No.877: 1.07, 6.09, 2.67, 5.14, 2.54, 1.09, 2.31, 2.24, 0.69, 1.83, 0.8387972124664442
No.878: 1.07, 6.09, 2.67, 5.14, 2.54, 1.09, 2.31, 2.24, 0.69, 1.83, 0.8387972124664442
No.879: 1.07, 6.09, 2.67, 5.14, 2.54, 1.09, 2.31, 2.24, 0.69, 1.83, 0.8387972124664442
No.880: 1.07, 6.09, 2.67, 5.14, 2.54, 1.09, 2.31, 2.24, 0.69, 1.83, 0.8387972124664442
No.881: 1.07, 6.09, 2.67, 5.14, 2.54, 1.09, 2.31, 2.24, 0.69, 1.83, 0.8387972124664442
No.882: 1.07, 6.09, 2.67, 5.14, 2.54, 1.09, 2.31, 2.24, 0.69, 1.83, 0.8387972124664442
No.883: 1.07, 6.09, 2.67, 5.14, 2.54, 1.09, 2.31, 2.24, 0.69, 1.83, 0.8387972124664442
No.884: 1.07, 6.09, 2.67, 5.14, 2.54, 1.09, 2.31, 2.24, 0.69, 1.83, 0.8387972124664442
No.885: 1.07, 6.09, 2.67, 5.14, 2.54, 1.09, 2.31, 2.24, 0.69, 1.83, 0.8387972124664442
No.886: 1.07, 6.09, 2.67, 5.14, 2.54, 1.09, 2.31, 2.24, 0.69, 1.83, 0.8387972124664442
No.887: 1.07, 6.09, 2.67, 5.14, 2.54, 1.09, 2.31, 2.24, 0.69, 1.83, 0.8387972124664442
No.888: 1.07, 6.09, 2.67, 5.14, 2.54, 1.09, 2.31, 2.24, 0.69, 1.83, 0.8387972124664442
No.889: 1.07, 6.09, 2.67, 5.14, 2.54, 1.09, 2.31, 2.24, 0.69, 1.83, 0.8387972124664442
No.890: 1.07, 6.09, 2.67, 5.14, 2.54, 1.09, 2.31, 2.24, 0.69, 1.83, 0.8387972124664442
No.891: 1.07, 6.09, 2.67, 5.14, 2.54, 1.09, 2.31, 2.24, 0.69, 1.83, 0.8387972124664442
No.892: 1.07, 6.09, 2.67, 5.14, 2.54, 1.09, 2.31, 2.24, 0.69, 1.83, 0.8387972124664442
No.893: 1.07, 6.09, 2.67, 5.14, 2.54, 1.09, 2.31, 2.24, 0.69, 1.83, 0.8387972124664442
No.894: 1.07, 6.09, 2.67, 5.14, 2.54, 1.09, 2.31, 2.24, 0.69, 1.83, 0.8387972124664442
No.895: 1.07, 6.09, 2.67, 5.14, 2.54, 1.09, 2.31, 2.24, 0.69, 1.83, 0.8387972124664442
No.896: 1.07, 6.09, 2.67, 5.14, 2.54, 1.09, 2.31, 2.24, 0.69, 1.83, 0.8387972124664442
No.897: 1.07, 6.09, 2.67, 5.14, 2.54, 1.09, 2.31, 2.24, 0.69, 1.83, 0.8387972124664442
No.898: 1.07, 6.09, 2.67, 5.14, 2.54, 1.09, 2.31, 2.24, 0.69, 1.83, 0.8387972124664442
No.899: 1.07, 6.09, 2.67, 5.14, 2.54, 1.09, 2.31, 2.24, 0.69, 1.83, 0.8387972124664442
No.900: 1.07, 6.09, 2.67, 5.14, 2.54, 1.09, 2.31, 2.24, 0.69, 1.83, 0.8387972124664442
No.901: 1.07, 6.09, 2.67, 5.14, 2.54, 1.09, 2.31, 2.24, 0.69, 1.83, 0.8387972124664442
No.902: 1.07, 6.09, 2.67, 5.14, 2.54, 1.09, 2.31, 2.24, 0.69, 1.83, 0.8387972124664442
No.903: 1.07, 6.09, 2.67, 5.14, 2.54, 1.09, 2.31, 2.24, 0.69, 1.83, 0.8387972124664442
No.904: 1.07, 6.09, 2.67, 5.14, 2.54, 1.09, 2.31, 2.24, 0.69, 1.83, 0.8387972124664442
No.905: 1.07, 6.09, 2.67, 5.14, 2.54, 1.09, 2.31, 2.24, 0.69, 1.83, 0.8387972124664442
No.906: 1.07, 6.09, 2.67, 5.14, 2.54, 1.09, 2.31, 2.24, 0.69, 1.83, 0.8387972124664442
No.907: 1.07, 6.09, 2.67, 5.14, 2.54, 1.09, 2.31, 2.24, 0.69, 1.83, 0.8387972124664442
No.908: 1.07, 6.09, 2.67, 5.14, 2.54, 1.09, 2.31, 2.24, 0.69, 1.83, 0.8387972124664442
No.909: 1.07, 6.09, 2.67, 5.14, 2.54, 1.09, 2.31, 2.24, 0.69, 1.83, 0.8387972124664442
No.910: 1.07, 6.09, 2.67, 5.14, 2.54, 1.09, 2.31, 2.24, 0.69, 1.83, 0.8387972124664442
No.911: 1.07, 6.09, 2.67, 5.14, 2.54, 1.09, 2.31, 2.24, 0.69, 1.83, 0.8387972124664442
No.912: 1.07, 6.09, 2.67, 5.14, 2.54, 1.09, 2.31, 2.24, 0.69, 1.83, 0.8387972124664442
No.913: 1.07, 6.09, 2.67, 5.14, 2.54, 1.09, 2.31, 2.24, 0.69, 1.83, 0.8387972124664442
No.914: 1.07, 6.09, 2.67, 5.14, 2.54, 1.09, 2.31, 2.24, 0.69, 1.83, 0.8387972124664442
No.915: 1.07, 6.09, 2.67, 5.14, 2.54, 1.09, 2.31, 2.24, 0.69, 1.83, 0.8387972124664442
No.916: 1.07, 6.09, 2.67, 5.14, 2.54, 1.09, 2.31, 2.24, 0.69, 1.83, 0.8387972124664442
No.917: 1.07, 6.09, 2.67, 5.14, 2.54, 1.09, 2.31, 2.24, 0.69, 1.83, 0.8387972124664442
No.918: 1.07, 6.09, 2.67, 5.14, 2.54, 1.09, 2.31, 2.24, 0.69, 1.83, 0.8387972124664442
No.919: 1.07, 6.09, 2.67, 5.14, 2.54, 1.09, 2.31, 2.24, 0.69, 1.83, 0.8387972124664442
No.920: 1.07, 6.09, 2.67, 5.14, 2.54, 1.09, 2.31, 2.24, 0.69, 1.83, 0.8387972124664442
No.921: 1.07, 6.09, 2.67, 5.14, 2.54, 1.09, 2.31, 2.24, 0.69, 1.83, 0.8387972124664442
No.922: 1.07, 6.09, 2.67, 5.14, 2.54, 1.09, 2.31, 2.24, 0.69, 1.83, 0.8387972124664442
No.923: 1.07, 6.09, 2.67, 5.14, 2.54, 1.09, 2.31, 2.24, 0.69, 1.83, 0.8387972124664442
No.924: 1.07, 6.09, 2.67, 5.14, 2.54, 1.09, 2.31, 2.24, 0.69, 1.83, 0.8387972124664442
No.925: 1.07, 6.09, 2.67, 5.14, 2.54, 1.09, 2.31, 2.24, 0.69, 1.83, 0.8387972124664442
No.926: 1.07, 6.09, 2.67, 5.14, 2.54, 1.09, 2.31, 2.24, 0.69, 1.83, 0.8387972124664442
No.927: 1.07, 6.09, 2.67, 5.14, 2.54, 1.09, 2.31, 2.24, 0.69, 1.83, 0.8387972124664442
No.928: 1.07, 6.09, 2.67, 5.14, 2.54, 1.09, 2.31, 2.24, 0.69, 1.83, 0.8387972124664442
No.929: 1.07, 6.09, 2.67, 5.14, 2.54, 1.09, 2.31, 2.24, 0.69, 1.83, 0.8387972124664442
No.930: 1.07, 6.09, 2.67, 5.14, 2.54, 1.09, 2.31, 2.24, 0.69, 1.83, 0.8387972124664442
No.931: 1.07, 6.09, 2.67, 5.14, 2.54, 1.09, 2.31, 2.24, 0.69, 1.83, 0.8387972124664442
No.932: 1.07, 6.09, 2.67, 5.14, 2.54, 1.09, 2.31, 2.24, 0.69, 1.83, 0.8387972124664442
No.933: 1.07, 6.09, 2.67, 5.14, 2.54, 1.09, 2.31, 2.24, 0.69, 1.83, 0.8387972124664442
No.934: 1.07, 6.09, 2.67, 5.14, 2.54, 1.09, 2.31, 2.24, 0.69, 1.83, 0.8387972124664442
No.935: 1.07, 6.09, 2.67, 5.14, 2.54, 1.09, 2.31, 2.24, 0.69, 1.83, 0.8387972124664442
No.936: 1.07, 6.09, 2.67, 5.14, 2.54, 1.09, 2.31, 2.24, 0.69, 1.83, 0.8387972124664442
No.937: 1.07, 6.09, 2.67, 5.14, 2.54, 1.09, 2.31, 2.24, 0.69, 1.83, 0.8387972124664442
No.938: 1.07, 6.09, 2.67, 5.14, 2.54, 1.09, 2.31, 2.24, 0.69, 1.83, 0.8387972124664442
No.939: 1.07, 6.09, 2.67, 5.14, 2.54, 1.09, 2.31, 2.24, 0.69, 1.83, 0.8387972124664442
No.940: 1.07, 6.09, 2.67, 5.14, 2.54, 1.09, 2.31, 2.24, 0.69, 1.83, 0.8387972124664442
No.941: 1.07, 6.09, 2.67, 5.14, 2.54, 1.09, 2.31, 2.24, 0.69, 1.83, 0.8387972124664442
