#| No.|Asub | b0  | b1  | b2  | b3  | t1  | t2  | t3  |Cmin |Cmax | evalulate_value (min value is recommendation) |
#|iter| x0  | x1  | x2  | x3  | x4  | x5  | x6  | x7  | x8  | x9  | evalulate_value (min value is reccomendation) |
No.1: 1.14, 6.17, 2.71, 4.80, 2.60, 1.10, 2.30, 2.21, 0.69, 1.70, 2737242.332131424
No.2: 1.20, 6.17, 2.71, 4.80, 2.60, 1.10, 2.30, 2.21, 0.69, 1.70, 28458964269.643
No.3: 1.14, 6.48, 2.71, 4.80, 2.60, 1.10, 2.30, 2.21, 0.69, 1.70, 390476757.17790794
No.4: 1.14, 6.17, 2.84, 4.80, 2.60, 1.10, 2.30, 2.21, 0.69, 1.70, 346402758.0937516
No.5: 1.14, 6.17, 2.71, 5.04, 2.60, 1.10, 2.30, 2.21, 0.69, 1.70, 259372.58402189473
No.6: 1.14, 6.17, 2.71, 4.80, 2.74, 1.10, 2.30, 2.21, 0.69, 1.70, 9554973.245803418
No.7: 1.14, 6.17, 2.71, 4.80, 2.60, 1.16, 2.30, 2.21, 0.69, 1.70, 266775177.4646517
No.8: 1.14, 6.17, 2.71, 4.80, 2.60, 1.10, 2.42, 2.21, 0.69, 1.70, 98633239.89530757
No.9: 1.14, 6.17, 2.71, 4.80, 2.60, 1.10, 2.30, 2.32, 0.69, 1.70, 279226235.1758603
No.10: 1.14, 6.17, 2.71, 4.80, 2.60, 1.10, 2.30, 2.21, 0.72, 1.70, 3454568.7719836677
No.11: 1.14, 6.17, 2.71, 4.80, 2.60, 1.10, 2.30, 2.21, 0.69, 1.79, 2154367.8700101413
No.12: 1.09, 6.24, 2.73, 4.85, 2.63, 1.12, 2.33, 2.23, 0.69, 1.72, 58559093.569903634
No.13: 1.13, 5.88, 2.74, 4.86, 2.64, 1.12, 2.33, 2.23, 0.69, 1.73, 59803513.28835218
No.14: 1.13, 6.13, 2.58, 4.87, 2.64, 1.12, 2.34, 2.24, 0.69, 1.73, 9749848.772291696
No.15: 1.13, 6.12, 2.69, 4.89, 2.65, 1.12, 2.34, 2.11, 0.70, 1.73, 91857917.63037506
No.16: 1.13, 6.11, 2.69, 4.90, 2.66, 1.06, 2.35, 2.20, 0.70, 1.74, 227632833.26727456
No.17: 1.13, 6.12, 2.69, 4.89, 2.65, 1.08, 2.35, 2.20, 0.70, 1.73, 199371899.021253
No.18: 1.14, 6.16, 2.70, 4.82, 2.61, 1.15, 2.31, 2.20, 0.69, 1.71, 6359035.499216295
No.19: 1.12, 6.11, 2.69, 4.91, 2.66, 1.12, 2.22, 2.20, 0.70, 1.74, 7770385.877199296
No.20: 1.14, 6.16, 2.70, 4.83, 2.62, 1.11, 2.27, 2.31, 0.69, 1.71, 68804005.98753983
No.21: 1.14, 6.15, 2.70, 4.84, 2.62, 1.11, 2.28, 2.28, 0.69, 1.72, 16048449.444483105
No.22: 1.14, 6.45, 2.65, 4.85, 2.63, 1.11, 2.27, 2.20, 0.69, 1.72, 699528738.1951717
No.23: 1.13, 5.97, 2.72, 4.86, 2.64, 1.12, 2.32, 2.23, 0.69, 1.72, 120366018.59245989
No.24: 1.14, 6.17, 2.71, 4.83, 2.60, 1.10, 2.30, 2.21, 0.69, 1.78, 157677811.3347717
No.25: 1.14, 6.17, 2.71, 4.83, 2.60, 1.10, 2.30, 2.21, 0.69, 1.70, 118906406.03315441
No.26: 1.14, 6.17, 2.71, 4.83, 2.60, 1.10, 2.30, 2.21, 0.72, 1.70, 4995985.31576678
No.27: 1.14, 6.17, 2.70, 4.84, 2.61, 1.14, 2.31, 2.20, 0.69, 1.71, 35505372.17418774
No.28: 1.13, 6.11, 2.69, 4.92, 2.65, 1.12, 2.23, 2.20, 0.70, 1.74, 16564607.017768594
No.29: 1.14, 6.17, 2.71, 4.83, 2.72, 1.10, 2.30, 2.21, 0.69, 1.70, 18804336.39329159
No.30: 1.13, 6.13, 2.59, 4.89, 2.64, 1.12, 2.33, 2.23, 0.69, 1.73, 197374009.44922894
No.31: 1.14, 6.16, 2.70, 4.86, 2.62, 1.11, 2.28, 2.28, 0.69, 1.72, 119679842.64515634
No.32: 1.09, 6.23, 2.73, 4.87, 2.63, 1.11, 2.33, 2.22, 0.69, 1.72, 1380668.9436203807
No.33: 1.13, 5.91, 2.73, 4.88, 2.63, 1.12, 2.33, 2.23, 0.69, 1.72, 1573357.3567492224
No.34: 1.14, 6.16, 2.82, 4.86, 2.62, 1.11, 2.26, 2.20, 0.69, 1.71, 554918.6194207162
No.35: 1.13, 6.11, 2.74, 4.92, 2.66, 1.12, 2.29, 2.23, 0.70, 1.65, 62161272.71047848
No.36: 1.13, 6.12, 2.75, 4.91, 2.65, 1.12, 2.31, 2.15, 0.70, 1.70, 2837502.241776519
No.37: 1.12, 6.09, 2.75, 4.95, 2.67, 1.13, 2.29, 2.20, 0.70, 1.71, 338161505.0851082
No.38: 1.14, 6.16, 2.71, 4.85, 2.62, 1.11, 2.30, 2.20, 0.69, 1.71, 188719655.85697776
No.39: 1.14, 6.16, 2.81, 4.87, 2.62, 1.11, 2.27, 2.20, 0.69, 1.71, 142413847.26537344
No.40: 1.10, 6.22, 2.73, 4.89, 2.63, 1.11, 2.32, 2.22, 0.69, 1.72, 38631262.09412999
No.41: 1.14, 5.94, 2.73, 4.90, 2.63, 1.12, 2.33, 2.23, 0.69, 1.72, 324161802.02309924
No.42: 1.13, 6.13, 2.74, 4.92, 2.64, 1.12, 2.31, 2.15, 0.70, 1.70, 20633277.40617006
No.43: 1.14, 6.17, 2.71, 4.85, 2.60, 1.10, 2.30, 2.21, 0.71, 1.70, 1862649.4531921765
No.44: 1.13, 6.12, 2.69, 4.93, 2.65, 1.12, 2.23, 2.20, 0.70, 1.73, 10601730.426441083
No.45: 1.14, 6.17, 2.71, 4.85, 2.71, 1.10, 2.30, 2.21, 0.69, 1.70, 34606725.853770904
No.46: 1.14, 6.17, 2.70, 4.86, 2.61, 1.14, 2.31, 2.20, 0.69, 1.71, 36006444.7491349
No.47: 1.13, 6.12, 2.73, 4.94, 2.65, 1.12, 2.29, 2.22, 0.70, 1.65, 84667841.12266497
No.48: 1.14, 6.17, 2.71, 4.85, 2.60, 1.10, 2.30, 2.21, 0.69, 1.70, 196673185.49112746
No.49: 1.13, 6.39, 2.71, 4.91, 2.63, 1.11, 2.26, 2.18, 0.69, 1.69, 129255268.40619165
No.50: 1.12, 6.19, 2.74, 4.96, 2.67, 1.12, 2.28, 2.19, 0.70, 1.70, 1447932.524473791
No.51: 1.12, 6.21, 2.62, 4.96, 2.66, 1.13, 2.32, 2.20, 0.70, 1.69, 513086.9892853917
No.52: 1.13, 5.95, 2.70, 4.94, 2.65, 1.12, 2.33, 2.22, 0.70, 1.72, 19079187.65776584
No.53: 1.13, 6.19, 2.68, 4.91, 2.64, 1.12, 2.32, 2.18, 0.69, 1.76, 483671.7607600212
No.54: 1.17, 6.07, 2.67, 4.96, 2.66, 1.12, 2.28, 2.17, 0.70, 1.71, 66208.00470896329
No.55: 1.18, 6.05, 2.67, 4.96, 2.67, 1.12, 2.27, 2.17, 0.70, 1.71, 93707.07739372189
No.56: 1.13, 6.11, 2.69, 5.00, 2.69, 1.10, 2.29, 2.18, 0.71, 1.72, 45848901.71412229
No.57: 1.14, 6.16, 2.70, 4.88, 2.62, 1.13, 2.31, 2.20, 0.69, 1.71, 116868940.16331744
No.58: 1.15, 6.16, 2.70, 5.04, 2.61, 1.11, 2.30, 2.20, 0.69, 1.71, 96239249.28992969
No.59: 1.14, 6.17, 2.68, 4.91, 2.64, 1.12, 2.31, 2.18, 0.69, 1.76, 2811173.2614455097
No.60: 1.13, 6.20, 2.63, 4.96, 2.66, 1.13, 2.31, 2.20, 0.70, 1.69, 59295605.83358115
No.61: 1.13, 6.18, 2.74, 4.96, 2.67, 1.12, 2.28, 2.19, 0.70, 1.70, 283098.16866225057
No.62: 1.15, 6.16, 2.70, 4.86, 2.61, 1.11, 2.30, 2.20, 0.71, 1.71, 72303625.8284486
No.63: 1.13, 6.11, 2.69, 4.94, 2.65, 1.12, 2.24, 2.20, 0.70, 1.73, 9271276.88122857
No.64: 1.13, 5.96, 2.70, 4.94, 2.65, 1.12, 2.33, 2.22, 0.70, 1.72, 31900522.830856077
No.65: 1.13, 6.12, 2.74, 4.92, 2.65, 1.12, 2.31, 2.15, 0.70, 1.70, 2874316.5374136455
No.66: 1.15, 6.16, 2.70, 4.86, 2.71, 1.11, 2.30, 2.20, 0.69, 1.71, 31396397.804638486
No.67: 1.15, 6.16, 2.70, 4.87, 2.62, 1.14, 2.31, 2.20, 0.69, 1.71, 6871921.808208986
No.68: 1.13, 6.10, 2.69, 4.80, 2.69, 1.13, 2.29, 2.18, 0.71, 1.72, 49809790.41374857
No.69: 1.13, 6.08, 2.68, 4.96, 2.71, 1.14, 2.29, 2.18, 0.68, 1.72, 991557691.560894
No.70: 1.14, 6.15, 2.70, 4.88, 2.63, 1.11, 2.30, 2.20, 0.71, 1.71, 62760294.70651707
No.71: 1.13, 6.09, 2.69, 4.95, 2.69, 1.13, 2.29, 2.18, 0.69, 1.72, 142516545.66757685
No.72: 1.14, 6.14, 2.70, 4.89, 2.64, 1.11, 2.30, 2.20, 0.70, 1.71, 199947447.51368436
No.73: 1.13, 6.17, 2.73, 4.96, 2.67, 1.12, 2.28, 2.19, 0.70, 1.70, 1512158.674331957
No.74: 1.14, 6.16, 2.68, 4.92, 2.64, 1.12, 2.31, 2.18, 0.69, 1.75, 6450095.571078019
No.75: 1.14, 6.12, 2.73, 4.93, 2.65, 1.12, 2.31, 2.15, 0.70, 1.70, 26193419.52437507
No.76: 1.15, 6.15, 2.70, 4.88, 2.62, 1.13, 2.30, 2.20, 0.69, 1.71, 796937517.0909808
No.77: 1.14, 6.11, 2.69, 4.94, 2.65, 1.12, 2.24, 2.20, 0.70, 1.73, 10374429.079628412
No.78: 1.15, 6.16, 2.70, 4.87, 2.70, 1.11, 2.30, 2.20, 0.69, 1.71, 16353431.247112952
No.79: 1.14, 5.97, 2.70, 4.94, 2.65, 1.12, 2.32, 2.21, 0.70, 1.71, 1919006286.6430104
No.80: 1.14, 6.09, 2.68, 4.82, 2.69, 1.13, 2.29, 2.18, 0.71, 1.72, 10256326258.630455
No.81: 1.13, 6.19, 2.63, 4.96, 2.66, 1.13, 2.31, 2.19, 0.70, 1.69, 468482.58405617246
No.82: 1.15, 6.14, 2.70, 4.88, 2.63, 1.11, 2.30, 2.20, 0.71, 1.71, 136221458.33572772
No.83: 1.15, 6.15, 2.70, 5.03, 2.62, 1.11, 2.30, 2.20, 0.69, 1.71, 90740094.95177999
No.84: 1.15, 6.31, 2.69, 4.92, 2.65, 1.12, 2.26, 2.16, 0.69, 1.71, 26158585.61119168
No.85: 1.14, 6.17, 2.68, 4.99, 2.68, 1.10, 2.27, 2.17, 0.70, 1.71, 21592638.668627243
No.86: 1.14, 6.18, 2.68, 5.01, 2.69, 1.12, 2.27, 2.17, 0.69, 1.72, 7788926.195871437
No.87: 1.14, 6.17, 2.68, 4.86, 2.71, 1.13, 2.27, 2.16, 0.70, 1.72, 324964.5767413529
No.88: 1.15, 6.22, 2.64, 4.95, 2.70, 1.12, 2.25, 2.20, 0.70, 1.73, 97109079.80909848
No.89: 1.14, 6.13, 2.72, 4.93, 2.65, 1.12, 2.30, 2.16, 0.70, 1.71, 5488124.1343225865
No.90: 1.13, 5.99, 2.68, 4.95, 2.70, 1.12, 2.30, 2.20, 0.70, 1.72, 130516444.17297293
No.91: 1.15, 6.26, 2.69, 4.93, 2.65, 1.12, 2.27, 2.17, 0.69, 1.71, 72680380.76426288
No.92: 1.14, 6.16, 2.68, 4.87, 2.71, 1.13, 2.27, 2.16, 0.70, 1.72, 2698434.493967054
No.93: 1.14, 6.17, 2.64, 4.96, 2.66, 1.12, 2.31, 2.19, 0.70, 1.69, 12556505.993116843
No.94: 1.14, 6.16, 2.72, 4.96, 2.66, 1.12, 2.28, 2.19, 0.70, 1.70, 1231641.6638600945
No.95: 1.14, 6.13, 2.71, 4.93, 2.65, 1.12, 2.30, 2.16, 0.70, 1.71, 7153551.2205589255
No.96: 1.14, 6.15, 2.68, 4.92, 2.64, 1.12, 2.31, 2.18, 0.69, 1.75, 682035.8777809441
No.97: 1.14, 6.17, 2.68, 5.01, 2.68, 1.12, 2.27, 2.17, 0.69, 1.72, 249585074.2151531
No.98: 1.14, 6.11, 2.69, 4.94, 2.65, 1.12, 2.25, 2.19, 0.70, 1.73, 181521581.4662329
No.99: 1.15, 6.15, 2.70, 4.88, 2.70, 1.11, 2.30, 2.20, 0.69, 1.71, 204361175.61258188
No.100: 1.15, 6.16, 2.68, 4.99, 2.68, 1.10, 2.27, 2.17, 0.70, 1.71, 2289669.4000468007
No.101: 1.15, 6.29, 2.69, 4.93, 2.65, 1.12, 2.26, 2.16, 0.69, 1.71, 43048106.73068339
No.102: 1.15, 6.14, 2.69, 4.86, 2.65, 1.12, 2.29, 2.19, 0.71, 1.71, 158027504.02624613
No.103: 1.14, 6.16, 2.67, 4.98, 2.63, 1.13, 2.26, 2.16, 0.71, 1.72, 557653.5012585011
No.104: 1.15, 6.21, 2.68, 4.93, 2.67, 1.12, 2.32, 2.15, 0.71, 1.70, 1814280.7274962058
No.105: 1.14, 6.19, 2.68, 5.02, 2.67, 1.12, 2.28, 2.15, 0.69, 1.71, 5300628.849768123
No.106: 1.14, 6.03, 2.67, 4.98, 2.68, 1.12, 2.31, 2.17, 0.71, 1.72, 7575800017.819868
No.107: 1.15, 6.25, 2.68, 4.94, 2.65, 1.12, 2.27, 2.16, 0.70, 1.71, 19829.037061021314
No.108: 1.16, 6.15, 2.73, 4.94, 2.66, 1.11, 2.26, 2.14, 0.70, 1.73, 462390420.0783075
No.109: 1.14, 6.17, 2.65, 4.95, 2.66, 1.12, 2.30, 2.18, 0.70, 1.70, 91901508.1563412
No.110: 1.17, 6.09, 2.67, 4.95, 2.66, 1.12, 2.28, 2.17, 0.70, 1.71, 5003296.451725883
No.111: 1.14, 6.17, 2.67, 4.98, 2.63, 1.13, 2.26, 2.16, 0.71, 1.72, 4414523.836676335
No.112: 1.14, 6.16, 2.68, 4.92, 2.64, 1.12, 2.30, 2.18, 0.69, 1.75, 8297725.098385217
No.113: 1.14, 6.17, 2.72, 4.96, 2.66, 1.12, 2.28, 2.19, 0.70, 1.70, 212911473.36720508
No.114: 1.15, 6.22, 2.68, 4.93, 2.67, 1.12, 2.31, 2.15, 0.70, 1.70, 81227.50348879086
No.115: 1.15, 6.17, 2.68, 4.98, 2.68, 1.10, 2.27, 2.17, 0.70, 1.71, 489151.4563573347
No.116: 1.14, 6.17, 2.68, 4.88, 2.70, 1.12, 2.27, 2.16, 0.70, 1.72, 92913663.03334212
No.117: 1.15, 6.19, 2.68, 5.02, 2.67, 1.12, 2.28, 2.15, 0.69, 1.71, 4721237.578616169
No.118: 1.14, 6.14, 2.71, 4.93, 2.65, 1.12, 2.29, 2.16, 0.70, 1.71, 9506810.166505424
No.119: 1.14, 6.18, 2.64, 4.95, 2.66, 1.12, 2.30, 2.19, 0.70, 1.70, 6588044.014845943
No.120: 1.16, 6.18, 2.64, 4.94, 2.66, 1.12, 2.29, 2.14, 0.70, 1.72, 906359420.7399538
No.121: 1.14, 6.17, 2.71, 4.96, 2.66, 1.12, 2.28, 2.18, 0.70, 1.71, 673989.0975688499
No.122: 1.15, 6.18, 2.68, 5.04, 2.62, 1.11, 2.30, 2.17, 0.70, 1.71, 53460020.911477216
No.123: 1.15, 6.18, 2.68, 5.01, 2.63, 1.12, 2.30, 2.17, 0.70, 1.71, 21167612.88192734
No.124: 1.14, 6.17, 2.68, 4.90, 2.69, 1.12, 2.27, 2.16, 0.70, 1.72, 30310827.40356215
No.125: 1.15, 6.17, 2.68, 5.00, 2.64, 1.12, 2.29, 2.17, 0.70, 1.71, 451082.82396215585
No.126: 1.15, 6.22, 2.65, 4.99, 2.66, 1.12, 2.28, 2.17, 0.70, 1.72, 60666830.16210593
No.127: 1.15, 6.15, 2.70, 4.94, 2.66, 1.12, 2.29, 2.16, 0.70, 1.71, 69678108.07119675
No.128: 1.15, 6.22, 2.68, 4.93, 2.66, 1.12, 2.31, 2.15, 0.70, 1.70, 111205138.26346022
No.129: 1.15, 6.18, 2.68, 4.99, 2.64, 1.12, 2.29, 2.17, 0.70, 1.71, 42184207.98819706
No.130: 1.15, 6.17, 2.68, 4.98, 2.68, 1.11, 2.27, 2.17, 0.70, 1.71, 236660273.84534743
No.131: 1.14, 6.18, 2.70, 4.95, 2.66, 1.12, 2.28, 2.18, 0.70, 1.71, 179201.322202012
No.132: 1.14, 6.18, 2.67, 4.97, 2.63, 1.13, 2.26, 2.16, 0.71, 1.72, 90216.66072366796
No.133: 1.15, 6.20, 2.68, 5.01, 2.67, 1.12, 2.28, 2.15, 0.69, 1.71, 62932623.85172838
No.134: 1.17, 6.10, 2.67, 4.95, 2.66, 1.12, 2.28, 2.17, 0.70, 1.71, 1987565314.0225377
No.135: 1.14, 6.19, 2.65, 4.95, 2.66, 1.12, 2.30, 2.19, 0.70, 1.70, 6061055.018147862
No.136: 1.15, 6.17, 2.68, 4.92, 2.64, 1.12, 2.30, 2.17, 0.70, 1.74, 4984689424.608263
No.137: 1.14, 6.15, 2.71, 4.93, 2.65, 1.12, 2.29, 2.16, 0.70, 1.71, 117112593.10016906
No.138: 1.15, 6.19, 2.68, 5.00, 2.67, 1.12, 2.27, 2.16, 0.70, 1.68, 14940832.061061779
No.139: 1.13, 6.28, 2.69, 4.98, 2.66, 1.12, 2.29, 2.16, 0.70, 1.70, 34469160.01285341
No.140: 1.14, 6.23, 2.68, 4.95, 2.64, 1.14, 2.30, 2.16, 0.70, 1.70, 3422956.769437615
No.141: 1.14, 6.27, 2.65, 5.00, 2.65, 1.12, 2.28, 2.17, 0.70, 1.70, 11385847.4419395
No.142: 1.13, 6.21, 2.68, 5.02, 2.64, 1.13, 2.25, 2.18, 0.70, 1.70, 137570.85806052395
No.143: 1.14, 6.23, 2.68, 4.94, 2.63, 1.12, 2.28, 2.18, 0.71, 1.69, 5677886.79787386
No.144: 1.13, 6.26, 2.67, 4.95, 2.66, 1.13, 2.26, 2.17, 0.71, 1.69, 653008.7286124942
No.145: 1.16, 6.16, 2.66, 4.96, 2.64, 1.13, 2.26, 2.18, 0.70, 1.70, 292394945.39698774
No.146: 1.13, 6.26, 2.69, 4.98, 2.65, 1.12, 2.28, 2.16, 0.70, 1.70, 78974982.35354006
No.147: 1.14, 6.18, 2.68, 4.97, 2.63, 1.13, 2.27, 2.16, 0.71, 1.72, 91353055.26351352
No.148: 1.14, 6.21, 2.68, 5.01, 2.64, 1.13, 2.26, 2.18, 0.70, 1.70, 43408423.60955114
No.149: 1.14, 6.18, 2.70, 4.95, 2.66, 1.12, 2.28, 2.18, 0.70, 1.71, 179201.322202012
No.150: 1.13, 6.25, 2.67, 4.95, 2.66, 1.13, 2.26, 2.17, 0.70, 1.69, 74299.72247383071
No.151: 1.14, 6.23, 2.68, 4.95, 2.64, 1.13, 2.29, 2.16, 0.70, 1.70, 406060415.95537233
No.152: 1.14, 6.23, 2.68, 4.94, 2.63, 1.12, 2.28, 2.18, 0.71, 1.69, 5677886.79787386
No.153: 1.14, 6.19, 2.65, 4.95, 2.66, 1.12, 2.30, 2.18, 0.70, 1.70, 237329.5718474572
No.154: 1.14, 6.27, 2.66, 4.99, 2.65, 1.12, 2.28, 2.17, 0.70, 1.70, 16876670.9678847
No.155: 1.15, 6.20, 2.68, 4.99, 2.67, 1.12, 2.27, 2.16, 0.70, 1.68, 2003787.0204691845
No.156: 1.13, 6.27, 2.69, 4.98, 2.66, 1.12, 2.29, 2.16, 0.70, 1.70, 40376104.01389443
No.157: 1.14, 6.22, 2.67, 4.98, 2.67, 1.11, 2.25, 2.18, 0.71, 1.70, 2594998.3769948585
No.158: 1.14, 6.27, 2.68, 4.97, 2.68, 1.12, 2.28, 2.18, 0.70, 1.68, 23118041.02791022
No.159: 1.15, 6.26, 2.68, 4.92, 2.67, 1.11, 2.30, 2.17, 0.71, 1.69, 66920685.40415821
No.160: 1.14, 6.22, 2.68, 5.00, 2.65, 1.12, 2.26, 2.17, 0.70, 1.70, 25077.948307944116
No.161: 1.16, 6.18, 2.66, 4.96, 2.66, 1.13, 2.26, 2.19, 0.70, 1.69, 1829246990.62278
No.162: 1.13, 6.26, 2.69, 4.97, 2.66, 1.12, 2.28, 2.16, 0.70, 1.70, 53208040.60083793
No.163: 1.14, 6.22, 2.68, 4.99, 2.65, 1.12, 2.26, 2.17, 0.70, 1.70, 5105673.463248015
No.164: 1.14, 6.25, 2.68, 4.95, 2.66, 1.13, 2.26, 2.17, 0.70, 1.70, 2380110.6969441366
No.165: 1.14, 6.19, 2.70, 4.95, 2.66, 1.12, 2.28, 2.18, 0.70, 1.71, 33176482.525100507
No.166: 1.14, 6.20, 2.65, 4.95, 2.66, 1.12, 2.29, 2.18, 0.70, 1.70, 1840947.4495964397
No.167: 1.15, 6.20, 2.68, 4.99, 2.67, 1.12, 2.27, 2.16, 0.70, 1.68, 2003787.0204691845
No.168: 1.14, 6.22, 2.67, 4.98, 2.67, 1.11, 2.26, 2.18, 0.70, 1.71, 179111825.58980533
No.169: 1.14, 6.23, 2.68, 4.94, 2.64, 1.12, 2.28, 2.18, 0.71, 1.69, 5678906.604603435
No.170: 1.15, 6.26, 2.66, 4.99, 2.65, 1.12, 2.28, 2.17, 0.70, 1.70, 149627204.37747833
No.171: 1.14, 6.27, 2.68, 4.96, 2.67, 1.12, 2.28, 2.18, 0.70, 1.68, 104348388.63292694
No.172: 1.13, 6.27, 2.69, 4.97, 2.66, 1.12, 2.28, 2.16, 0.70, 1.70, 66246679.779257454
No.173: 1.14, 6.25, 2.68, 4.95, 2.65, 1.13, 2.30, 2.17, 0.70, 1.69, 29212605.236636125
No.174: 1.14, 6.20, 2.70, 4.93, 2.66, 1.12, 2.28, 2.18, 0.70, 1.69, 47835.29504889314
No.175: 1.14, 6.18, 2.69, 4.95, 2.63, 1.13, 2.27, 2.16, 0.70, 1.71, 126400.47624154652
No.176: 1.16, 6.16, 2.68, 4.93, 2.65, 1.13, 2.27, 2.18, 0.70, 1.69, 17405543.424149316
No.177: 1.15, 6.24, 2.66, 4.95, 2.64, 1.13, 2.27, 2.17, 0.70, 1.69, 32457385.85464735
No.178: 1.14, 6.23, 2.67, 4.95, 2.64, 1.13, 2.27, 2.17, 0.70, 1.69, 12192476.386692576
No.179: 1.15, 6.18, 2.67, 4.96, 2.65, 1.12, 2.25, 2.18, 0.71, 1.70, 2441968.004562402
No.180: 1.13, 6.27, 2.68, 4.97, 2.65, 1.12, 2.28, 2.16, 0.70, 1.70, 138334861.65566918
No.181: 1.15, 6.18, 2.68, 4.94, 2.65, 1.13, 2.27, 2.18, 0.70, 1.70, 17593129.908592623
No.182: 1.14, 6.21, 2.70, 4.93, 2.66, 1.12, 2.28, 2.18, 0.70, 1.69, 724054.4879609293
No.183: 1.14, 6.19, 2.69, 4.94, 2.64, 1.13, 2.27, 2.16, 0.70, 1.71, 95908701.09115383
No.184: 1.14, 6.20, 2.66, 4.95, 2.66, 1.12, 2.29, 2.18, 0.70, 1.70, 115000.86353420641
No.185: 1.15, 6.21, 2.68, 4.98, 2.67, 1.12, 2.27, 2.16, 0.70, 1.68, 178867.41637158385
No.186: 1.14, 6.25, 2.68, 4.95, 2.66, 1.13, 2.27, 2.17, 0.70, 1.70, 21292564.774843115
No.187: 1.15, 6.19, 2.67, 4.95, 2.65, 1.12, 2.25, 2.17, 0.70, 1.70, 4033994.5115281357
No.188: 1.14, 6.22, 2.68, 4.98, 2.65, 1.12, 2.26, 2.17, 0.70, 1.70, 3676569.1545419963
No.189: 1.14, 6.23, 2.68, 4.94, 2.64, 1.12, 2.28, 2.18, 0.70, 1.70, 1759682.8825322525
No.190: 1.15, 6.24, 2.67, 4.95, 2.65, 1.13, 2.27, 2.17, 0.70, 1.69, 4911312.300513475
No.191: 1.15, 6.17, 2.68, 4.93, 2.65, 1.13, 2.27, 2.18, 0.70, 1.70, 424196.80001513334
No.192: 1.15, 6.24, 2.67, 4.96, 2.67, 1.12, 2.27, 2.18, 0.70, 1.68, 126803.44199237834
No.193: 1.15, 6.18, 2.68, 4.95, 2.65, 1.12, 2.28, 2.18, 0.70, 1.70, 35214989.58302465
No.194: 1.14, 6.24, 2.68, 4.95, 2.66, 1.13, 2.27, 2.17, 0.70, 1.70, 62902107.00966449
No.195: 1.14, 6.21, 2.66, 4.95, 2.66, 1.12, 2.29, 2.18, 0.70, 1.70, 11448646.377658293
No.196: 1.15, 6.24, 2.67, 4.95, 2.67, 1.12, 2.27, 2.18, 0.70, 1.69, 164721776.9547051
No.197: 1.15, 6.21, 2.68, 4.98, 2.66, 1.12, 2.27, 2.16, 0.70, 1.69, 67373672.80535328
No.198: 1.15, 6.18, 2.68, 4.93, 2.65, 1.13, 2.27, 2.18, 0.70, 1.70, 168324649.2112134
No.199: 1.14, 6.21, 2.70, 4.93, 2.66, 1.12, 2.28, 2.17, 0.70, 1.70, 25173335.50051035
No.200: 1.14, 6.24, 2.68, 4.94, 2.64, 1.12, 2.28, 2.18, 0.70, 1.70, 38059902.05482954
No.201: 1.14, 6.23, 2.68, 4.98, 2.65, 1.12, 2.26, 2.17, 0.70, 1.70, 240112530.50087973
No.202: 1.15, 6.19, 2.68, 4.95, 2.65, 1.12, 2.26, 2.17, 0.70, 1.71, 508865.1882975304
No.203: 1.15, 6.24, 2.67, 4.95, 2.65, 1.12, 2.27, 2.17, 0.70, 1.69, 61760.21145208534
No.204: 1.14, 6.25, 2.68, 4.95, 2.66, 1.13, 2.27, 2.17, 0.70, 1.70, 21292564.774843115
No.205: 1.15, 6.22, 2.68, 4.91, 2.66, 1.12, 2.28, 2.17, 0.70, 1.69, 1057342.9842899123
No.206: 1.14, 6.27, 2.68, 4.95, 2.66, 1.11, 2.28, 2.17, 0.70, 1.70, 35808779.68384135
No.207: 1.14, 6.21, 2.69, 4.93, 2.64, 1.12, 2.28, 2.16, 0.70, 1.71, 2701134.752039173
No.208: 1.14, 6.25, 2.67, 4.90, 2.64, 1.12, 2.28, 2.18, 0.70, 1.71, 16216876.922819406
No.209: 1.14, 6.22, 2.67, 4.93, 2.67, 1.12, 2.27, 2.16, 0.70, 1.70, 6827801.72821599
No.210: 1.15, 6.18, 2.68, 4.91, 2.65, 1.13, 2.27, 2.17, 0.70, 1.71, 45759222.13034875
No.211: 1.14, 6.26, 2.68, 4.95, 2.66, 1.12, 2.28, 2.17, 0.70, 1.70, 60015.015746004516
No.212: 1.15, 6.25, 2.65, 4.94, 2.65, 1.12, 2.27, 2.16, 0.70, 1.71, 6481800.051716518
No.213: 1.15, 6.21, 2.67, 4.92, 2.65, 1.11, 2.28, 2.17, 0.70, 1.71, 4074618.0445881505
No.214: 1.16, 6.20, 2.67, 4.97, 2.67, 1.12, 2.27, 2.16, 0.70, 1.69, 7448145.924648312
No.215: 1.15, 6.24, 2.69, 4.93, 2.65, 1.12, 2.26, 2.15, 0.70, 1.70, 80202409.16630825
No.216: 1.14, 6.21, 2.66, 4.94, 2.66, 1.12, 2.28, 2.17, 0.70, 1.70, 1061164.1877718999
No.217: 1.14, 6.25, 2.67, 4.90, 2.64, 1.12, 2.28, 2.18, 0.70, 1.71, 16216876.922819406
No.218: 1.15, 6.21, 2.67, 4.96, 2.66, 1.12, 2.27, 2.16, 0.70, 1.70, 5881278.143227002
No.219: 1.15, 6.22, 2.67, 4.95, 2.64, 1.12, 2.28, 2.17, 0.70, 1.70, 57234554.38987281
No.220: 1.15, 6.22, 2.67, 4.93, 2.66, 1.12, 2.27, 2.16, 0.70, 1.70, 2082357.955310047
No.221: 1.15, 6.20, 2.70, 4.94, 2.66, 1.12, 2.28, 2.17, 0.70, 1.69, 24251715.104331784
No.222: 1.15, 6.24, 2.66, 4.94, 2.65, 1.12, 2.27, 2.16, 0.70, 1.71, 3558903.947207469
No.223: 1.14, 6.24, 2.67, 4.91, 2.64, 1.12, 2.28, 2.18, 0.70, 1.71, 2330123.2222247515
No.224: 1.14, 6.25, 2.68, 4.95, 2.66, 1.13, 2.27, 2.17, 0.70, 1.70, 21292564.774843115
No.225: 1.15, 6.21, 2.67, 4.93, 2.65, 1.12, 2.28, 2.17, 0.70, 1.71, 6100628.07336026
No.226: 1.14, 6.26, 2.68, 4.95, 2.66, 1.12, 2.28, 2.17, 0.70, 1.70, 60015.015746004516
No.227: 1.15, 6.24, 2.67, 4.95, 2.65, 1.12, 2.27, 2.17, 0.70, 1.70, 105728.45316683238
No.228: 1.15, 6.20, 2.68, 4.95, 2.65, 1.12, 2.26, 2.17, 0.70, 1.71, 12714380.882128969
No.229: 1.15, 6.22, 2.68, 4.92, 2.66, 1.12, 2.28, 2.17, 0.70, 1.69, 74037278.15945284
No.230: 1.15, 6.22, 2.67, 4.94, 2.66, 1.12, 2.28, 2.17, 0.70, 1.70, 19819815.68089058
No.231: 1.15, 6.23, 2.67, 4.93, 2.66, 1.12, 2.27, 2.16, 0.70, 1.70, 1966297.2908149958
No.232: 1.14, 6.24, 2.68, 4.92, 2.65, 1.12, 2.28, 2.17, 0.70, 1.71, 309700.60833088687
No.233: 1.14, 6.22, 2.69, 4.93, 2.64, 1.12, 2.28, 2.16, 0.70, 1.71, 5637706.371648711
No.234: 1.15, 6.24, 2.66, 4.94, 2.65, 1.12, 2.27, 2.16, 0.70, 1.71, 3558903.947207469
No.235: 1.15, 6.21, 2.67, 4.93, 2.65, 1.12, 2.28, 2.17, 0.70, 1.71, 6100628.07336026
No.236: 1.14, 6.24, 2.67, 4.96, 2.64, 1.12, 2.27, 2.16, 0.70, 1.72, 35943882.74661627
No.237: 1.14, 6.23, 2.67, 4.95, 2.65, 1.12, 2.27, 2.16, 0.70, 1.71, 12477796.110499905
No.238: 1.15, 6.24, 2.68, 4.93, 2.65, 1.12, 2.26, 2.16, 0.70, 1.71, 1163672.8936061766
No.239: 1.15, 6.27, 2.67, 4.92, 2.65, 1.12, 2.29, 2.16, 0.70, 1.71, 4320272.8452380635
No.240: 1.15, 6.24, 2.68, 4.91, 2.65, 1.12, 2.28, 2.16, 0.70, 1.70, 91697788.73224244
No.241: 1.14, 6.24, 2.67, 4.95, 2.65, 1.12, 2.27, 2.16, 0.70, 1.71, 20639366.418013807
No.242: 1.14, 6.26, 2.68, 4.95, 2.66, 1.12, 2.27, 2.17, 0.70, 1.70, 6119636.813336729
No.243: 1.15, 6.24, 2.67, 4.95, 2.65, 1.12, 2.27, 2.17, 0.70, 1.70, 105728.45316683238
No.244: 1.14, 6.24, 2.68, 4.92, 2.65, 1.12, 2.28, 2.17, 0.70, 1.71, 309700.60833088687
No.245: 1.15, 6.24, 2.68, 4.93, 2.65, 1.12, 2.26, 2.16, 0.70, 1.71, 1163672.8936061766
No.246: 1.15, 6.23, 2.68, 4.93, 2.66, 1.12, 2.27, 2.16, 0.70, 1.71, 24263992.90480139
No.247: 1.15, 6.24, 2.66, 4.94, 2.65, 1.12, 2.27, 2.16, 0.70, 1.71, 3558903.947207469
No.248: 1.15, 6.27, 2.68, 4.92, 2.65, 1.12, 2.29, 2.16, 0.70, 1.71, 2457722.2904793583
No.249: 1.15, 6.22, 2.69, 4.93, 2.64, 1.12, 2.28, 2.16, 0.70, 1.71, 23630058.05964012
No.250: 1.15, 6.21, 2.67, 4.93, 2.65, 1.12, 2.28, 2.17, 0.70, 1.71, 6100628.07336026
No.251: 1.14, 6.24, 2.67, 4.95, 2.65, 1.12, 2.27, 2.16, 0.70, 1.71, 20639366.418013807
No.252: 1.15, 6.25, 2.68, 4.94, 2.64, 1.12, 2.28, 2.16, 0.70, 1.71, 9141.78816266876
No.253: 1.15, 6.26, 2.68, 4.94, 2.63, 1.12, 2.28, 2.16, 0.70, 1.71, 20798351.052339856
No.254: 1.15, 6.27, 2.67, 4.94, 2.65, 1.12, 2.27, 2.17, 0.70, 1.71, 899421.9290029593
No.255: 1.15, 6.26, 2.68, 4.92, 2.65, 1.12, 2.28, 2.17, 0.70, 1.70, 4054713.217308992
No.256: 1.15, 6.24, 2.67, 4.92, 2.64, 1.12, 2.28, 2.16, 0.70, 1.71, 301096286.76698625
No.257: 1.14, 6.25, 2.68, 4.94, 2.65, 1.12, 2.28, 2.17, 0.70, 1.70, 87142625.20501643
No.258: 1.15, 6.25, 2.68, 4.94, 2.65, 1.12, 2.27, 2.16, 0.70, 1.71, 19829.037061021314
No.259: 1.15, 6.24, 2.67, 4.94, 2.65, 1.12, 2.27, 2.17, 0.70, 1.70, 6595965.430915423
No.260: 1.14, 6.24, 2.68, 4.92, 2.65, 1.12, 2.28, 2.17, 0.70, 1.71, 309700.60833088687
No.261: 1.15, 6.27, 2.67, 4.94, 2.65, 1.12, 2.27, 2.17, 0.70, 1.71, 899421.9290029593
No.262: 1.15, 6.25, 2.68, 4.93, 2.65, 1.12, 2.27, 2.16, 0.70, 1.71, 612148.7611918233
No.263: 1.15, 6.27, 2.68, 4.93, 2.65, 1.12, 2.29, 2.16, 0.70, 1.71, 2759915.468107519
No.264: 1.15, 6.24, 2.67, 4.94, 2.65, 1.12, 2.27, 2.16, 0.70, 1.71, 2431467.0102928565
No.265: 1.15, 6.26, 2.68, 4.92, 2.65, 1.12, 2.28, 2.17, 0.70, 1.70, 4054713.217308992
No.266: 1.15, 6.22, 2.67, 4.93, 2.65, 1.12, 2.28, 2.17, 0.70, 1.71, 5893321.712514676
No.267: 1.14, 6.25, 2.68, 4.94, 2.66, 1.12, 2.28, 2.17, 0.70, 1.70, 3046048.2198918206
No.268: 1.15, 6.26, 2.68, 4.92, 2.65, 1.11, 2.28, 2.17, 0.70, 1.72, 371851.8269512471
No.269: 1.14, 6.29, 2.68, 4.93, 2.65, 1.12, 2.27, 2.16, 0.70, 1.71, 10331367.812293805
No.270: 1.15, 6.23, 2.67, 4.93, 2.65, 1.12, 2.28, 2.17, 0.70, 1.71, 58246609.13808211
No.271: 1.15, 6.25, 2.68, 4.94, 2.65, 1.12, 2.27, 2.16, 0.70, 1.71, 19829.037061021314
No.272: 1.14, 6.24, 2.68, 4.92, 2.64, 1.12, 2.28, 2.17, 0.70, 1.71, 10506644.947954923
No.273: 1.15, 6.26, 2.68, 4.92, 2.65, 1.11, 2.28, 2.17, 0.70, 1.72, 371851.8269512471
No.274: 1.15, 6.25, 2.68, 4.93, 2.64, 1.12, 2.27, 2.16, 0.70, 1.71, 16848519.166258533
No.275: 1.15, 6.27, 2.67, 4.94, 2.65, 1.12, 2.27, 2.17, 0.70, 1.71, 899421.9290029593
No.276: 1.15, 6.24, 2.67, 4.94, 2.65, 1.12, 2.27, 2.16, 0.70, 1.71, 2431467.0102928565
No.277: 1.15, 6.27, 2.68, 4.93, 2.65, 1.12, 2.29, 2.16, 0.70, 1.71, 2759915.468107519
No.278: 1.14, 6.25, 2.68, 4.94, 2.65, 1.12, 2.28, 2.17, 0.70, 1.70, 87142625.20501643
No.279: 1.15, 6.26, 2.68, 4.92, 2.65, 1.12, 2.28, 2.17, 0.70, 1.70, 4054713.217308992
No.280: 1.15, 6.22, 2.67, 4.93, 2.65, 1.12, 2.28, 2.17, 0.70, 1.71, 5893321.712514676
No.281: 1.15, 6.25, 2.67, 4.92, 2.64, 1.12, 2.28, 2.16, 0.70, 1.72, 3990888.6911311513
No.282: 1.15, 6.25, 2.67, 4.92, 2.65, 1.12, 2.29, 2.17, 0.70, 1.71, 2352972.424793291
No.283: 1.15, 6.26, 2.67, 4.94, 2.65, 1.12, 2.28, 2.16, 0.70, 1.71, 31993029.41912305
No.284: 1.15, 6.25, 2.68, 4.92, 2.64, 1.12, 2.28, 2.17, 0.70, 1.71, 96733647.61326395
No.285: 1.15, 6.25, 2.68, 4.94, 2.65, 1.12, 2.27, 2.16, 0.70, 1.71, 19829.037061021314
No.286: 1.15, 6.26, 2.68, 4.92, 2.65, 1.11, 2.28, 2.17, 0.70, 1.71, 22422906.30092197
No.287: 1.15, 6.26, 2.67, 4.94, 2.65, 1.12, 2.27, 2.17, 0.70, 1.71, 1291229.3149961196
No.288: 1.15, 6.25, 2.67, 4.92, 2.65, 1.12, 2.29, 2.17, 0.70, 1.71, 2352972.424793291
No.289: 1.15, 6.24, 2.67, 4.94, 2.65, 1.12, 2.27, 2.16, 0.70, 1.71, 2431467.0102928565
No.290: 1.15, 6.27, 2.68, 4.93, 2.64, 1.12, 2.29, 2.16, 0.70, 1.71, 36650937.43596731
No.291: 1.15, 6.25, 2.67, 4.92, 2.64, 1.12, 2.28, 2.16, 0.70, 1.71, 3806325.409624406
No.292: 1.15, 6.26, 2.68, 4.92, 2.65, 1.12, 2.28, 2.17, 0.70, 1.70, 4054713.217308992
No.293: 1.15, 6.22, 2.67, 4.93, 2.65, 1.12, 2.28, 2.17, 0.70, 1.71, 5893321.712514676
No.294: 1.14, 6.24, 2.68, 4.92, 2.64, 1.12, 2.28, 2.17, 0.70, 1.71, 10506644.947954923
No.295: 1.15, 6.23, 2.67, 4.93, 2.65, 1.12, 2.27, 2.17, 0.70, 1.71, 86029151.15775739
No.296: 1.15, 6.26, 2.68, 4.93, 2.64, 1.12, 2.28, 2.16, 0.70, 1.71, 8766325.452847283
No.297: 1.15, 6.24, 2.67, 4.94, 2.64, 1.12, 2.28, 2.17, 0.70, 1.70, 643351.9898208904
No.298: 1.15, 6.25, 2.67, 4.94, 2.65, 1.12, 2.28, 2.16, 0.70, 1.71, 8543.715531686044
No.299: 1.16, 6.26, 2.67, 4.94, 2.65, 1.12, 2.28, 2.16, 0.70, 1.71, 8927670.803774783
No.300: 1.15, 6.24, 2.67, 4.93, 2.64, 1.12, 2.27, 2.17, 0.70, 1.71, 3181465.9103700602
No.301: 1.15, 6.28, 2.67, 4.93, 2.64, 1.12, 2.27, 2.16, 0.70, 1.71, 39467125.185773075
No.302: 1.15, 6.23, 2.67, 4.93, 2.65, 1.12, 2.28, 2.17, 0.70, 1.71, 58246609.13808211
No.303: 1.15, 6.25, 2.68, 4.94, 2.64, 1.12, 2.28, 2.16, 0.70, 1.71, 9141.78816266876
No.304: 1.15, 6.25, 2.68, 4.94, 2.65, 1.12, 2.27, 2.16, 0.70, 1.71, 19829.037061021314
No.305: 1.15, 6.24, 2.67, 4.94, 2.64, 1.12, 2.28, 2.17, 0.70, 1.70, 643351.9898208904
No.306: 1.15, 6.26, 2.67, 4.94, 2.65, 1.12, 2.27, 2.17, 0.70, 1.71, 1291229.3149961196
No.307: 1.15, 6.25, 2.67, 4.93, 2.65, 1.12, 2.29, 2.17, 0.70, 1.71, 37314957.004148655
No.308: 1.15, 6.25, 2.67, 4.94, 2.65, 1.12, 2.27, 2.16, 0.70, 1.71, 2927708.583968371
No.309: 1.15, 6.24, 2.67, 4.94, 2.64, 1.12, 2.27, 2.17, 0.70, 1.71, 428156.66169471643
No.310: 1.15, 6.25, 2.67, 4.92, 2.64, 1.12, 2.28, 2.16, 0.70, 1.71, 3806325.409624406
No.311: 1.15, 6.26, 2.68, 4.92, 2.65, 1.12, 2.28, 2.17, 0.70, 1.70, 4054713.217308992
No.312: 1.15, 6.23, 2.67, 4.93, 2.65, 1.12, 2.28, 2.17, 0.70, 1.71, 58246609.13808211
No.313: 1.15, 6.27, 2.67, 4.94, 2.64, 1.12, 2.27, 2.16, 0.70, 1.71, 26256155.428836703
No.314: 1.15, 6.25, 2.68, 4.94, 2.64, 1.12, 2.27, 2.16, 0.70, 1.71, 542353.7688804225
No.315: 1.15, 6.23, 2.67, 4.93, 2.65, 1.12, 2.28, 2.17, 0.70, 1.71, 58246609.13808211
No.316: 1.15, 6.27, 2.67, 4.93, 2.64, 1.12, 2.27, 2.16, 0.70, 1.71, 31372861.06689307
No.317: 1.15, 6.25, 2.68, 4.94, 2.64, 1.12, 2.28, 2.16, 0.70, 1.71, 9141.78816266876
No.318: 1.15, 6.25, 2.68, 4.94, 2.65, 1.12, 2.27, 2.16, 0.70, 1.71, 19829.037061021314
No.319: 1.15, 6.24, 2.67, 4.94, 2.64, 1.12, 2.27, 2.17, 0.70, 1.71, 428156.66169471643
No.320: 1.15, 6.25, 2.68, 4.94, 2.64, 1.12, 2.27, 2.16, 0.70, 1.71, 542353.7688804225
No.321: 1.15, 6.24, 2.67, 4.94, 2.64, 1.12, 2.28, 2.17, 0.70, 1.70, 643351.9898208904
No.322: 1.15, 6.26, 2.67, 4.94, 2.65, 1.12, 2.28, 2.17, 0.70, 1.71, 630411.6559793035
No.323: 1.15, 6.25, 2.67, 4.94, 2.65, 1.12, 2.27, 2.16, 0.70, 1.71, 2927708.583968371
No.324: 1.15, 6.25, 2.67, 4.92, 2.64, 1.12, 2.28, 2.16, 0.70, 1.71, 3806325.409624406
No.325: 1.15, 6.26, 2.68, 4.93, 2.65, 1.12, 2.28, 2.17, 0.70, 1.70, 246024.75221217982
No.326: 1.15, 6.27, 2.67, 4.94, 2.64, 1.12, 2.28, 2.16, 0.70, 1.71, 1420214.1271388803
No.327: 1.15, 6.26, 2.67, 4.95, 2.65, 1.12, 2.27, 2.16, 0.70, 1.70, 32542367.105831906
No.328: 1.15, 6.25, 2.67, 4.93, 2.64, 1.12, 2.28, 2.16, 0.70, 1.71, 9331.736659421582
No.329: 1.15, 6.26, 2.68, 4.93, 2.64, 1.12, 2.28, 2.17, 0.70, 1.71, 414816.57980149623
No.330: 1.15, 6.23, 2.68, 4.93, 2.64, 1.12, 2.28, 2.17, 0.70, 1.71, 19021668.890847202
No.331: 1.15, 6.27, 2.67, 4.94, 2.64, 1.12, 2.28, 2.16, 0.70, 1.71, 1420214.1271388803
No.332: 1.15, 6.25, 2.68, 4.94, 2.64, 1.12, 2.28, 2.16, 0.70, 1.71, 9141.78816266876
No.333: 1.15, 6.25, 2.67, 4.93, 2.64, 1.12, 2.28, 2.16, 0.70, 1.71, 9331.736659421582
No.334: 1.15, 6.25, 2.68, 4.94, 2.65, 1.12, 2.27, 2.16, 0.70, 1.71, 19829.037061021314
No.335: 1.15, 6.26, 2.68, 4.93, 2.65, 1.12, 2.28, 2.16, 0.70, 1.70, 11180341.65393109
No.336: 1.15, 6.26, 2.68, 4.93, 2.64, 1.12, 2.28, 2.16, 0.70, 1.71, 8766325.452847283
No.337: 1.15, 6.24, 2.67, 4.94, 2.64, 1.12, 2.27, 2.17, 0.70, 1.71, 428156.66169471643
No.338: 1.15, 6.25, 2.68, 4.94, 2.64, 1.12, 2.27, 2.16, 0.70, 1.71, 542353.7688804225
No.339: 1.15, 6.26, 2.67, 4.94, 2.65, 1.12, 2.28, 2.17, 0.70, 1.71, 630411.6559793035
No.340: 1.15, 6.24, 2.67, 4.94, 2.64, 1.12, 2.28, 2.17, 0.70, 1.70, 643351.9898208904
No.341: 1.15, 6.27, 2.67, 4.94, 2.64, 1.12, 2.28, 2.16, 0.70, 1.71, 1420214.1271388803
No.342: 1.15, 6.25, 2.67, 4.94, 2.64, 1.12, 2.27, 2.16, 0.70, 1.71, 35498777.574985616
No.343: 1.15, 6.26, 2.67, 4.93, 2.65, 1.12, 2.28, 2.16, 0.70, 1.70, 66411958.26289347
No.344: 1.15, 6.25, 2.67, 4.94, 2.64, 1.12, 2.28, 2.16, 0.70, 1.71, 982549.2028497991
No.345: 1.15, 6.25, 2.67, 4.93, 2.64, 1.12, 2.28, 2.16, 0.70, 1.71, 9331.736659421582
No.346: 1.15, 6.25, 2.68, 4.94, 2.65, 1.12, 2.28, 2.16, 0.70, 1.71, 17150.26001716712
No.347: 1.15, 6.24, 2.67, 4.94, 2.64, 1.12, 2.27, 2.17, 0.70, 1.71, 428156.66169471643
No.348: 1.15, 6.25, 2.68, 4.94, 2.64, 1.12, 2.27, 2.16, 0.70, 1.71, 542353.7688804225
No.349: 1.15, 6.26, 2.67, 4.94, 2.65, 1.12, 2.28, 2.17, 0.70, 1.71, 630411.6559793035
No.350: 1.15, 6.25, 2.67, 4.94, 2.64, 1.12, 2.28, 2.17, 0.70, 1.70, 2551485.0255287727
No.351: 1.15, 6.27, 2.67, 4.94, 2.64, 1.12, 2.28, 2.16, 0.70, 1.71, 1420214.1271388803
No.352: 1.15, 6.26, 2.68, 4.93, 2.64, 1.12, 2.28, 2.16, 0.70, 1.71, 8766325.452847283
No.353: 1.15, 6.26, 2.67, 4.93, 2.65, 1.12, 2.28, 2.16, 0.70, 1.70, 66411958.26289347
No.354: 1.15, 6.25, 2.67, 4.94, 2.64, 1.12, 2.27, 2.16, 0.70, 1.71, 35498777.574985616
No.355: 1.15, 6.25, 2.67, 4.94, 2.64, 1.12, 2.27, 2.16, 0.70, 1.71, 35498777.574985616
No.356: 1.15, 6.26, 2.67, 4.93, 2.65, 1.12, 2.28, 2.16, 0.70, 1.70, 66411958.26289347
No.357: 1.15, 6.25, 2.67, 4.94, 2.64, 1.12, 2.28, 2.16, 0.70, 1.71, 982549.2028497991
No.358: 1.15, 6.25, 2.67, 4.94, 2.65, 1.12, 2.27, 2.16, 0.70, 1.71, 2927708.583968371
No.359: 1.15, 6.25, 2.67, 4.94, 2.65, 1.12, 2.28, 2.16, 0.70, 1.71, 8543.715531686044
No.360: 1.15, 6.26, 2.67, 4.94, 2.65, 1.12, 2.27, 2.16, 0.70, 1.71, 1281860.814657965
No.361: 1.15, 6.24, 2.67, 4.94, 2.65, 1.12, 2.27, 2.16, 0.70, 1.71, 2431467.0102928565
No.362: 1.15, 6.26, 2.67, 4.94, 2.64, 1.12, 2.28, 2.16, 0.70, 1.71, 6579688.869367272
No.363: 1.15, 6.25, 2.67, 4.94, 2.65, 1.12, 2.28, 2.16, 0.70, 1.71, 8543.715531686044
No.364: 1.15, 6.25, 2.67, 4.93, 2.64, 1.12, 2.28, 2.16, 0.70, 1.71, 9331.736659421582
No.365: 1.15, 6.25, 2.68, 4.94, 2.65, 1.12, 2.28, 2.16, 0.70, 1.71, 17150.26001716712
No.366: 1.15, 6.24, 2.67, 4.94, 2.64, 1.12, 2.28, 2.17, 0.70, 1.71, 2765180.952505576
No.367: 1.15, 6.25, 2.67, 4.94, 2.64, 1.12, 2.27, 2.16, 0.70, 1.71, 35498777.574985616
No.368: 1.15, 6.26, 2.67, 4.94, 2.65, 1.12, 2.28, 2.17, 0.70, 1.71, 630411.6559793035
No.369: 1.15, 6.25, 2.67, 4.94, 2.64, 1.12, 2.28, 2.16, 0.70, 1.71, 982549.2028497991
No.370: 1.15, 6.25, 2.67, 4.94, 2.64, 1.12, 2.28, 2.16, 0.70, 1.71, 982549.2028497991
No.371: 1.15, 6.26, 2.67, 4.94, 2.65, 1.12, 2.27, 2.16, 0.70, 1.71, 1281860.814657965
No.372: 1.15, 6.27, 2.67, 4.94, 2.64, 1.12, 2.28, 2.16, 0.70, 1.71, 1420214.1271388803
No.373: 1.15, 6.26, 2.67, 4.93, 2.65, 1.12, 2.28, 2.17, 0.70, 1.71, 12234118.01801243
No.374: 1.15, 6.26, 2.67, 4.93, 2.65, 1.12, 2.28, 2.17, 0.70, 1.71, 12234118.01801243
No.375: 1.15, 6.25, 2.67, 4.94, 2.64, 1.12, 2.27, 2.16, 0.70, 1.71, 35498777.574985616
No.376: 1.15, 6.26, 2.67, 4.93, 2.64, 1.12, 2.28, 2.16, 0.70, 1.71, 1682171.3159152567
No.377: 1.15, 6.27, 2.67, 4.94, 2.64, 1.12, 2.28, 2.16, 0.70, 1.71, 1420214.1271388803
No.378: 1.15, 6.26, 2.67, 4.94, 2.64, 1.12, 2.27, 2.16, 0.70, 1.71, 2712713.492680146
No.379: 1.15, 6.26, 2.67, 4.94, 2.64, 1.12, 2.28, 2.16, 0.70, 1.71, 6579688.869367272
No.380: 1.15, 6.25, 2.67, 4.94, 2.65, 1.12, 2.28, 2.16, 0.70, 1.71, 8543.715531686044
No.381: 1.15, 6.25, 2.67, 4.93, 2.64, 1.12, 2.28, 2.16, 0.70, 1.71, 9331.736659421582
No.382: 1.15, 6.25, 2.68, 4.94, 2.65, 1.12, 2.28, 2.16, 0.70, 1.71, 17150.26001716712
No.383: 1.15, 6.26, 2.67, 4.94, 2.65, 1.12, 2.28, 2.17, 0.70, 1.71, 630411.6559793035
No.384: 1.15, 6.25, 2.67, 4.94, 2.64, 1.12, 2.28, 2.16, 0.70, 1.71, 982549.2028497991
No.385: 1.15, 6.25, 2.67, 4.94, 2.64, 1.12, 2.28, 2.16, 0.70, 1.71, 982549.2028497991
No.386: 1.15, 6.26, 2.67, 4.94, 2.65, 1.12, 2.27, 2.16, 0.70, 1.71, 1281860.814657965
No.387: 1.15, 6.27, 2.67, 4.94, 2.64, 1.12, 2.28, 2.16, 0.70, 1.71, 1420214.1271388803
No.388: 1.15, 6.27, 2.67, 4.94, 2.64, 1.12, 2.28, 2.16, 0.70, 1.71, 1420214.1271388803
No.389: 1.15, 6.26, 2.67, 4.94, 2.65, 1.12, 2.28, 2.16, 0.70, 1.71, 31993029.41912305
No.390: 1.15, 6.26, 2.67, 4.94, 2.64, 1.12, 2.27, 2.16, 0.70, 1.71, 2712713.492680146
No.391: 1.15, 6.26, 2.67, 4.94, 2.64, 1.12, 2.28, 2.16, 0.70, 1.71, 6579688.869367272
No.392: 1.15, 6.25, 2.67, 4.94, 2.65, 1.12, 2.28, 2.16, 0.70, 1.71, 8543.715531686044
No.393: 1.15, 6.25, 2.67, 4.93, 2.64, 1.12, 2.28, 2.16, 0.70, 1.71, 9331.736659421582
No.394: 1.15, 6.25, 2.68, 4.94, 2.65, 1.12, 2.28, 2.16, 0.70, 1.71, 17150.26001716712
No.395: 1.15, 6.26, 2.67, 4.94, 2.65, 1.12, 2.28, 2.17, 0.70, 1.71, 630411.6559793035
No.396: 1.15, 6.25, 2.67, 4.94, 2.64, 1.12, 2.28, 2.16, 0.70, 1.71, 982549.2028497991
No.397: 1.15, 6.25, 2.67, 4.94, 2.64, 1.12, 2.28, 2.16, 0.70, 1.71, 982549.2028497991
No.398: 1.15, 6.26, 2.67, 4.94, 2.65, 1.12, 2.27, 2.16, 0.70, 1.71, 1281860.814657965
No.399: 1.15, 6.27, 2.67, 4.94, 2.64, 1.12, 2.28, 2.16, 0.70, 1.71, 1420214.1271388803
No.400: 1.15, 6.26, 2.67, 4.94, 2.64, 1.12, 2.28, 2.16, 0.70, 1.71, 6579688.869367272
No.401: 1.15, 6.26, 2.67, 4.94, 2.65, 1.12, 2.28, 2.16, 0.70, 1.71, 31993029.41912305
No.402: 1.15, 6.26, 2.67, 4.94, 2.64, 1.12, 2.28, 2.16, 0.70, 1.71, 6579688.869367272
No.403: 1.15, 6.26, 2.67, 4.94, 2.64, 1.12, 2.28, 2.16, 0.70, 1.71, 6579688.869367272
No.404: 1.15, 6.26, 2.67, 4.94, 2.64, 1.12, 2.28, 2.16, 0.70, 1.71, 6579688.869367272
No.405: 1.15, 6.26, 2.67, 4.94, 2.64, 1.12, 2.28, 2.16, 0.70, 1.71, 6579688.869367272
No.406: 1.15, 6.25, 2.67, 4.94, 2.65, 1.12, 2.28, 2.16, 0.70, 1.71, 8543.715531686044
No.407: 1.15, 6.25, 2.67, 4.93, 2.64, 1.12, 2.28, 2.16, 0.70, 1.71, 9331.736659421582
No.408: 1.15, 6.25, 2.68, 4.94, 2.65, 1.12, 2.28, 2.16, 0.70, 1.71, 17150.26001716712
No.409: 1.15, 6.26, 2.67, 4.94, 2.65, 1.12, 2.28, 2.16, 0.70, 1.71, 31993029.41912305
No.410: 1.15, 6.25, 2.67, 4.94, 2.64, 1.12, 2.28, 2.16, 0.70, 1.71, 982549.2028497991
No.411: 1.15, 6.25, 2.67, 4.94, 2.64, 1.12, 2.28, 2.16, 0.70, 1.71, 982549.2028497991
No.412: 1.15, 6.26, 2.67, 4.94, 2.65, 1.12, 2.28, 2.16, 0.70, 1.71, 31993029.41912305
No.413: 1.15, 6.26, 2.67, 4.94, 2.64, 1.12, 2.28, 2.16, 0.70, 1.71, 6579688.869367272
No.414: 1.15, 6.26, 2.67, 4.94, 2.64, 1.12, 2.28, 2.16, 0.70, 1.71, 6579688.869367272
No.415: 1.15, 6.26, 2.67, 4.94, 2.64, 1.12, 2.28, 2.16, 0.70, 1.71, 6579688.869367272
No.416: 1.15, 6.25, 2.67, 4.94, 2.64, 1.12, 2.28, 2.16, 0.70, 1.71, 982549.2028497991
No.417: 1.15, 6.25, 2.67, 4.94, 2.64, 1.12, 2.28, 2.16, 0.70, 1.71, 982549.2028497991
No.418: 1.15, 6.25, 2.67, 4.94, 2.64, 1.12, 2.28, 2.16, 0.70, 1.71, 982549.2028497991
No.419: 1.15, 6.24, 2.67, 4.94, 2.64, 1.12, 2.28, 2.16, 0.70, 1.71, 3459702.5780600123
No.420: 1.15, 6.24, 2.67, 4.94, 2.64, 1.12, 2.28, 2.16, 0.70, 1.71, 3459702.5780600123
No.421: 1.15, 6.24, 2.67, 4.94, 2.64, 1.12, 2.28, 2.16, 0.70, 1.71, 3459702.5780600123
No.422: 1.15, 6.26, 2.67, 4.94, 2.64, 1.12, 2.28, 2.16, 0.70, 1.71, 6579688.869367272
No.423: 1.15, 6.25, 2.67, 4.94, 2.64, 1.12, 2.28, 2.16, 0.70, 1.71, 982549.2028497991
No.424: 1.15, 6.26, 2.67, 4.94, 2.64, 1.12, 2.28, 2.16, 0.70, 1.71, 6579688.869367272
No.425: 1.15, 6.25, 2.67, 4.94, 2.64, 1.12, 2.28, 2.16, 0.70, 1.71, 982549.2028497991
No.426: 1.15, 6.26, 2.67, 4.94, 2.64, 1.12, 2.28, 2.16, 0.70, 1.71, 6579688.869367272
No.427: 1.15, 6.25, 2.67, 4.94, 2.64, 1.12, 2.28, 2.16, 0.70, 1.71, 982549.2028497991
No.428: 1.15, 6.25, 2.67, 4.94, 2.65, 1.12, 2.28, 2.16, 0.70, 1.71, 8543.715531686044
No.429: 1.15, 6.25, 2.67, 4.93, 2.64, 1.12, 2.28, 2.16, 0.70, 1.71, 9331.736659421582
No.430: 1.15, 6.25, 2.67, 4.94, 2.65, 1.12, 2.28, 2.16, 0.70, 1.71, 8543.715531686044
No.431: 1.15, 6.25, 2.67, 4.94, 2.64, 1.12, 2.28, 2.16, 0.70, 1.71, 982549.2028497991
No.432: 1.15, 6.25, 2.67, 4.94, 2.64, 1.12, 2.28, 2.16, 0.70, 1.71, 982549.2028497991
No.433: 1.15, 6.25, 2.67, 4.94, 2.64, 1.12, 2.28, 2.16, 0.70, 1.71, 982549.2028497991
No.434: 1.15, 6.25, 2.67, 4.94, 2.64, 1.12, 2.28, 2.16, 0.70, 1.71, 982549.2028497991
No.435: 1.15, 6.25, 2.67, 4.94, 2.64, 1.12, 2.28, 2.16, 0.70, 1.71, 982549.2028497991
No.436: 1.15, 6.25, 2.67, 4.94, 2.64, 1.12, 2.28, 2.16, 0.70, 1.71, 982549.2028497991
No.437: 1.15, 6.25, 2.67, 4.94, 2.64, 1.12, 2.28, 2.16, 0.70, 1.71, 982549.2028497991
No.438: 1.15, 6.26, 2.67, 4.94, 2.64, 1.12, 2.28, 2.16, 0.70, 1.71, 6579688.869367272
No.439: 1.15, 6.25, 2.67, 4.94, 2.64, 1.12, 2.28, 2.16, 0.70, 1.71, 982549.2028497991
No.440: 1.15, 6.25, 2.67, 4.94, 2.65, 1.12, 2.28, 2.16, 0.70, 1.71, 8543.715531686044
No.441: 1.15, 6.25, 2.67, 4.94, 2.65, 1.12, 2.28, 2.16, 0.70, 1.71, 8543.715531686044
No.442: 1.15, 6.25, 2.67, 4.93, 2.64, 1.12, 2.28, 2.16, 0.70, 1.71, 9331.736659421582
No.443: 1.15, 6.25, 2.67, 4.94, 2.64, 1.12, 2.28, 2.16, 0.70, 1.71, 982549.2028497991
No.444: 1.15, 6.25, 2.67, 4.94, 2.64, 1.12, 2.28, 2.16, 0.70, 1.71, 982549.2028497991
No.445: 1.15, 6.25, 2.67, 4.94, 2.64, 1.12, 2.28, 2.16, 0.70, 1.71, 982549.2028497991
No.446: 1.15, 6.25, 2.67, 4.94, 2.64, 1.12, 2.28, 2.16, 0.70, 1.71, 982549.2028497991
No.447: 1.15, 6.25, 2.67, 4.94, 2.64, 1.12, 2.28, 2.16, 0.70, 1.71, 982549.2028497991
No.448: 1.15, 6.25, 2.67, 4.94, 2.64, 1.12, 2.28, 2.16, 0.70, 1.71, 982549.2028497991
No.449: 1.15, 6.25, 2.67, 4.94, 2.64, 1.12, 2.28, 2.16, 0.70, 1.71, 982549.2028497991
No.450: 1.15, 6.26, 2.67, 4.94, 2.64, 1.12, 2.28, 2.16, 0.70, 1.71, 6579688.869367272
No.451: 1.15, 6.25, 2.67, 4.94, 2.64, 1.12, 2.28, 2.16, 0.70, 1.71, 982549.2028497991
No.452: 1.15, 6.25, 2.67, 4.94, 2.65, 1.12, 2.28, 2.16, 0.70, 1.71, 8543.715531686044
No.453: 1.15, 6.25, 2.67, 4.94, 2.65, 1.12, 2.28, 2.16, 0.70, 1.71, 8543.715531686044
No.454: 1.15, 6.25, 2.67, 4.93, 2.64, 1.12, 2.28, 2.16, 0.70, 1.71, 9331.736659421582
No.455: 1.15, 6.25, 2.67, 4.94, 2.64, 1.12, 2.28, 2.16, 0.70, 1.71, 982549.2028497991
No.456: 1.15, 6.25, 2.67, 4.94, 2.64, 1.12, 2.28, 2.16, 0.70, 1.71, 982549.2028497991
No.457: 1.15, 6.25, 2.67, 4.94, 2.64, 1.12, 2.28, 2.16, 0.70, 1.71, 982549.2028497991
No.458: 1.15, 6.25, 2.67, 4.94, 2.64, 1.12, 2.28, 2.16, 0.70, 1.71, 982549.2028497991
No.459: 1.15, 6.25, 2.67, 4.94, 2.64, 1.12, 2.28, 2.16, 0.70, 1.71, 982549.2028497991
No.460: 1.15, 6.25, 2.67, 4.94, 2.64, 1.12, 2.28, 2.16, 0.70, 1.71, 982549.2028497991
No.461: 1.15, 6.25, 2.67, 4.94, 2.64, 1.12, 2.28, 2.16, 0.70, 1.71, 982549.2028497991
No.462: 1.15, 6.26, 2.67, 4.94, 2.64, 1.12, 2.28, 2.16, 0.70, 1.71, 6579688.869367272
No.463: 1.15, 6.25, 2.67, 4.94, 2.64, 1.12, 2.28, 2.16, 0.70, 1.71, 982549.2028497991
No.464: 1.15, 6.25, 2.67, 4.94, 2.65, 1.12, 2.28, 2.16, 0.70, 1.71, 8543.715531686044
No.465: 1.15, 6.25, 2.67, 4.94, 2.65, 1.12, 2.28, 2.16, 0.70, 1.71, 8543.715531686044
No.466: 1.15, 6.25, 2.67, 4.93, 2.64, 1.12, 2.28, 2.16, 0.70, 1.71, 9331.736659421582
No.467: 1.15, 6.25, 2.67, 4.94, 2.64, 1.12, 2.28, 2.16, 0.70, 1.71, 982549.2028497991
No.468: 1.15, 6.25, 2.67, 4.94, 2.64, 1.12, 2.28, 2.16, 0.70, 1.71, 982549.2028497991
No.469: 1.15, 6.25, 2.67, 4.94, 2.64, 1.12, 2.28, 2.16, 0.70, 1.71, 982549.2028497991
No.470: 1.15, 6.25, 2.67, 4.94, 2.64, 1.12, 2.28, 2.16, 0.70, 1.71, 982549.2028497991
No.471: 1.15, 6.25, 2.67, 4.94, 2.64, 1.12, 2.28, 2.16, 0.70, 1.71, 982549.2028497991
No.472: 1.15, 6.25, 2.67, 4.94, 2.64, 1.12, 2.28, 2.16, 0.70, 1.71, 982549.2028497991
No.473: 1.15, 6.25, 2.67, 4.94, 2.64, 1.12, 2.28, 2.16, 0.70, 1.71, 982549.2028497991
No.474: 1.15, 6.26, 2.67, 4.94, 2.64, 1.12, 2.28, 2.16, 0.70, 1.71, 6579688.869367272
No.475: 1.15, 6.25, 2.67, 4.94, 2.64, 1.12, 2.28, 2.16, 0.70, 1.71, 982549.2028497991
No.476: 1.15, 6.25, 2.67, 4.94, 2.65, 1.12, 2.28, 2.16, 0.70, 1.71, 8543.715531686044
No.477: 1.15, 6.25, 2.67, 4.94, 2.65, 1.12, 2.28, 2.16, 0.70, 1.71, 8543.715531686044
No.478: 1.15, 6.25, 2.67, 4.93, 2.64, 1.12, 2.28, 2.16, 0.70, 1.71, 9331.736659421582
No.479: 1.15, 6.25, 2.67, 4.94, 2.64, 1.12, 2.28, 2.16, 0.70, 1.71, 982549.2028497991
No.480: 1.15, 6.25, 2.67, 4.94, 2.64, 1.12, 2.28, 2.16, 0.70, 1.71, 982549.2028497991
No.481: 1.15, 6.25, 2.67, 4.94, 2.64, 1.12, 2.28, 2.16, 0.70, 1.71, 982549.2028497991
No.482: 1.15, 6.25, 2.67, 4.94, 2.64, 1.12, 2.28, 2.16, 0.70, 1.71, 982549.2028497991
No.483: 1.15, 6.25, 2.67, 4.94, 2.64, 1.12, 2.28, 2.16, 0.70, 1.71, 982549.2028497991
No.484: 1.15, 6.25, 2.67, 4.94, 2.64, 1.12, 2.28, 2.16, 0.70, 1.71, 982549.2028497991
No.485: 1.15, 6.25, 2.67, 4.94, 2.64, 1.12, 2.28, 2.16, 0.70, 1.71, 982549.2028497991
No.486: 1.15, 6.26, 2.67, 4.94, 2.64, 1.12, 2.28, 2.16, 0.70, 1.71, 6579688.869367272
No.487: 1.15, 6.25, 2.67, 4.94, 2.64, 1.12, 2.28, 2.16, 0.70, 1.71, 982549.2028497991
No.488: 1.15, 6.25, 2.67, 4.94, 2.65, 1.12, 2.28, 2.16, 0.70, 1.71, 8543.715531686044
No.489: 1.15, 6.25, 2.67, 4.94, 2.65, 1.12, 2.28, 2.16, 0.70, 1.71, 8543.715531686044
No.490: 1.15, 6.25, 2.67, 4.93, 2.64, 1.12, 2.28, 2.16, 0.70, 1.71, 9331.736659421582
No.491: 1.15, 6.25, 2.67, 4.94, 2.64, 1.12, 2.28, 2.16, 0.70, 1.71, 982549.2028497991
No.492: 1.15, 6.25, 2.67, 4.94, 2.64, 1.12, 2.28, 2.16, 0.70, 1.71, 982549.2028497991
No.493: 1.15, 6.25, 2.67, 4.94, 2.64, 1.12, 2.28, 2.16, 0.70, 1.71, 982549.2028497991
No.494: 1.15, 6.25, 2.67, 4.94, 2.64, 1.12, 2.28, 2.16, 0.70, 1.71, 982549.2028497991
No.495: 1.15, 6.25, 2.67, 4.94, 2.64, 1.12, 2.28, 2.16, 0.70, 1.71, 982549.2028497991
No.496: 1.15, 6.25, 2.67, 4.94, 2.64, 1.12, 2.28, 2.16, 0.70, 1.71, 982549.2028497991
No.497: 1.15, 6.25, 2.67, 4.94, 2.64, 1.12, 2.28, 2.16, 0.70, 1.71, 982549.2028497991
No.498: 1.15, 6.26, 2.67, 4.94, 2.64, 1.12, 2.28, 2.16, 0.70, 1.71, 6579688.869367272
No.499: 1.15, 6.25, 2.67, 4.94, 2.64, 1.12, 2.28, 2.16, 0.70, 1.71, 982549.2028497991
No.500: 1.15, 6.25, 2.67, 4.94, 2.65, 1.12, 2.28, 2.16, 0.70, 1.71, 8543.715531686044
No.501: 1.15, 6.25, 2.67, 4.94, 2.65, 1.12, 2.28, 2.16, 0.70, 1.71, 8543.715531686044
No.502: 1.15, 6.25, 2.67, 4.94, 2.64, 1.12, 2.28, 2.16, 0.70, 1.71, 982549.2028497991
No.503: 1.15, 6.25, 2.67, 4.94, 2.64, 1.12, 2.28, 2.16, 0.70, 1.71, 982549.2028497991
No.504: 1.15, 6.25, 2.67, 4.94, 2.64, 1.12, 2.28, 2.16, 0.70, 1.71, 982549.2028497991
No.505: 1.15, 6.25, 2.67, 4.94, 2.64, 1.12, 2.28, 2.16, 0.70, 1.71, 982549.2028497991
No.506: 1.15, 6.25, 2.67, 4.94, 2.64, 1.12, 2.28, 2.16, 0.70, 1.71, 982549.2028497991
No.507: 1.15, 6.25, 2.67, 4.94, 2.64, 1.12, 2.28, 2.16, 0.70, 1.71, 982549.2028497991
No.508: 1.15, 6.25, 2.67, 4.94, 2.64, 1.12, 2.28, 2.16, 0.70, 1.71, 982549.2028497991
No.509: 1.15, 6.25, 2.67, 4.94, 2.64, 1.12, 2.28, 2.16, 0.70, 1.71, 982549.2028497991
No.510: 1.15, 6.26, 2.67, 4.94, 2.64, 1.12, 2.28, 2.16, 0.70, 1.71, 6579688.869367272
No.511: 1.15, 6.25, 2.67, 4.94, 2.64, 1.12, 2.28, 2.16, 0.70, 1.71, 982549.2028497991
No.512: 1.15, 6.25, 2.67, 4.94, 2.65, 1.12, 2.28, 2.16, 0.70, 1.71, 8543.715531686044
No.513: 1.15, 6.25, 2.67, 4.94, 2.65, 1.12, 2.28, 2.16, 0.70, 1.71, 8543.715531686044
No.514: 1.15, 6.25, 2.67, 4.94, 2.64, 1.12, 2.28, 2.16, 0.70, 1.71, 982549.2028497991
No.515: 1.15, 6.25, 2.67, 4.94, 2.64, 1.12, 2.28, 2.16, 0.70, 1.71, 982549.2028497991
No.516: 1.15, 6.25, 2.67, 4.94, 2.64, 1.12, 2.28, 2.16, 0.70, 1.71, 982549.2028497991
No.517: 1.15, 6.25, 2.67, 4.94, 2.64, 1.12, 2.28, 2.16, 0.70, 1.71, 982549.2028497991
No.518: 1.15, 6.25, 2.67, 4.94, 2.64, 1.12, 2.28, 2.16, 0.70, 1.71, 982549.2028497991
No.519: 1.15, 6.25, 2.67, 4.94, 2.64, 1.12, 2.28, 2.16, 0.70, 1.71, 982549.2028497991
No.520: 1.15, 6.25, 2.67, 4.94, 2.64, 1.12, 2.28, 2.16, 0.70, 1.71, 982549.2028497991
No.521: 1.15, 6.25, 2.67, 4.94, 2.64, 1.12, 2.28, 2.16, 0.70, 1.71, 982549.2028497991
No.522: 1.15, 6.26, 2.67, 4.94, 2.64, 1.12, 2.28, 2.16, 0.70, 1.71, 6579688.869367272
No.523: 1.15, 6.25, 2.67, 4.94, 2.64, 1.12, 2.28, 2.16, 0.70, 1.71, 982549.2028497991
No.524: 1.15, 6.25, 2.67, 4.94, 2.65, 1.12, 2.28, 2.16, 0.70, 1.71, 8543.715531686044
No.525: 1.15, 6.25, 2.67, 4.94, 2.65, 1.12, 2.28, 2.16, 0.70, 1.71, 8543.715531686044
No.526: 1.15, 6.25, 2.67, 4.94, 2.64, 1.12, 2.28, 2.16, 0.70, 1.71, 982549.2028497991
No.527: 1.15, 6.25, 2.67, 4.94, 2.64, 1.12, 2.28, 2.16, 0.70, 1.71, 982549.2028497991
No.528: 1.15, 6.25, 2.67, 4.94, 2.64, 1.12, 2.28, 2.16, 0.70, 1.71, 982549.2028497991
No.529: 1.15, 6.25, 2.67, 4.94, 2.64, 1.12, 2.28, 2.16, 0.70, 1.71, 982549.2028497991
No.530: 1.15, 6.25, 2.67, 4.94, 2.64, 1.12, 2.28, 2.16, 0.70, 1.71, 982549.2028497991
No.531: 1.15, 6.25, 2.67, 4.94, 2.64, 1.12, 2.28, 2.16, 0.70, 1.71, 982549.2028497991
No.532: 1.15, 6.25, 2.67, 4.94, 2.64, 1.12, 2.28, 2.16, 0.70, 1.71, 982549.2028497991
No.533: 1.15, 6.25, 2.67, 4.94, 2.64, 1.12, 2.28, 2.16, 0.70, 1.71, 982549.2028497991
No.534: 1.15, 6.26, 2.67, 4.94, 2.65, 1.12, 2.28, 2.16, 0.70, 1.71, 31993029.41912305
No.535: 1.15, 6.25, 2.67, 4.94, 2.64, 1.12, 2.28, 2.16, 0.70, 1.71, 982549.2028497991
No.536: 1.15, 6.25, 2.67, 4.94, 2.65, 1.12, 2.28, 2.16, 0.70, 1.71, 8543.715531686044
No.537: 1.15, 6.25, 2.67, 4.94, 2.65, 1.12, 2.28, 2.16, 0.70, 1.71, 8543.715531686044
No.538: 1.15, 6.25, 2.67, 4.94, 2.64, 1.12, 2.28, 2.16, 0.70, 1.71, 982549.2028497991
No.539: 1.15, 6.25, 2.67, 4.94, 2.64, 1.12, 2.28, 2.16, 0.70, 1.71, 982549.2028497991
No.540: 1.15, 6.25, 2.67, 4.94, 2.64, 1.12, 2.28, 2.16, 0.70, 1.71, 982549.2028497991
No.541: 1.15, 6.25, 2.67, 4.94, 2.64, 1.12, 2.28, 2.16, 0.70, 1.71, 982549.2028497991
No.542: 1.15, 6.25, 2.67, 4.94, 2.64, 1.12, 2.28, 2.16, 0.70, 1.71, 982549.2028497991
No.543: 1.15, 6.25, 2.67, 4.94, 2.64, 1.12, 2.28, 2.16, 0.70, 1.71, 982549.2028497991
No.544: 1.15, 6.25, 2.67, 4.94, 2.64, 1.12, 2.28, 2.16, 0.70, 1.71, 982549.2028497991
No.545: 1.15, 6.25, 2.67, 4.94, 2.64, 1.12, 2.28, 2.16, 0.70, 1.71, 982549.2028497991
No.546: 1.15, 6.26, 2.67, 4.94, 2.65, 1.12, 2.28, 2.16, 0.70, 1.71, 31993029.41912305
No.547: 1.15, 6.25, 2.67, 4.94, 2.64, 1.12, 2.28, 2.16, 0.70, 1.71, 982549.2028497991
No.548: 1.15, 6.25, 2.67, 4.94, 2.65, 1.12, 2.28, 2.16, 0.70, 1.71, 8543.715531686044
No.549: 1.15, 6.25, 2.67, 4.94, 2.65, 1.12, 2.28, 2.16, 0.70, 1.71, 8543.715531686044
No.550: 1.15, 6.25, 2.67, 4.94, 2.64, 1.12, 2.28, 2.16, 0.70, 1.71, 982549.2028497991
No.551: 1.15, 6.25, 2.67, 4.94, 2.64, 1.12, 2.28, 2.16, 0.70, 1.71, 982549.2028497991
No.552: 1.15, 6.25, 2.67, 4.94, 2.64, 1.12, 2.28, 2.16, 0.70, 1.71, 982549.2028497991
No.553: 1.15, 6.25, 2.67, 4.94, 2.65, 1.12, 2.28, 2.16, 0.70, 1.71, 8543.715531686044
No.554: 1.15, 6.25, 2.67, 4.94, 2.64, 1.12, 2.28, 2.16, 0.70, 1.71, 982549.2028497991
No.555: 1.15, 6.25, 2.67, 4.94, 2.64, 1.12, 2.28, 2.16, 0.70, 1.71, 982549.2028497991
No.556: 1.15, 6.25, 2.67, 4.94, 2.64, 1.12, 2.28, 2.16, 0.70, 1.71, 982549.2028497991
No.557: 1.15, 6.25, 2.67, 4.94, 2.64, 1.12, 2.28, 2.16, 0.70, 1.71, 982549.2028497991
No.558: 1.15, 6.26, 2.67, 4.94, 2.65, 1.12, 2.28, 2.16, 0.70, 1.71, 31993029.41912305
No.559: 1.15, 6.25, 2.67, 4.94, 2.64, 1.12, 2.28, 2.16, 0.70, 1.71, 982549.2028497991
No.560: 1.15, 6.25, 2.67, 4.94, 2.65, 1.12, 2.28, 2.16, 0.70, 1.71, 8543.715531686044
No.561: 1.15, 6.25, 2.67, 4.94, 2.65, 1.12, 2.28, 2.16, 0.70, 1.71, 8543.715531686044
No.562: 1.15, 6.25, 2.67, 4.94, 2.65, 1.12, 2.28, 2.16, 0.70, 1.71, 8543.715531686044
No.563: 1.15, 6.25, 2.67, 4.94, 2.64, 1.12, 2.28, 2.16, 0.70, 1.71, 982549.2028497991
No.564: 1.15, 6.25, 2.67, 4.94, 2.64, 1.12, 2.28, 2.16, 0.70, 1.71, 982549.2028497991
No.565: 1.15, 6.25, 2.67, 4.94, 2.64, 1.12, 2.28, 2.16, 0.70, 1.71, 982549.2028497991
No.566: 1.15, 6.25, 2.67, 4.94, 2.64, 1.12, 2.28, 2.16, 0.70, 1.71, 982549.2028497991
No.567: 1.15, 6.25, 2.67, 4.94, 2.65, 1.12, 2.28, 2.16, 0.70, 1.71, 8543.715531686044
No.568: 1.15, 6.25, 2.67, 4.94, 2.65, 1.12, 2.28, 2.16, 0.70, 1.71, 8543.715531686044
No.569: 1.15, 6.25, 2.67, 4.94, 2.64, 1.12, 2.28, 2.16, 0.70, 1.71, 982549.2028497991
No.570: 1.15, 6.26, 2.67, 4.94, 2.65, 1.12, 2.28, 2.16, 0.70, 1.71, 31993029.41912305
No.571: 1.15, 6.25, 2.67, 4.94, 2.65, 1.12, 2.28, 2.16, 0.70, 1.71, 8543.715531686044
No.572: 1.15, 6.25, 2.67, 4.94, 2.65, 1.12, 2.28, 2.16, 0.70, 1.71, 8543.715531686044
No.573: 1.15, 6.25, 2.67, 4.94, 2.65, 1.12, 2.28, 2.16, 0.70, 1.71, 8543.715531686044
No.574: 1.15, 6.25, 2.67, 4.94, 2.65, 1.12, 2.28, 2.16, 0.70, 1.71, 8543.715531686044
No.575: 1.15, 6.25, 2.67, 4.94, 2.65, 1.12, 2.28, 2.16, 0.70, 1.71, 8543.715531686044
No.576: 1.15, 6.25, 2.67, 4.94, 2.65, 1.12, 2.28, 2.16, 0.70, 1.71, 8543.715531686044
No.577: 1.15, 6.25, 2.67, 4.94, 2.64, 1.12, 2.28, 2.16, 0.70, 1.71, 982549.2028497991
No.578: 1.15, 6.25, 2.67, 4.94, 2.65, 1.12, 2.28, 2.16, 0.70, 1.71, 8543.715531686044
No.579: 1.15, 6.25, 2.67, 4.94, 2.65, 1.12, 2.28, 2.16, 0.70, 1.71, 8543.715531686044
No.580: 1.15, 6.25, 2.67, 4.94, 2.65, 1.12, 2.28, 2.16, 0.70, 1.71, 8543.715531686044
No.581: 1.15, 6.25, 2.67, 4.94, 2.65, 1.12, 2.28, 2.16, 0.70, 1.71, 8543.715531686044
No.582: 1.15, 6.25, 2.67, 4.94, 2.65, 1.12, 2.28, 2.16, 0.70, 1.71, 8543.715531686044
No.583: 1.15, 6.25, 2.67, 4.94, 2.65, 1.12, 2.28, 2.16, 0.70, 1.71, 8543.715531686044
No.584: 1.15, 6.25, 2.67, 4.94, 2.65, 1.12, 2.28, 2.16, 0.70, 1.71, 8543.715531686044
No.585: 1.15, 6.25, 2.67, 4.94, 2.65, 1.12, 2.28, 2.16, 0.70, 1.71, 8543.715531686044
No.586: 1.15, 6.25, 2.67, 4.94, 2.65, 1.12, 2.28, 2.16, 0.70, 1.71, 8543.715531686044
No.587: 1.15, 6.25, 2.67, 4.94, 2.65, 1.12, 2.28, 2.16, 0.70, 1.71, 8543.715531686044
No.588: 1.15, 6.25, 2.67, 4.94, 2.65, 1.12, 2.28, 2.16, 0.70, 1.71, 8543.715531686044
No.589: 1.15, 6.25, 2.67, 4.94, 2.65, 1.12, 2.28, 2.16, 0.70, 1.71, 8543.715531686044
No.590: 1.15, 6.25, 2.67, 4.94, 2.65, 1.12, 2.28, 2.16, 0.70, 1.71, 8543.715531686044
No.591: 1.15, 6.25, 2.67, 4.94, 2.65, 1.12, 2.28, 2.16, 0.70, 1.71, 8543.715531686044
No.592: 1.15, 6.25, 2.67, 4.94, 2.65, 1.12, 2.28, 2.16, 0.70, 1.71, 8543.715531686044
No.593: 1.15, 6.25, 2.67, 4.94, 2.65, 1.12, 2.28, 2.16, 0.70, 1.71, 8543.715531686044
No.594: 1.15, 6.25, 2.67, 4.94, 2.65, 1.12, 2.28, 2.16, 0.70, 1.71, 8543.715531686044
No.595: 1.15, 6.25, 2.67, 4.94, 2.65, 1.12, 2.28, 2.16, 0.70, 1.71, 8543.715531686044
No.596: 1.15, 6.25, 2.67, 4.94, 2.65, 1.12, 2.28, 2.16, 0.70, 1.71, 8543.715531686044
No.597: 1.15, 6.25, 2.67, 4.94, 2.65, 1.12, 2.28, 2.16, 0.70, 1.71, 8543.715531686044
No.598: 1.15, 6.25, 2.67, 4.94, 2.65, 1.12, 2.28, 2.16, 0.70, 1.71, 8543.715531686044
No.599: 1.15, 6.25, 2.67, 4.94, 2.65, 1.12, 2.28, 2.16, 0.70, 1.71, 8543.715531686044
No.600: 1.15, 6.25, 2.67, 4.94, 2.65, 1.12, 2.28, 2.16, 0.70, 1.71, 8543.715531686044
No.601: 1.15, 6.25, 2.67, 4.94, 2.65, 1.12, 2.28, 2.16, 0.70, 1.71, 8543.715531686044
No.602: 1.15, 6.25, 2.67, 4.94, 2.65, 1.12, 2.28, 2.16, 0.70, 1.71, 8543.715531686044
No.603: 1.15, 6.25, 2.67, 4.94, 2.65, 1.12, 2.28, 2.16, 0.70, 1.71, 8543.715531686044
No.604: 1.15, 6.25, 2.67, 4.94, 2.65, 1.12, 2.28, 2.16, 0.70, 1.71, 8543.715531686044
No.605: 1.15, 6.25, 2.67, 4.94, 2.65, 1.12, 2.28, 2.16, 0.70, 1.71, 8543.715531686044
No.606: 1.15, 6.25, 2.67, 4.94, 2.65, 1.12, 2.28, 2.16, 0.70, 1.71, 8543.715531686044
No.607: 1.15, 6.25, 2.67, 4.94, 2.65, 1.12, 2.28, 2.16, 0.70, 1.71, 8543.715531686044
No.608: 1.15, 6.25, 2.67, 4.94, 2.65, 1.12, 2.28, 2.16, 0.70, 1.71, 8543.715531686044
No.609: 1.15, 6.25, 2.67, 4.94, 2.65, 1.12, 2.28, 2.16, 0.70, 1.71, 8543.715531686044
No.610: 1.15, 6.25, 2.67, 4.94, 2.65, 1.12, 2.28, 2.16, 0.70, 1.71, 8543.715531686044
No.611: 1.15, 6.25, 2.67, 4.94, 2.65, 1.12, 2.28, 2.16, 0.70, 1.71, 8543.715531686044
No.612: 1.15, 6.25, 2.67, 4.94, 2.65, 1.12, 2.28, 2.16, 0.70, 1.71, 8543.715531686044
No.613: 1.15, 6.25, 2.67, 4.94, 2.65, 1.12, 2.28, 2.16, 0.70, 1.71, 8543.715531686044
No.614: 1.15, 6.25, 2.67, 4.94, 2.65, 1.12, 2.28, 2.16, 0.70, 1.71, 8543.715531686044
No.615: 1.15, 6.25, 2.67, 4.94, 2.65, 1.12, 2.28, 2.16, 0.70, 1.71, 8543.715531686044
No.616: 1.15, 6.25, 2.67, 4.94, 2.65, 1.12, 2.28, 2.16, 0.70, 1.71, 8543.715531686044
No.617: 1.15, 6.25, 2.67, 4.94, 2.65, 1.12, 2.28, 2.16, 0.70, 1.71, 8543.715531686044
No.618: 1.15, 6.25, 2.67, 4.94, 2.65, 1.12, 2.28, 2.16, 0.70, 1.71, 8543.715531686044
No.619: 1.15, 6.25, 2.67, 4.94, 2.65, 1.12, 2.28, 2.16, 0.70, 1.71, 8543.715531686044
No.620: 1.15, 6.25, 2.67, 4.94, 2.65, 1.12, 2.28, 2.16, 0.70, 1.71, 8543.715531686044
No.621: 1.15, 6.25, 2.67, 4.94, 2.65, 1.12, 2.28, 2.16, 0.70, 1.71, 8543.715531686044
No.622: 1.15, 6.25, 2.67, 4.94, 2.65, 1.12, 2.28, 2.16, 0.70, 1.71, 8543.715531686044
No.623: 1.15, 6.25, 2.67, 4.94, 2.65, 1.12, 2.28, 2.16, 0.70, 1.71, 8543.715531686044
No.624: 1.15, 6.25, 2.67, 4.94, 2.65, 1.12, 2.28, 2.16, 0.70, 1.71, 8543.715531686044
No.625: 1.15, 6.25, 2.67, 4.94, 2.65, 1.12, 2.28, 2.16, 0.70, 1.71, 8543.715531686044
No.626: 1.15, 6.25, 2.67, 4.94, 2.65, 1.12, 2.28, 2.16, 0.70, 1.71, 8543.715531686044
No.627: 1.15, 6.25, 2.67, 4.94, 2.65, 1.12, 2.28, 2.16, 0.70, 1.71, 8543.715531686044
No.628: 1.15, 6.25, 2.67, 4.94, 2.65, 1.12, 2.28, 2.16, 0.70, 1.71, 8543.715531686044
No.629: 1.15, 6.25, 2.67, 4.94, 2.65, 1.12, 2.28, 2.16, 0.70, 1.71, 8543.715531686044
No.630: 1.15, 6.25, 2.67, 4.94, 2.65, 1.12, 2.28, 2.16, 0.70, 1.71, 8543.715531686044
No.631: 1.15, 6.25, 2.67, 4.94, 2.65, 1.12, 2.28, 2.16, 0.70, 1.71, 8543.715531686044
No.632: 1.15, 6.25, 2.67, 4.94, 2.65, 1.12, 2.28, 2.16, 0.70, 1.71, 8543.715531686044
No.633: 1.15, 6.25, 2.67, 4.94, 2.65, 1.12, 2.28, 2.16, 0.70, 1.71, 8543.715531686044
No.634: 1.15, 6.25, 2.67, 4.94, 2.65, 1.12, 2.28, 2.16, 0.70, 1.71, 8543.715531686044
No.635: 1.15, 6.25, 2.67, 4.94, 2.65, 1.12, 2.28, 2.16, 0.70, 1.71, 8543.715531686044
No.636: 1.15, 6.25, 2.67, 4.94, 2.65, 1.12, 2.28, 2.16, 0.70, 1.71, 8543.715531686044
No.637: 1.15, 6.25, 2.67, 4.94, 2.65, 1.12, 2.28, 2.16, 0.70, 1.71, 8543.715531686044
No.638: 1.15, 6.25, 2.67, 4.94, 2.65, 1.12, 2.28, 2.16, 0.70, 1.71, 8543.715531686044
No.639: 1.15, 6.25, 2.67, 4.94, 2.65, 1.12, 2.28, 2.16, 0.70, 1.71, 8543.715531686044
No.640: 1.15, 6.25, 2.67, 4.94, 2.65, 1.12, 2.28, 2.16, 0.70, 1.71, 8543.715531686044
No.641: 1.15, 6.25, 2.67, 4.94, 2.65, 1.12, 2.28, 2.16, 0.70, 1.71, 8543.715531686044
No.642: 1.15, 6.25, 2.67, 4.94, 2.65, 1.12, 2.28, 2.16, 0.70, 1.71, 8543.715531686044
No.643: 1.15, 6.25, 2.67, 4.94, 2.65, 1.12, 2.28, 2.16, 0.70, 1.71, 8543.715531686044
No.644: 1.15, 6.25, 2.67, 4.94, 2.65, 1.12, 2.28, 2.16, 0.70, 1.71, 8543.715531686044
No.645: 1.15, 6.25, 2.67, 4.94, 2.65, 1.12, 2.28, 2.16, 0.70, 1.71, 8543.715531686044
No.646: 1.15, 6.25, 2.67, 4.94, 2.65, 1.12, 2.28, 2.16, 0.70, 1.71, 8543.715531686044
No.647: 1.15, 6.25, 2.67, 4.94, 2.65, 1.12, 2.28, 2.16, 0.70, 1.71, 8543.715531686044
No.648: 1.15, 6.25, 2.67, 4.94, 2.65, 1.12, 2.28, 2.16, 0.70, 1.71, 8543.715531686044
No.649: 1.15, 6.25, 2.67, 4.94, 2.65, 1.12, 2.28, 2.16, 0.70, 1.71, 8543.715531686044
No.650: 1.15, 6.25, 2.67, 4.94, 2.65, 1.12, 2.28, 2.16, 0.70, 1.71, 8543.715531686044
No.651: 1.15, 6.25, 2.67, 4.94, 2.65, 1.12, 2.28, 2.16, 0.70, 1.71, 8543.715531686044
No.652: 1.15, 6.25, 2.67, 4.94, 2.65, 1.12, 2.28, 2.16, 0.70, 1.71, 8543.715531686044
No.653: 1.15, 6.25, 2.67, 4.94, 2.65, 1.12, 2.28, 2.16, 0.70, 1.71, 8543.715531686044
No.654: 1.15, 6.25, 2.67, 4.94, 2.65, 1.12, 2.28, 2.16, 0.70, 1.71, 8543.715531686044
No.655: 1.15, 6.25, 2.67, 4.94, 2.65, 1.12, 2.28, 2.16, 0.70, 1.71, 8543.715531686044
No.656: 1.15, 6.25, 2.67, 4.94, 2.65, 1.12, 2.28, 2.16, 0.70, 1.71, 8543.715531686044
No.657: 1.15, 6.25, 2.67, 4.94, 2.65, 1.12, 2.28, 2.16, 0.70, 1.71, 8543.715531686044
No.658: 1.15, 6.25, 2.67, 4.94, 2.65, 1.12, 2.28, 2.16, 0.70, 1.71, 8543.715531686044
No.659: 1.15, 6.25, 2.67, 4.94, 2.65, 1.12, 2.28, 2.16, 0.70, 1.71, 8543.715531686044
No.660: 1.15, 6.25, 2.67, 4.94, 2.65, 1.12, 2.28, 2.16, 0.70, 1.71, 8543.715531686044
No.661: 1.15, 6.25, 2.67, 4.94, 2.65, 1.12, 2.28, 2.16, 0.70, 1.71, 8543.715531686044
No.662: 1.15, 6.25, 2.67, 4.94, 2.65, 1.12, 2.28, 2.16, 0.70, 1.71, 8543.715531686044
No.663: 1.15, 6.25, 2.67, 4.94, 2.65, 1.12, 2.28, 2.16, 0.70, 1.71, 8543.715531686044
No.664: 1.15, 6.25, 2.67, 4.94, 2.65, 1.12, 2.28, 2.16, 0.70, 1.71, 8543.715531686044
No.665: 1.15, 6.25, 2.67, 4.94, 2.65, 1.12, 2.28, 2.16, 0.70, 1.71, 8543.715531686044
No.666: 1.15, 6.25, 2.67, 4.94, 2.65, 1.12, 2.28, 2.16, 0.70, 1.71, 8543.715531686044
No.667: 1.15, 6.25, 2.67, 4.94, 2.65, 1.12, 2.28, 2.16, 0.70, 1.71, 8543.715531686044
No.668: 1.15, 6.25, 2.67, 4.94, 2.65, 1.12, 2.28, 2.16, 0.70, 1.71, 8543.715531686044
No.669: 1.15, 6.25, 2.67, 4.94, 2.65, 1.12, 2.28, 2.16, 0.70, 1.71, 8543.715531686044
No.670: 1.15, 6.25, 2.67, 4.94, 2.65, 1.12, 2.28, 2.16, 0.70, 1.71, 8543.715531686044
No.671: 1.15, 6.25, 2.67, 4.94, 2.65, 1.12, 2.28, 2.16, 0.70, 1.71, 8543.715531686044
No.672: 1.15, 6.25, 2.67, 4.94, 2.65, 1.12, 2.28, 2.16, 0.70, 1.71, 8543.715531686044
No.673: 1.15, 6.25, 2.67, 4.94, 2.65, 1.12, 2.28, 2.16, 0.70, 1.71, 8543.715531686044
No.674: 1.15, 6.25, 2.67, 4.94, 2.65, 1.12, 2.28, 2.16, 0.70, 1.71, 8543.715531686044
No.675: 1.15, 6.25, 2.67, 4.94, 2.65, 1.12, 2.28, 2.16, 0.70, 1.71, 8543.715531686044
No.676: 1.15, 6.25, 2.67, 4.94, 2.65, 1.12, 2.28, 2.16, 0.70, 1.71, 8543.715531686044
No.677: 1.15, 6.25, 2.67, 4.94, 2.65, 1.12, 2.28, 2.16, 0.70, 1.71, 8543.715531686044
No.678: 1.15, 6.25, 2.67, 4.94, 2.65, 1.12, 2.28, 2.16, 0.70, 1.71, 8543.715531686044
No.679: 1.15, 6.25, 2.67, 4.94, 2.65, 1.12, 2.28, 2.16, 0.70, 1.71, 8543.715531686044
No.680: 1.15, 6.25, 2.67, 4.94, 2.65, 1.12, 2.28, 2.16, 0.70, 1.71, 8543.715531686044
No.681: 1.15, 6.25, 2.67, 4.94, 2.65, 1.12, 2.28, 2.16, 0.70, 1.71, 8543.715531686044
No.682: 1.15, 6.25, 2.67, 4.94, 2.65, 1.12, 2.28, 2.16, 0.70, 1.71, 8543.715531686044
No.683: 1.15, 6.25, 2.67, 4.94, 2.65, 1.12, 2.28, 2.16, 0.70, 1.71, 8543.715531686044
No.684: 1.15, 6.25, 2.67, 4.94, 2.65, 1.12, 2.28, 2.16, 0.70, 1.71, 8543.715531686044
No.685: 1.15, 6.25, 2.67, 4.94, 2.65, 1.12, 2.28, 2.16, 0.70, 1.71, 8543.715531686044
No.686: 1.15, 6.25, 2.67, 4.94, 2.65, 1.12, 2.28, 2.16, 0.70, 1.71, 8543.715531686044
No.687: 1.15, 6.25, 2.67, 4.94, 2.65, 1.12, 2.28, 2.16, 0.70, 1.71, 8543.715531686044
No.688: 1.15, 6.25, 2.67, 4.94, 2.65, 1.12, 2.28, 2.16, 0.70, 1.71, 8543.715531686044
No.689: 1.15, 6.25, 2.67, 4.94, 2.65, 1.12, 2.28, 2.16, 0.70, 1.71, 8543.715531686044
No.690: 1.15, 6.25, 2.67, 4.94, 2.65, 1.12, 2.28, 2.16, 0.70, 1.71, 8543.715531686044
No.691: 1.15, 6.25, 2.67, 4.94, 2.65, 1.12, 2.28, 2.16, 0.70, 1.71, 8543.715531686044
No.692: 1.15, 6.25, 2.67, 4.94, 2.65, 1.12, 2.28, 2.16, 0.70, 1.71, 8543.715531686044
No.693: 1.15, 6.25, 2.67, 4.94, 2.65, 1.12, 2.28, 2.16, 0.70, 1.71, 8543.715531686044
No.694: 1.15, 6.25, 2.67, 4.94, 2.65, 1.12, 2.28, 2.16, 0.70, 1.71, 8543.715531686044
No.695: 1.15, 6.25, 2.67, 4.94, 2.65, 1.12, 2.28, 2.16, 0.70, 1.71, 8543.715531686044
No.696: 1.15, 6.25, 2.67, 4.94, 2.65, 1.12, 2.28, 2.16, 0.70, 1.71, 8543.715531686044
No.697: 1.15, 6.25, 2.67, 4.94, 2.65, 1.12, 2.28, 2.16, 0.70, 1.71, 8543.715531686044
No.698: 1.15, 6.25, 2.67, 4.94, 2.65, 1.12, 2.28, 2.16, 0.70, 1.71, 8543.715531686044
No.699: 1.15, 6.25, 2.67, 4.94, 2.65, 1.12, 2.28, 2.16, 0.70, 1.71, 8543.715531686044
No.700: 1.15, 6.25, 2.67, 4.94, 2.65, 1.12, 2.28, 2.16, 0.70, 1.71, 8543.715531686044
No.701: 1.15, 6.25, 2.67, 4.94, 2.65, 1.12, 2.28, 2.16, 0.70, 1.71, 8543.715531686044
No.702: 1.15, 6.25, 2.67, 4.94, 2.65, 1.12, 2.28, 2.16, 0.70, 1.71, 8543.715531686044
No.703: 1.15, 6.25, 2.67, 4.94, 2.65, 1.12, 2.28, 2.16, 0.70, 1.71, 8543.715531686044
No.704: 1.15, 6.25, 2.67, 4.94, 2.65, 1.12, 2.28, 2.16, 0.70, 1.71, 8543.715531686044
No.705: 1.15, 6.25, 2.67, 4.94, 2.65, 1.12, 2.28, 2.16, 0.70, 1.71, 8543.715531686044
No.706: 1.15, 6.25, 2.67, 4.94, 2.65, 1.12, 2.28, 2.16, 0.70, 1.71, 8543.715531686044
No.707: 1.15, 6.25, 2.67, 4.94, 2.65, 1.12, 2.28, 2.16, 0.70, 1.71, 8543.715531686044
No.708: 1.15, 6.25, 2.67, 4.94, 2.65, 1.12, 2.28, 2.16, 0.70, 1.71, 8543.715531686044
No.709: 1.15, 6.25, 2.67, 4.94, 2.65, 1.12, 2.28, 2.16, 0.70, 1.71, 8543.715531686044
No.710: 1.15, 6.25, 2.67, 4.94, 2.65, 1.12, 2.28, 2.16, 0.70, 1.71, 8543.715531686044
No.711: 1.15, 6.25, 2.67, 4.94, 2.65, 1.12, 2.28, 2.16, 0.70, 1.71, 8543.715531686044
No.712: 1.15, 6.25, 2.67, 4.94, 2.65, 1.12, 2.28, 2.16, 0.70, 1.71, 8543.715531686044
No.713: 1.15, 6.25, 2.67, 4.94, 2.65, 1.12, 2.28, 2.16, 0.70, 1.71, 8543.715531686044
No.714: 1.15, 6.25, 2.67, 4.94, 2.65, 1.12, 2.28, 2.16, 0.70, 1.71, 8543.715531686044
No.715: 1.15, 6.25, 2.67, 4.94, 2.65, 1.12, 2.28, 2.16, 0.70, 1.71, 8543.715531686044
No.716: 1.15, 6.25, 2.67, 4.94, 2.65, 1.12, 2.28, 2.16, 0.70, 1.71, 8543.715531686044
No.717: 1.15, 6.25, 2.67, 4.94, 2.65, 1.12, 2.28, 2.16, 0.70, 1.71, 8543.715531686044
No.718: 1.15, 6.25, 2.67, 4.94, 2.65, 1.12, 2.28, 2.16, 0.70, 1.71, 8543.715531686044
No.719: 1.15, 6.25, 2.67, 4.94, 2.65, 1.12, 2.28, 2.16, 0.70, 1.71, 8543.715531686044
No.720: 1.15, 6.25, 2.67, 4.94, 2.65, 1.12, 2.28, 2.16, 0.70, 1.71, 8543.715531686044
No.721: 1.15, 6.25, 2.67, 4.94, 2.65, 1.12, 2.28, 2.16, 0.70, 1.71, 8543.715531686044
No.722: 1.15, 6.25, 2.67, 4.94, 2.65, 1.12, 2.28, 2.16, 0.70, 1.71, 8543.715531686044
No.723: 1.15, 6.25, 2.67, 4.94, 2.65, 1.12, 2.28, 2.16, 0.70, 1.71, 8543.715531686044
No.724: 1.15, 6.25, 2.67, 4.94, 2.65, 1.12, 2.28, 2.16, 0.70, 1.71, 8543.715531686044
No.725: 1.15, 6.25, 2.67, 4.94, 2.65, 1.12, 2.28, 2.16, 0.70, 1.71, 8543.715531686044
No.726: 1.15, 6.25, 2.67, 4.94, 2.65, 1.12, 2.28, 2.16, 0.70, 1.71, 8543.715531686044
No.727: 1.15, 6.25, 2.67, 4.94, 2.65, 1.12, 2.28, 2.16, 0.70, 1.71, 8543.715531686044
No.728: 1.15, 6.25, 2.67, 4.94, 2.65, 1.12, 2.28, 2.16, 0.70, 1.71, 8543.715531686044
No.729: 1.15, 6.25, 2.67, 4.94, 2.65, 1.12, 2.28, 2.16, 0.70, 1.71, 8543.715531686044
No.730: 1.15, 6.25, 2.67, 4.94, 2.65, 1.12, 2.28, 2.16, 0.70, 1.71, 8543.715531686044
No.731: 1.15, 6.25, 2.67, 4.94, 2.65, 1.12, 2.28, 2.16, 0.70, 1.71, 8543.715531686044
No.732: 1.15, 6.25, 2.67, 4.94, 2.65, 1.12, 2.28, 2.16, 0.70, 1.71, 8543.715531686044
No.733: 1.15, 6.25, 2.67, 4.94, 2.65, 1.12, 2.28, 2.16, 0.70, 1.71, 8543.715531686044
No.734: 1.15, 6.25, 2.67, 4.94, 2.65, 1.12, 2.28, 2.16, 0.70, 1.71, 8543.715531686044
No.735: 1.15, 6.25, 2.67, 4.94, 2.65, 1.12, 2.28, 2.16, 0.70, 1.71, 8543.715531686044
No.736: 1.15, 6.25, 2.67, 4.94, 2.65, 1.12, 2.28, 2.16, 0.70, 1.71, 8543.715531686044
No.737: 1.15, 6.25, 2.67, 4.94, 2.65, 1.12, 2.28, 2.16, 0.70, 1.71, 8543.715531686044
No.738: 1.15, 6.25, 2.67, 4.94, 2.65, 1.12, 2.28, 2.16, 0.70, 1.71, 8543.715531686044
No.739: 1.15, 6.25, 2.67, 4.94, 2.65, 1.12, 2.28, 2.16, 0.70, 1.71, 8543.715531686044
No.740: 1.15, 6.25, 2.67, 4.94, 2.65, 1.12, 2.28, 2.16, 0.70, 1.71, 8543.715531686044
No.741: 1.15, 6.25, 2.67, 4.94, 2.65, 1.12, 2.28, 2.16, 0.70, 1.71, 8543.715531686044
No.742: 1.15, 6.25, 2.67, 4.94, 2.65, 1.12, 2.28, 2.16, 0.70, 1.71, 8543.715531686044
No.743: 1.15, 6.25, 2.67, 4.94, 2.65, 1.12, 2.28, 2.16, 0.70, 1.71, 8543.715531686044
No.744: 1.15, 6.25, 2.67, 4.94, 2.65, 1.12, 2.28, 2.16, 0.70, 1.71, 8543.715531686044
No.745: 1.15, 6.25, 2.67, 4.94, 2.65, 1.12, 2.28, 2.16, 0.70, 1.71, 8543.715531686044
No.746: 1.15, 6.25, 2.67, 4.94, 2.65, 1.12, 2.28, 2.16, 0.70, 1.71, 8543.715531686044
No.747: 1.15, 6.25, 2.67, 4.94, 2.65, 1.12, 2.28, 2.16, 0.70, 1.71, 8543.715531686044
No.748: 1.15, 6.25, 2.67, 4.94, 2.65, 1.12, 2.28, 2.16, 0.70, 1.71, 8543.715531686044
No.749: 1.15, 6.25, 2.67, 4.94, 2.65, 1.12, 2.28, 2.16, 0.70, 1.71, 8543.715531686044
No.750: 1.15, 6.25, 2.67, 4.94, 2.65, 1.12, 2.28, 2.16, 0.70, 1.71, 8543.715531686044
No.751: 1.15, 6.25, 2.67, 4.94, 2.65, 1.12, 2.28, 2.16, 0.70, 1.71, 8543.715531686044
No.752: 1.15, 6.25, 2.67, 4.94, 2.65, 1.12, 2.28, 2.16, 0.70, 1.71, 8543.715531686044
No.753: 1.15, 6.25, 2.67, 4.94, 2.65, 1.12, 2.28, 2.16, 0.70, 1.71, 8543.715531686044
No.754: 1.15, 6.25, 2.67, 4.94, 2.65, 1.12, 2.28, 2.16, 0.70, 1.71, 8543.715531686044
No.755: 1.15, 6.25, 2.67, 4.94, 2.65, 1.12, 2.28, 2.16, 0.70, 1.71, 8543.715531686044
No.756: 1.15, 6.25, 2.67, 4.94, 2.65, 1.12, 2.28, 2.16, 0.70, 1.71, 8543.715531686044
No.757: 1.15, 6.25, 2.67, 4.94, 2.65, 1.12, 2.28, 2.16, 0.70, 1.71, 8543.715531686044
No.758: 1.15, 6.25, 2.67, 4.94, 2.65, 1.12, 2.28, 2.16, 0.70, 1.71, 8543.715531686044
No.759: 1.15, 6.25, 2.67, 4.94, 2.65, 1.12, 2.28, 2.16, 0.70, 1.71, 8543.715531686044
No.760: 1.15, 6.25, 2.67, 4.94, 2.65, 1.12, 2.28, 2.16, 0.70, 1.71, 8543.715531686044
No.761: 1.15, 6.25, 2.67, 4.94, 2.65, 1.12, 2.28, 2.16, 0.70, 1.71, 8543.715531686044
No.762: 1.15, 6.25, 2.67, 4.94, 2.65, 1.12, 2.28, 2.16, 0.70, 1.71, 8543.715531686044
No.763: 1.15, 6.25, 2.67, 4.94, 2.65, 1.12, 2.28, 2.16, 0.70, 1.71, 8543.715531686044
No.764: 1.15, 6.25, 2.67, 4.94, 2.65, 1.12, 2.28, 2.16, 0.70, 1.71, 8543.715531686044
No.765: 1.15, 6.25, 2.67, 4.94, 2.65, 1.12, 2.28, 2.16, 0.70, 1.71, 8543.715531686044
No.766: 1.15, 6.25, 2.67, 4.94, 2.65, 1.12, 2.28, 2.16, 0.70, 1.71, 8543.715531686044
No.767: 1.15, 6.25, 2.67, 4.94, 2.65, 1.12, 2.28, 2.16, 0.70, 1.71, 8543.715531686044
No.768: 1.15, 6.25, 2.67, 4.94, 2.65, 1.12, 2.28, 2.16, 0.70, 1.71, 8543.715531686044
No.769: 1.15, 6.25, 2.67, 4.94, 2.65, 1.12, 2.28, 2.16, 0.70, 1.71, 8543.715531686044
No.770: 1.15, 6.25, 2.67, 4.94, 2.65, 1.12, 2.28, 2.16, 0.70, 1.71, 8543.715531686044
No.771: 1.15, 6.25, 2.67, 4.94, 2.65, 1.12, 2.28, 2.16, 0.70, 1.71, 8543.715531686044
No.772: 1.15, 6.25, 2.67, 4.94, 2.65, 1.12, 2.28, 2.16, 0.70, 1.71, 8543.715531686044
No.773: 1.15, 6.25, 2.67, 4.94, 2.65, 1.12, 2.28, 2.16, 0.70, 1.71, 8543.715531686044
No.774: 1.15, 6.25, 2.67, 4.94, 2.65, 1.12, 2.28, 2.16, 0.70, 1.71, 8543.715531686044
No.775: 1.15, 6.25, 2.67, 4.94, 2.65, 1.12, 2.28, 2.16, 0.70, 1.71, 8543.715531686044
No.776: 1.15, 6.25, 2.67, 4.94, 2.65, 1.12, 2.28, 2.16, 0.70, 1.71, 8543.715531686044
No.777: 1.15, 6.25, 2.67, 4.94, 2.65, 1.12, 2.28, 2.16, 0.70, 1.71, 8543.715531686044
No.778: 1.15, 6.25, 2.67, 4.94, 2.65, 1.12, 2.28, 2.16, 0.70, 1.71, 8543.715531686044
No.779: 1.15, 6.25, 2.67, 4.94, 2.65, 1.12, 2.28, 2.16, 0.70, 1.71, 8543.715531686044
No.780: 1.15, 6.25, 2.67, 4.94, 2.65, 1.12, 2.28, 2.16, 0.70, 1.71, 8543.715531686044
No.781: 1.15, 6.25, 2.67, 4.94, 2.65, 1.12, 2.28, 2.16, 0.70, 1.71, 8543.715531686044
No.782: 1.15, 6.25, 2.67, 4.94, 2.65, 1.12, 2.28, 2.16, 0.70, 1.71, 8543.715531686044
No.783: 1.15, 6.25, 2.67, 4.94, 2.65, 1.12, 2.28, 2.16, 0.70, 1.71, 8543.715531686044
No.784: 1.15, 6.25, 2.67, 4.94, 2.65, 1.12, 2.28, 2.16, 0.70, 1.71, 8543.715531686044
No.785: 1.15, 6.25, 2.67, 4.94, 2.65, 1.12, 2.28, 2.16, 0.70, 1.71, 8543.715531686044
No.786: 1.15, 6.25, 2.67, 4.94, 2.65, 1.12, 2.28, 2.16, 0.70, 1.71, 8543.715531686044
No.787: 1.15, 6.25, 2.67, 4.94, 2.65, 1.12, 2.28, 2.16, 0.70, 1.71, 8543.715531686044
No.788: 1.15, 6.25, 2.67, 4.94, 2.65, 1.12, 2.28, 2.16, 0.70, 1.71, 8543.715531686044
No.789: 1.15, 6.25, 2.67, 4.94, 2.65, 1.12, 2.28, 2.16, 0.70, 1.71, 8543.715531686044
No.790: 1.15, 6.25, 2.67, 4.94, 2.65, 1.12, 2.28, 2.16, 0.70, 1.71, 8543.715531686044
No.791: 1.15, 6.25, 2.67, 4.94, 2.65, 1.12, 2.28, 2.16, 0.70, 1.71, 8543.715531686044
No.792: 1.15, 6.25, 2.67, 4.94, 2.65, 1.12, 2.28, 2.16, 0.70, 1.71, 8543.715531686044
No.793: 1.15, 6.25, 2.67, 4.94, 2.65, 1.12, 2.28, 2.16, 0.70, 1.71, 8543.715531686044
No.794: 1.15, 6.25, 2.67, 4.94, 2.65, 1.12, 2.28, 2.16, 0.70, 1.71, 8543.715531686044
No.795: 1.15, 6.25, 2.67, 4.94, 2.65, 1.12, 2.28, 2.16, 0.70, 1.71, 8543.715531686044
No.796: 1.15, 6.25, 2.67, 4.94, 2.65, 1.12, 2.28, 2.16, 0.70, 1.71, 8543.715531686044
No.797: 1.15, 6.25, 2.67, 4.94, 2.65, 1.12, 2.28, 2.16, 0.70, 1.71, 8543.715531686044
No.798: 1.15, 6.25, 2.67, 4.94, 2.65, 1.12, 2.28, 2.16, 0.70, 1.71, 8543.715531686044
No.799: 1.15, 6.25, 2.67, 4.94, 2.65, 1.12, 2.28, 2.16, 0.70, 1.71, 8543.715531686044
No.800: 1.15, 6.25, 2.67, 4.94, 2.65, 1.12, 2.28, 2.16, 0.70, 1.71, 8543.715531686044
No.801: 1.15, 6.25, 2.67, 4.94, 2.65, 1.12, 2.28, 2.16, 0.70, 1.71, 8543.715531686044
No.802: 1.15, 6.25, 2.67, 4.94, 2.65, 1.12, 2.28, 2.16, 0.70, 1.71, 8543.715531686044
No.803: 1.15, 6.25, 2.67, 4.94, 2.65, 1.12, 2.28, 2.16, 0.70, 1.71, 8543.715531686044
No.804: 1.15, 6.25, 2.67, 4.94, 2.65, 1.12, 2.28, 2.16, 0.70, 1.71, 8543.715531686044
No.805: 1.15, 6.25, 2.67, 4.94, 2.65, 1.12, 2.28, 2.16, 0.70, 1.71, 8543.715531686044
No.806: 1.15, 6.25, 2.67, 4.94, 2.65, 1.12, 2.28, 2.16, 0.70, 1.71, 8543.715531686044
No.807: 1.15, 6.25, 2.67, 4.94, 2.65, 1.12, 2.28, 2.16, 0.70, 1.71, 8543.715531686044
No.808: 1.15, 6.25, 2.67, 4.94, 2.65, 1.12, 2.28, 2.16, 0.70, 1.71, 8543.715531686044
No.809: 1.15, 6.25, 2.67, 4.94, 2.65, 1.12, 2.28, 2.16, 0.70, 1.71, 8543.715531686044
No.810: 1.15, 6.25, 2.67, 4.94, 2.65, 1.12, 2.28, 2.16, 0.70, 1.71, 8543.715531686044
No.811: 1.15, 6.25, 2.67, 4.94, 2.65, 1.12, 2.28, 2.16, 0.70, 1.71, 8543.715531686044
No.812: 1.15, 6.25, 2.67, 4.94, 2.65, 1.12, 2.28, 2.16, 0.70, 1.71, 8543.715531686044
No.813: 1.15, 6.25, 2.67, 4.94, 2.65, 1.12, 2.28, 2.16, 0.70, 1.71, 8543.715531686044
No.814: 1.15, 6.25, 2.67, 4.94, 2.65, 1.12, 2.28, 2.16, 0.70, 1.71, 8543.715531686044
No.815: 1.15, 6.25, 2.67, 4.94, 2.65, 1.12, 2.28, 2.16, 0.70, 1.71, 8543.715531686044
No.816: 1.15, 6.25, 2.67, 4.94, 2.65, 1.12, 2.28, 2.16, 0.70, 1.71, 8543.715531686044
No.817: 1.15, 6.25, 2.67, 4.94, 2.65, 1.12, 2.28, 2.16, 0.70, 1.71, 8543.715531686044
No.818: 1.15, 6.25, 2.67, 4.94, 2.65, 1.12, 2.28, 2.16, 0.70, 1.71, 8543.715531686044
No.819: 1.15, 6.25, 2.67, 4.94, 2.65, 1.12, 2.28, 2.16, 0.70, 1.71, 8543.715531686044
No.820: 1.15, 6.25, 2.67, 4.94, 2.65, 1.12, 2.28, 2.16, 0.70, 1.71, 8543.715531686044
No.821: 1.15, 6.25, 2.67, 4.94, 2.65, 1.12, 2.28, 2.16, 0.70, 1.71, 8543.715531686044
No.822: 1.15, 6.25, 2.67, 4.94, 2.65, 1.12, 2.28, 2.16, 0.70, 1.71, 8543.715531686044
No.823: 1.15, 6.25, 2.67, 4.94, 2.65, 1.12, 2.28, 2.16, 0.70, 1.71, 8543.715531686044
No.824: 1.15, 6.25, 2.67, 4.94, 2.65, 1.12, 2.28, 2.16, 0.70, 1.71, 8543.715531686044
No.825: 1.15, 6.25, 2.67, 4.94, 2.65, 1.12, 2.28, 2.16, 0.70, 1.71, 8543.715531686044
No.826: 1.15, 6.25, 2.67, 4.94, 2.65, 1.12, 2.28, 2.16, 0.70, 1.71, 8543.715531686044
No.827: 1.15, 6.25, 2.67, 4.94, 2.65, 1.12, 2.28, 2.16, 0.70, 1.71, 8543.715531686044
No.828: 1.15, 6.25, 2.67, 4.94, 2.65, 1.12, 2.28, 2.16, 0.70, 1.71, 8543.715531686044
No.829: 1.15, 6.25, 2.67, 4.94, 2.65, 1.12, 2.28, 2.16, 0.70, 1.71, 8543.715531686044
No.830: 1.15, 6.25, 2.67, 4.94, 2.65, 1.12, 2.28, 2.16, 0.70, 1.71, 8543.715531686044
No.831: 1.15, 6.25, 2.67, 4.94, 2.65, 1.12, 2.28, 2.16, 0.70, 1.71, 8543.715531686044
No.832: 1.15, 6.25, 2.67, 4.94, 2.65, 1.12, 2.28, 2.16, 0.70, 1.71, 8543.715531686044
No.833: 1.15, 6.25, 2.67, 4.94, 2.65, 1.12, 2.28, 2.16, 0.70, 1.71, 8543.715531686044
No.834: 1.15, 6.25, 2.67, 4.94, 2.65, 1.12, 2.28, 2.16, 0.70, 1.71, 8543.715531686044
No.835: 1.15, 6.25, 2.67, 4.94, 2.65, 1.12, 2.28, 2.16, 0.70, 1.71, 8543.715531686044
No.836: 1.15, 6.25, 2.67, 4.94, 2.65, 1.12, 2.28, 2.16, 0.70, 1.71, 8543.715531686044
No.837: 1.15, 6.25, 2.67, 4.94, 2.65, 1.12, 2.28, 2.16, 0.70, 1.71, 8543.715531686044
No.838: 1.15, 6.25, 2.67, 4.94, 2.65, 1.12, 2.28, 2.16, 0.70, 1.71, 8543.715531686044
No.839: 1.15, 6.25, 2.67, 4.94, 2.65, 1.12, 2.28, 2.16, 0.70, 1.71, 8543.715531686044
No.840: 1.15, 6.25, 2.67, 4.94, 2.65, 1.12, 2.28, 2.16, 0.70, 1.71, 8543.715531686044
No.841: 1.15, 6.25, 2.67, 4.94, 2.65, 1.12, 2.28, 2.16, 0.70, 1.71, 8543.715531686044
No.842: 1.15, 6.25, 2.67, 4.94, 2.65, 1.12, 2.28, 2.16, 0.70, 1.71, 8543.715531686044
No.843: 1.15, 6.25, 2.67, 4.94, 2.65, 1.12, 2.28, 2.16, 0.70, 1.71, 8543.715531686044
No.844: 1.15, 6.25, 2.67, 4.94, 2.65, 1.12, 2.28, 2.16, 0.70, 1.71, 8543.715531686044
No.845: 1.15, 6.25, 2.67, 4.94, 2.65, 1.12, 2.28, 2.16, 0.70, 1.71, 8543.715531686044
No.846: 1.15, 6.25, 2.67, 4.94, 2.65, 1.12, 2.28, 2.16, 0.70, 1.71, 8543.715531686044
No.847: 1.15, 6.25, 2.67, 4.94, 2.65, 1.12, 2.28, 2.16, 0.70, 1.71, 8543.715531686044
No.848: 1.15, 6.25, 2.67, 4.94, 2.65, 1.12, 2.28, 2.16, 0.70, 1.71, 8543.715531686044
No.849: 1.15, 6.25, 2.67, 4.94, 2.65, 1.12, 2.28, 2.16, 0.70, 1.71, 8543.715531686044
No.850: 1.15, 6.25, 2.67, 4.94, 2.65, 1.12, 2.28, 2.16, 0.70, 1.71, 8543.715531686044
No.851: 1.15, 6.25, 2.67, 4.94, 2.65, 1.12, 2.28, 2.16, 0.70, 1.71, 8543.715531686044
No.852: 1.15, 6.25, 2.67, 4.94, 2.65, 1.12, 2.28, 2.16, 0.70, 1.71, 8543.715531686044
No.853: 1.15, 6.25, 2.67, 4.94, 2.65, 1.12, 2.28, 2.16, 0.70, 1.71, 8543.715531686044
No.854: 1.15, 6.25, 2.67, 4.94, 2.65, 1.12, 2.28, 2.16, 0.70, 1.71, 8543.715531686044
No.855: 1.15, 6.25, 2.67, 4.94, 2.65, 1.12, 2.28, 2.16, 0.70, 1.71, 8543.715531686044
No.856: 1.15, 6.25, 2.67, 4.94, 2.65, 1.12, 2.28, 2.16, 0.70, 1.71, 8543.715531686044
No.857: 1.15, 6.25, 2.67, 4.94, 2.65, 1.12, 2.28, 2.16, 0.70, 1.71, 8543.715531686044
No.858: 1.15, 6.25, 2.67, 4.94, 2.65, 1.12, 2.28, 2.16, 0.70, 1.71, 8543.715531686044
No.859: 1.15, 6.25, 2.67, 4.94, 2.65, 1.12, 2.28, 2.16, 0.70, 1.71, 8543.715531686044
No.860: 1.15, 6.25, 2.67, 4.94, 2.65, 1.12, 2.28, 2.16, 0.70, 1.71, 8543.715531686044
No.861: 1.15, 6.25, 2.67, 4.94, 2.65, 1.12, 2.28, 2.16, 0.70, 1.71, 8543.715531686044
No.862: 1.15, 6.25, 2.67, 4.94, 2.65, 1.12, 2.28, 2.16, 0.70, 1.71, 8543.715531686044
No.863: 1.15, 6.25, 2.67, 4.94, 2.65, 1.12, 2.28, 2.16, 0.70, 1.71, 8543.715531686044
No.864: 1.15, 6.25, 2.67, 4.94, 2.65, 1.12, 2.28, 2.16, 0.70, 1.71, 8543.715531686044
No.865: 1.15, 6.25, 2.67, 4.94, 2.65, 1.12, 2.28, 2.16, 0.70, 1.71, 8543.715531686044
No.866: 1.15, 6.25, 2.67, 4.94, 2.65, 1.12, 2.28, 2.16, 0.70, 1.71, 8543.715531686044
No.867: 1.15, 6.25, 2.67, 4.94, 2.65, 1.12, 2.28, 2.16, 0.70, 1.71, 8543.715531686044
No.868: 1.15, 6.25, 2.67, 4.94, 2.65, 1.12, 2.28, 2.16, 0.70, 1.71, 8543.715531686044
No.869: 1.15, 6.25, 2.67, 4.94, 2.65, 1.12, 2.28, 2.16, 0.70, 1.71, 8543.715531686044
No.870: 1.15, 6.25, 2.67, 4.94, 2.65, 1.12, 2.28, 2.16, 0.70, 1.71, 8543.715531686044
No.871: 1.15, 6.25, 2.67, 4.94, 2.65, 1.12, 2.28, 2.16, 0.70, 1.71, 8543.715531686044
No.872: 1.15, 6.25, 2.67, 4.94, 2.65, 1.12, 2.28, 2.16, 0.70, 1.71, 8543.715531686044
No.873: 1.15, 6.25, 2.67, 4.94, 2.65, 1.12, 2.28, 2.16, 0.70, 1.71, 8543.715531686044
No.874: 1.15, 6.25, 2.67, 4.94, 2.65, 1.12, 2.28, 2.16, 0.70, 1.71, 8543.715531686044
No.875: 1.15, 6.25, 2.67, 4.94, 2.65, 1.12, 2.28, 2.16, 0.70, 1.71, 8543.715531686044
No.876: 1.15, 6.25, 2.67, 4.94, 2.65, 1.12, 2.28, 2.16, 0.70, 1.71, 8543.715531686044
No.877: 1.15, 6.25, 2.67, 4.94, 2.65, 1.12, 2.28, 2.16, 0.70, 1.71, 8543.715531686044
No.878: 1.15, 6.25, 2.67, 4.94, 2.65, 1.12, 2.28, 2.16, 0.70, 1.71, 8543.715531686044
No.879: 1.15, 6.25, 2.67, 4.94, 2.65, 1.12, 2.28, 2.16, 0.70, 1.71, 8543.715531686044
No.880: 1.15, 6.25, 2.67, 4.94, 2.65, 1.12, 2.28, 2.16, 0.70, 1.71, 8543.715531686044
No.881: 1.15, 6.25, 2.67, 4.94, 2.65, 1.12, 2.28, 2.16, 0.70, 1.71, 8543.715531686044
No.882: 1.15, 6.25, 2.67, 4.94, 2.65, 1.12, 2.28, 2.16, 0.70, 1.71, 8543.715531686044
No.883: 1.15, 6.25, 2.67, 4.94, 2.65, 1.12, 2.28, 2.16, 0.70, 1.71, 8543.715531686044
No.884: 1.15, 6.25, 2.67, 4.94, 2.65, 1.12, 2.28, 2.16, 0.70, 1.71, 8543.715531686044
No.885: 1.15, 6.25, 2.67, 4.94, 2.65, 1.12, 2.28, 2.16, 0.70, 1.71, 8543.715531686044
No.886: 1.15, 6.25, 2.67, 4.94, 2.65, 1.12, 2.28, 2.16, 0.70, 1.71, 8543.715531686044
No.887: 1.15, 6.25, 2.67, 4.94, 2.65, 1.12, 2.28, 2.16, 0.70, 1.71, 8543.715531686044
No.888: 1.15, 6.25, 2.67, 4.94, 2.65, 1.12, 2.28, 2.16, 0.70, 1.71, 8543.715531686044
No.889: 1.15, 6.25, 2.67, 4.94, 2.65, 1.12, 2.28, 2.16, 0.70, 1.71, 8543.715531686044
No.890: 1.15, 6.25, 2.67, 4.94, 2.65, 1.12, 2.28, 2.16, 0.70, 1.71, 8543.715531686044
No.891: 1.15, 6.25, 2.67, 4.94, 2.65, 1.12, 2.28, 2.16, 0.70, 1.71, 8543.715531686044
No.892: 1.15, 6.25, 2.67, 4.94, 2.65, 1.12, 2.28, 2.16, 0.70, 1.71, 8543.715531686044
No.893: 1.15, 6.25, 2.67, 4.94, 2.65, 1.12, 2.28, 2.16, 0.70, 1.71, 8543.715531686044
No.894: 1.15, 6.25, 2.67, 4.94, 2.65, 1.12, 2.28, 2.16, 0.70, 1.71, 8543.715531686044
No.895: 1.15, 6.25, 2.67, 4.94, 2.65, 1.12, 2.28, 2.16, 0.70, 1.71, 8543.715531686044
No.896: 1.15, 6.25, 2.67, 4.94, 2.65, 1.12, 2.28, 2.16, 0.70, 1.71, 8543.715531686044
No.897: 1.15, 6.25, 2.67, 4.94, 2.65, 1.12, 2.28, 2.16, 0.70, 1.71, 8543.715531686044
No.898: 1.15, 6.25, 2.67, 4.94, 2.65, 1.12, 2.28, 2.16, 0.70, 1.71, 8543.715531686044
No.899: 1.15, 6.25, 2.67, 4.94, 2.65, 1.12, 2.28, 2.16, 0.70, 1.71, 8543.715531686044
No.900: 1.15, 6.25, 2.67, 4.94, 2.65, 1.12, 2.28, 2.16, 0.70, 1.71, 8543.715531686044
No.901: 1.15, 6.25, 2.67, 4.94, 2.65, 1.12, 2.28, 2.16, 0.70, 1.71, 8543.715531686044
No.902: 1.15, 6.25, 2.67, 4.94, 2.65, 1.12, 2.28, 2.16, 0.70, 1.71, 8543.715531686044
No.903: 1.15, 6.25, 2.67, 4.94, 2.65, 1.12, 2.28, 2.16, 0.70, 1.71, 8543.715531686044
No.904: 1.15, 6.25, 2.67, 4.94, 2.65, 1.12, 2.28, 2.16, 0.70, 1.71, 8543.715531686044
No.905: 1.15, 6.25, 2.67, 4.94, 2.65, 1.12, 2.28, 2.16, 0.70, 1.71, 8543.715531686044
No.906: 1.15, 6.25, 2.67, 4.94, 2.65, 1.12, 2.28, 2.16, 0.70, 1.71, 8543.715531686044
No.907: 1.15, 6.25, 2.67, 4.94, 2.65, 1.12, 2.28, 2.16, 0.70, 1.71, 8543.715531686044
No.908: 1.15, 6.25, 2.67, 4.94, 2.65, 1.12, 2.28, 2.16, 0.70, 1.71, 8543.715531686044
No.909: 1.15, 6.25, 2.67, 4.94, 2.65, 1.12, 2.28, 2.16, 0.70, 1.71, 8543.715531686044
No.910: 1.15, 6.25, 2.67, 4.94, 2.65, 1.12, 2.28, 2.16, 0.70, 1.71, 8543.715531686044
No.911: 1.15, 6.25, 2.67, 4.94, 2.65, 1.12, 2.28, 2.16, 0.70, 1.71, 8543.715531686044
No.912: 1.15, 6.25, 2.67, 4.94, 2.65, 1.12, 2.28, 2.16, 0.70, 1.71, 8543.715531686044
No.913: 1.15, 6.25, 2.67, 4.94, 2.65, 1.12, 2.28, 2.16, 0.70, 1.71, 8543.715531686044
No.914: 1.15, 6.25, 2.67, 4.94, 2.65, 1.12, 2.28, 2.16, 0.70, 1.71, 8543.715531686044
No.915: 1.15, 6.25, 2.67, 4.94, 2.65, 1.12, 2.28, 2.16, 0.70, 1.71, 8543.715531686044
No.916: 1.15, 6.25, 2.67, 4.94, 2.65, 1.12, 2.28, 2.16, 0.70, 1.71, 8543.715531686044
No.917: 1.15, 6.25, 2.67, 4.94, 2.65, 1.12, 2.28, 2.16, 0.70, 1.71, 8543.715531686044
No.918: 1.15, 6.25, 2.67, 4.94, 2.65, 1.12, 2.28, 2.16, 0.70, 1.71, 8543.715531686044
No.919: 1.15, 6.25, 2.67, 4.94, 2.65, 1.12, 2.28, 2.16, 0.70, 1.71, 8543.715531686044
No.920: 1.15, 6.25, 2.67, 4.94, 2.65, 1.12, 2.28, 2.16, 0.70, 1.71, 8543.715531686044
No.921: 1.15, 6.25, 2.67, 4.94, 2.65, 1.12, 2.28, 2.16, 0.70, 1.71, 8543.715531686044
No.922: 1.15, 6.25, 2.67, 4.94, 2.65, 1.12, 2.28, 2.16, 0.70, 1.71, 8543.715531686044
No.923: 1.15, 6.25, 2.67, 4.94, 2.65, 1.12, 2.28, 2.16, 0.70, 1.71, 8543.715531686044
No.924: 1.15, 6.25, 2.67, 4.94, 2.65, 1.12, 2.28, 2.16, 0.70, 1.71, 8543.715531686044
No.925: 1.15, 6.25, 2.67, 4.94, 2.65, 1.12, 2.28, 2.16, 0.70, 1.71, 8543.715531686044
No.926: 1.15, 6.25, 2.67, 4.94, 2.65, 1.12, 2.28, 2.16, 0.70, 1.71, 8543.715531686044
No.927: 1.15, 6.25, 2.67, 4.94, 2.65, 1.12, 2.28, 2.16, 0.70, 1.71, 8543.715531686044
No.928: 1.15, 6.25, 2.67, 4.94, 2.65, 1.12, 2.28, 2.16, 0.70, 1.71, 8543.715531686044
No.929: 1.15, 6.25, 2.67, 4.94, 2.65, 1.12, 2.28, 2.16, 0.70, 1.71, 8543.715531686044
No.930: 1.15, 6.25, 2.67, 4.94, 2.65, 1.12, 2.28, 2.16, 0.70, 1.71, 8543.715531686044
No.931: 1.15, 6.25, 2.67, 4.94, 2.65, 1.12, 2.28, 2.16, 0.70, 1.71, 8543.715531686044
No.932: 1.15, 6.25, 2.67, 4.94, 2.65, 1.12, 2.28, 2.16, 0.70, 1.71, 8543.715531686044
No.933: 1.15, 6.25, 2.67, 4.94, 2.65, 1.12, 2.28, 2.16, 0.70, 1.71, 8543.715531686044
No.934: 1.15, 6.25, 2.67, 4.94, 2.65, 1.12, 2.28, 2.16, 0.70, 1.71, 8543.715531686044
No.935: 1.15, 6.25, 2.67, 4.94, 2.65, 1.12, 2.28, 2.16, 0.70, 1.71, 8543.715531686044
No.936: 1.15, 6.25, 2.67, 4.94, 2.65, 1.12, 2.28, 2.16, 0.70, 1.71, 8543.715531686044
No.937: 1.15, 6.25, 2.67, 4.94, 2.65, 1.12, 2.28, 2.16, 0.70, 1.71, 8543.715531686044
No.938: 1.15, 6.25, 2.67, 4.94, 2.65, 1.12, 2.28, 2.16, 0.70, 1.71, 8543.715531686044
No.939: 1.15, 6.25, 2.67, 4.94, 2.65, 1.12, 2.28, 2.16, 0.70, 1.71, 8543.715531686044
No.940: 1.15, 6.25, 2.67, 4.94, 2.65, 1.12, 2.28, 2.16, 0.70, 1.71, 8543.715531686044
No.941: 1.15, 6.25, 2.67, 4.94, 2.65, 1.12, 2.28, 2.16, 0.70, 1.71, 8543.715531686044
No.942: 1.15, 6.25, 2.67, 4.94, 2.65, 1.12, 2.28, 2.16, 0.70, 1.71, 8543.715531686044
No.943: 1.15, 6.25, 2.67, 4.94, 2.65, 1.12, 2.28, 2.16, 0.70, 1.71, 8543.715531686044
No.944: 1.15, 6.25, 2.67, 4.94, 2.65, 1.12, 2.28, 2.16, 0.70, 1.71, 8543.715531686044
No.945: 1.15, 6.25, 2.67, 4.94, 2.65, 1.12, 2.28, 2.16, 0.70, 1.71, 8543.715531686044
No.946: 1.15, 6.25, 2.67, 4.94, 2.65, 1.12, 2.28, 2.16, 0.70, 1.71, 8543.715531686044
No.947: 1.15, 6.25, 2.67, 4.94, 2.65, 1.12, 2.28, 2.16, 0.70, 1.71, 8543.715531686044
No.948: 1.15, 6.25, 2.67, 4.94, 2.65, 1.12, 2.28, 2.16, 0.70, 1.71, 8543.715531686044
