#| No.|Asub | b0  | b1  | b2  | b3  | t1  | t2  | t3  |Cmin |Cmax | evalulate_value (min value is recommendation) |
#|iter| x0  | x1  | x2  | x3  | x4  | x5  | x6  | x7  | x8  | x9  | evalulate_value (min value is reccomendation) |
No.1: 1.14, 6.17, 2.71, 4.80, 2.60, 1.10, 2.30, 2.21, 0.69, 1.70, 27046886658.95989
No.2: 1.20, 6.17, 2.71, 4.80, 2.60, 1.10, 2.30, 2.21, 0.69, 1.70, 19540927354.33823
No.3: 1.14, 6.48, 2.71, 4.80, 2.60, 1.10, 2.30, 2.21, 0.69, 1.70, 15298527033.157822
No.4: 1.14, 6.17, 2.84, 4.80, 2.60, 1.10, 2.30, 2.21, 0.69, 1.70, 28265567161.25512
No.5: 1.14, 6.17, 2.71, 5.04, 2.60, 1.10, 2.30, 2.21, 0.69, 1.70, 29981745345.74539
No.6: 1.14, 6.17, 2.71, 4.80, 2.74, 1.10, 2.30, 2.21, 0.69, 1.70, 27913630308.027203
No.7: 1.14, 6.17, 2.71, 4.80, 2.60, 1.16, 2.30, 2.21, 0.69, 1.70, 27430874540.267723
No.8: 1.14, 6.17, 2.71, 4.80, 2.60, 1.10, 2.42, 2.21, 0.69, 1.70, 28534826083.197357
No.9: 1.14, 6.17, 2.71, 4.80, 2.60, 1.10, 2.30, 2.32, 0.69, 1.70, 28161419517.927624
No.10: 1.14, 6.17, 2.71, 4.80, 2.60, 1.10, 2.30, 2.21, 0.72, 1.70, 29389658576.336987
No.11: 1.14, 6.17, 2.71, 4.80, 2.60, 1.10, 2.30, 2.21, 0.69, 1.79, 29842210060.084194
No.12: 1.16, 6.24, 2.73, 4.56, 2.63, 1.12, 2.33, 2.23, 0.69, 1.72, 20801341812.073708
No.13: 1.16, 6.25, 2.74, 4.76, 2.64, 1.12, 2.33, 2.23, 0.69, 1.62, 19310773583.816944
No.14: 1.16, 6.26, 2.74, 4.75, 2.64, 1.12, 2.34, 2.24, 0.65, 1.69, 18740313848.821198
No.15: 1.16, 6.28, 2.75, 4.74, 2.65, 1.12, 2.21, 2.24, 0.68, 1.69, 18597499441.5383
No.16: 1.17, 6.30, 2.60, 4.72, 2.66, 1.13, 2.30, 2.25, 0.68, 1.69, 16510429321.654505
No.17: 1.17, 6.33, 2.71, 4.71, 2.67, 1.13, 2.30, 2.13, 0.68, 1.68, 15002905034.070429
No.18: 1.18, 6.34, 2.71, 4.70, 2.68, 1.14, 2.30, 2.11, 0.68, 1.68, 13485629439.33516
No.19: 1.18, 6.36, 2.71, 4.68, 2.53, 1.14, 2.30, 2.22, 0.68, 1.68, 12863461203.0203
No.20: 1.18, 6.38, 2.72, 4.67, 2.51, 1.14, 2.30, 2.22, 0.68, 1.68, 12158463195.305166
No.21: 1.19, 6.40, 2.72, 4.66, 2.64, 1.08, 2.30, 2.22, 0.68, 1.67, 10553740937.745749
No.22: 1.19, 6.43, 2.72, 4.64, 2.64, 1.07, 2.30, 2.22, 0.68, 1.67, 9542345684.651556
No.23: 1.20, 6.45, 2.72, 4.62, 2.65, 1.13, 2.30, 2.23, 0.68, 1.66, 8128482533.190229
No.24: 1.20, 6.48, 2.72, 4.61, 2.65, 1.13, 2.30, 2.23, 0.68, 1.66, 7323676983.920871
No.25: 1.19, 6.44, 2.69, 4.87, 2.62, 1.12, 2.27, 2.20, 0.67, 1.64, 9228731034.648397
No.26: 1.15, 6.56, 2.71, 4.65, 2.65, 1.13, 2.29, 2.22, 0.67, 1.64, 8722726606.785381
No.27: 1.19, 6.54, 2.68, 4.67, 2.63, 1.12, 2.25, 2.20, 0.66, 1.72, 6619904757.79755
No.28: 1.19, 6.57, 2.67, 4.66, 2.62, 1.12, 2.24, 2.19, 0.65, 1.73, 5539562166.307239
No.29: 1.19, 6.59, 2.66, 4.66, 2.62, 1.12, 2.22, 2.18, 0.70, 1.66, 5541199649.818782
No.30: 1.19, 6.63, 2.63, 4.66, 2.60, 1.12, 2.36, 2.16, 0.67, 1.66, 4138864022.3686023
No.31: 1.20, 6.67, 2.62, 4.65, 2.60, 1.12, 2.37, 2.16, 0.67, 1.66, 2850958250.210218
No.32: 1.19, 6.69, 2.78, 4.66, 2.58, 1.11, 2.28, 2.14, 0.67, 1.66, 3108735111.398862
No.33: 1.23, 6.55, 2.69, 4.55, 2.63, 1.14, 2.27, 2.17, 0.66, 1.63, 2136193899.7551079
No.34: 1.24, 6.55, 2.69, 4.53, 2.63, 1.14, 2.27, 2.17, 0.66, 1.62, 1542753516.4657505
No.35: 1.21, 6.73, 2.68, 4.63, 2.55, 1.11, 2.27, 2.28, 0.66, 1.64, 1185841507.9662204
No.36: 1.21, 6.77, 2.68, 4.62, 2.54, 1.11, 2.26, 2.30, 0.66, 1.64, 794659135.6752241
No.37: 1.21, 6.77, 2.67, 4.64, 2.72, 1.09, 2.26, 2.18, 0.66, 1.64, 776108743.652721
No.38: 1.21, 6.81, 2.67, 4.64, 2.74, 1.09, 2.25, 2.18, 0.66, 1.63, 420647792.9906689
No.39: 1.20, 6.80, 2.66, 4.67, 2.61, 1.17, 2.25, 2.17, 0.66, 1.64, 784211730.7288568
No.40: 1.20, 6.85, 2.68, 4.40, 2.62, 1.13, 2.28, 2.18, 0.67, 1.67, 389519401.6139517
No.41: 1.20, 6.90, 2.68, 4.35, 2.62, 1.13, 2.28, 2.18, 0.67, 1.68, 143098472.20516387
No.42: 1.26, 6.81, 2.65, 4.56, 2.59, 1.11, 2.26, 2.15, 0.66, 1.68, 23079777.602152113
No.43: 1.27, 6.83, 2.65, 4.56, 2.58, 1.11, 2.26, 2.15, 0.66, 1.68, 174970665.15613747
No.44: 1.22, 6.95, 2.63, 4.59, 2.58, 1.11, 2.24, 2.14, 0.66, 1.66, 83697712.4338726
No.45: 1.23, 6.91, 2.69, 4.52, 2.61, 1.12, 2.32, 2.17, 0.63, 1.65, 174932737.32072133
No.46: 1.24, 7.00, 2.68, 4.50, 2.59, 1.12, 2.31, 2.16, 0.67, 1.57, 1326790205.346241
No.47: 1.25, 6.94, 2.55, 4.46, 2.64, 1.13, 2.28, 2.22, 0.65, 1.63, 987391354.0752718
No.48: 1.26, 7.02, 2.70, 4.43, 2.63, 1.13, 2.17, 2.21, 0.64, 1.62, 3008725814.779551
No.49: 1.21, 6.72, 2.63, 4.62, 2.60, 1.12, 2.34, 2.17, 0.67, 1.65, 1465906073.4804482
No.50: 1.21, 7.17, 2.61, 4.58, 2.59, 1.10, 2.29, 2.20, 0.66, 1.66, 1270910230.9113083
No.51: 1.24, 7.09, 2.67, 4.48, 2.62, 1.12, 2.21, 2.21, 0.65, 1.64, 2290557053.416221
No.52: 1.21, 6.78, 2.64, 4.60, 2.60, 1.12, 2.32, 2.17, 0.66, 1.65, 660157194.1120787
No.53: 1.20, 6.77, 2.61, 4.62, 2.63, 1.12, 2.24, 2.22, 0.65, 1.73, 1493098578.1227837
No.54: 1.24, 6.96, 2.67, 4.52, 2.60, 1.12, 2.30, 2.17, 0.66, 1.59, 847073504.67638
No.55: 1.24, 6.56, 2.69, 4.52, 2.63, 1.14, 2.26, 2.17, 0.66, 1.62, 1378002526.170331
No.56: 1.22, 7.07, 2.62, 4.57, 2.60, 1.11, 2.29, 2.19, 0.66, 1.66, 637677515.141794
No.57: 1.19, 6.81, 2.77, 4.66, 2.58, 1.11, 2.27, 2.15, 0.67, 1.67, 1522457795.907485
No.58: 1.24, 6.92, 2.58, 4.49, 2.63, 1.13, 2.28, 2.21, 0.65, 1.63, 465101045.7223855
No.59: 1.21, 6.78, 2.63, 4.61, 2.62, 1.12, 2.25, 2.21, 0.65, 1.71, 894908128.6340134
No.60: 1.23, 6.93, 2.67, 4.53, 2.60, 1.12, 2.29, 2.17, 0.66, 1.61, 253977108.52232015
No.61: 1.23, 7.01, 2.62, 4.49, 2.70, 1.14, 2.29, 2.05, 0.65, 1.66, 798458278.6435233
No.62: 1.22, 6.80, 2.67, 4.60, 2.56, 1.11, 2.27, 2.26, 0.66, 1.64, 292745653.31934184
No.63: 1.25, 6.98, 2.64, 4.42, 2.62, 1.06, 2.31, 2.20, 0.66, 1.66, 961336503.297511
No.64: 1.21, 6.83, 2.66, 4.63, 2.61, 1.15, 2.26, 2.17, 0.66, 1.64, 288923841.7672116
No.65: 1.24, 7.01, 2.67, 4.50, 2.63, 1.12, 2.22, 2.20, 0.65, 1.65, 1072667030.8102188
No.66: 1.22, 6.81, 2.64, 4.58, 2.61, 1.12, 2.31, 2.18, 0.66, 1.65, 240700216.02094132
No.67: 1.23, 6.66, 2.68, 4.53, 2.63, 1.13, 2.26, 2.17, 0.66, 1.64, 885599668.7441798
No.68: 1.22, 7.01, 2.63, 4.57, 2.60, 1.11, 2.28, 2.19, 0.66, 1.65, 295765266.8558497
No.69: 1.20, 6.83, 2.74, 4.62, 2.59, 1.11, 2.27, 2.15, 0.66, 1.67, 703843408.9961993
No.70: 1.24, 6.91, 2.60, 4.51, 2.63, 1.12, 2.28, 2.20, 0.65, 1.64, 319976215.7221548
No.71: 1.24, 6.96, 2.64, 4.45, 2.46, 1.15, 2.30, 2.18, 0.65, 1.67, 619386159.9937135
No.72: 1.21, 6.83, 2.66, 4.61, 2.70, 1.10, 2.26, 2.18, 0.66, 1.64, 302092282.8362471
No.73: 1.21, 6.85, 2.71, 4.60, 2.59, 1.11, 2.27, 2.16, 0.66, 1.66, 253505384.27370209
No.74: 1.23, 6.93, 2.66, 4.50, 2.49, 1.14, 2.29, 2.18, 0.66, 1.67, 102919281.25754355
No.75: 1.23, 6.73, 2.70, 4.53, 2.57, 1.14, 2.27, 2.16, 0.66, 1.65, 410323421.26082414
No.76: 1.22, 6.97, 2.64, 4.56, 2.60, 1.11, 2.28, 2.19, 0.66, 1.65, 120780606.83661243
No.77: 1.23, 6.97, 2.66, 4.49, 2.62, 1.14, 2.29, 2.08, 0.65, 1.67, 400848393.55325776
No.78: 1.22, 6.83, 2.67, 4.58, 2.57, 1.11, 2.27, 2.23, 0.66, 1.64, 124748289.95082366
No.79: 1.24, 6.95, 2.67, 4.45, 2.56, 1.09, 2.30, 2.18, 0.66, 1.67, 370552873.2981619
No.80: 1.21, 6.84, 2.66, 4.60, 2.60, 1.14, 2.27, 2.17, 0.66, 1.65, 250372015.3049413
No.81: 1.21, 6.82, 2.66, 4.56, 2.57, 1.13, 2.26, 2.18, 0.65, 1.71, 476597057.4688176
No.82: 1.23, 6.92, 2.66, 4.53, 2.60, 1.12, 2.29, 2.17, 0.66, 1.63, 138771620.8976933
No.83: 1.24, 6.93, 2.61, 4.48, 2.58, 1.13, 2.29, 2.19, 0.65, 1.65, 441970575.17182314
No.84: 1.21, 6.86, 2.70, 4.58, 2.59, 1.12, 2.27, 2.17, 0.66, 1.66, 195836716.75149202
No.85: 1.23, 6.93, 2.67, 4.47, 2.57, 1.10, 2.30, 2.18, 0.66, 1.67, 96189241.8048647
No.86: 1.24, 6.99, 2.69, 4.47, 2.56, 1.12, 2.25, 2.18, 0.65, 1.67, 788883285.8386989
No.87: 1.22, 6.84, 2.65, 4.57, 2.60, 1.12, 2.30, 2.18, 0.66, 1.65, 107461492.64809415
No.88: 1.24, 6.94, 2.63, 4.47, 2.58, 1.12, 2.29, 2.19, 0.65, 1.65, 508534937.9663173
No.89: 1.22, 6.87, 2.69, 4.56, 2.59, 1.12, 2.28, 2.17, 0.66, 1.66, 45138850.81559022
No.90: 1.22, 6.88, 2.63, 4.53, 2.56, 1.12, 2.24, 2.18, 0.69, 1.66, 77484941.06724463
No.91: 1.25, 6.89, 2.63, 4.74, 2.52, 1.10, 2.27, 2.17, 0.66, 1.64, 160434906.83019105
No.92: 1.21, 6.89, 2.67, 4.41, 2.61, 1.13, 2.28, 2.18, 0.67, 1.67, 69881959.3968354
No.93: 1.22, 6.86, 2.65, 4.53, 2.55, 1.11, 2.26, 2.18, 0.67, 1.70, 154459199.09851563
No.94: 1.23, 6.91, 2.66, 4.53, 2.59, 1.12, 2.28, 2.17, 0.66, 1.64, 87516022.4202328
No.95: 1.23, 6.97, 2.64, 4.48, 2.59, 1.12, 2.28, 2.11, 0.67, 1.67, 257824015.0734755
No.96: 1.22, 6.85, 2.66, 4.57, 2.57, 1.12, 2.27, 2.21, 0.66, 1.65, 71410185.80993012
No.97: 1.23, 6.80, 2.67, 4.50, 2.55, 1.12, 2.26, 2.16, 0.67, 1.66, 113309719.02917202
No.98: 1.23, 6.83, 2.67, 4.51, 2.56, 1.12, 2.27, 2.17, 0.67, 1.66, 52102162.289205365
No.99: 1.23, 6.93, 2.67, 4.48, 2.54, 1.12, 2.24, 2.17, 0.67, 1.67, 88112095.58176649
No.100: 1.22, 6.84, 2.66, 4.55, 2.66, 1.09, 2.24, 2.17, 0.67, 1.66, 144706446.68299305
No.101: 1.23, 6.92, 2.66, 4.51, 2.52, 1.13, 2.28, 2.17, 0.66, 1.66, 97950908.36207102
No.102: 1.23, 6.85, 2.66, 4.54, 2.63, 1.10, 2.25, 2.17, 0.67, 1.66, 25476632.527672373
No.103: 1.22, 6.82, 2.65, 4.59, 2.59, 1.13, 2.22, 2.17, 0.68, 1.65, 260718868.77597305
No.104: 1.23, 6.91, 2.67, 4.49, 2.57, 1.10, 2.29, 2.17, 0.66, 1.66, 64646028.981253944
No.105: 1.22, 6.82, 2.65, 4.58, 2.63, 1.11, 2.29, 2.17, 0.66, 1.65, 180586859.2124022
No.106: 1.23, 6.91, 2.67, 4.50, 2.55, 1.12, 2.25, 2.17, 0.67, 1.67, 26737214.208885808
No.107: 1.22, 6.84, 2.66, 4.52, 2.57, 1.11, 2.24, 2.17, 0.67, 1.69, 184782197.54611626
No.108: 1.23, 6.90, 2.66, 4.53, 2.59, 1.12, 2.28, 2.17, 0.66, 1.64, 60922622.89964041
No.109: 1.24, 6.79, 2.69, 4.45, 2.58, 1.11, 2.29, 2.21, 0.68, 1.66, 137175088.61033276
No.110: 1.22, 6.92, 2.64, 4.57, 2.58, 1.11, 2.25, 2.15, 0.66, 1.66, 18145270.58820102
No.111: 1.24, 6.87, 2.70, 4.51, 2.61, 1.11, 2.29, 2.16, 0.64, 1.66, 101576848.53409462
No.112: 1.22, 6.88, 2.64, 4.53, 2.56, 1.11, 2.25, 2.18, 0.68, 1.66, 43212541.73013801
No.113: 1.23, 6.91, 2.66, 4.47, 2.59, 1.11, 2.25, 2.12, 0.67, 1.67, 54386569.66579823
No.114: 1.25, 6.86, 2.65, 4.65, 2.55, 1.10, 2.25, 2.14, 0.67, 1.65, 56065260.699897274
No.115: 1.23, 6.83, 2.65, 4.60, 2.59, 1.12, 2.23, 2.14, 0.68, 1.66, 107828192.49355951
No.116: 1.23, 6.90, 2.66, 4.50, 2.57, 1.11, 2.28, 2.17, 0.66, 1.66, 43611258.87007219
No.117: 1.24, 6.85, 2.66, 4.55, 2.57, 1.11, 2.24, 2.15, 0.67, 1.68, 1573440.3260475036
No.118: 1.24, 6.85, 2.65, 4.55, 2.57, 1.10, 2.23, 2.14, 0.67, 1.69, 1810158.8787260868
No.119: 1.21, 6.88, 2.67, 4.41, 2.61, 1.12, 2.27, 2.17, 0.67, 1.68, 105775371.66745766
No.120: 1.24, 6.87, 2.65, 4.61, 2.56, 1.10, 2.25, 2.15, 0.67, 1.66, 11526036.691289384
No.121: 1.23, 6.83, 2.66, 4.61, 2.56, 1.11, 2.26, 2.20, 0.66, 1.65, 43387005.497633524
No.122: 1.23, 6.91, 2.65, 4.60, 2.60, 1.10, 2.24, 2.17, 0.67, 1.66, 13906964.990814853
No.123: 1.25, 6.88, 2.62, 4.55, 2.57, 1.10, 2.22, 2.16, 0.68, 1.67, 87539658.23103234
No.124: 1.22, 6.87, 2.68, 4.56, 2.58, 1.11, 2.27, 2.17, 0.66, 1.66, 32782365.60873809
No.125: 1.23, 6.84, 2.65, 4.62, 2.58, 1.11, 2.22, 2.16, 0.67, 1.66, 45422199.04469145
No.126: 1.23, 6.89, 2.66, 4.52, 2.58, 1.11, 2.27, 2.17, 0.66, 1.66, 21236501.41334068
No.127: 1.24, 6.92, 2.65, 4.50, 2.60, 1.11, 2.25, 2.12, 0.67, 1.68, 144756767.03059244
No.128: 1.23, 6.84, 2.66, 4.60, 2.57, 1.11, 2.25, 2.19, 0.66, 1.66, 31337923.948908962
No.129: 1.25, 6.87, 2.67, 4.59, 2.60, 1.10, 2.25, 2.15, 0.65, 1.67, 139465898.12188786
No.130: 1.22, 6.88, 2.64, 4.54, 2.57, 1.11, 2.25, 2.17, 0.68, 1.66, 45705943.599205725
No.131: 1.24, 6.86, 2.65, 4.60, 2.56, 1.10, 2.25, 2.15, 0.67, 1.66, 5001099.849928657
No.132: 1.23, 6.91, 2.65, 4.59, 2.59, 1.10, 2.24, 2.16, 0.67, 1.67, 10569317.45923255
No.133: 1.22, 6.92, 2.64, 4.57, 2.58, 1.11, 2.25, 2.15, 0.66, 1.66, 18145270.58820102
No.134: 1.23, 6.89, 2.66, 4.52, 2.58, 1.11, 2.27, 2.17, 0.66, 1.67, 11061402.26582041
No.135: 1.26, 6.81, 2.65, 4.56, 2.59, 1.11, 2.26, 2.15, 0.67, 1.68, 4887977.203442952
No.136: 1.23, 6.85, 2.66, 4.54, 2.63, 1.10, 2.24, 2.17, 0.67, 1.66, 22144354.582661223
No.137: 1.23, 6.91, 2.67, 4.50, 2.56, 1.12, 2.25, 2.17, 0.67, 1.67, 24919541.305364158
No.138: 1.23, 6.85, 2.66, 4.59, 2.57, 1.11, 2.25, 2.18, 0.67, 1.66, 36331772.991048664
No.139: 1.22, 6.87, 2.67, 4.56, 2.58, 1.11, 2.27, 2.17, 0.66, 1.66, 29730876.500885334
No.140: 1.22, 6.87, 2.64, 4.53, 2.56, 1.11, 2.25, 2.17, 0.68, 1.66, 60662732.7242853
No.141: 1.25, 6.87, 2.67, 4.59, 2.60, 1.10, 2.25, 2.15, 0.65, 1.67, 139465898.12188786
No.142: 1.22, 6.87, 2.65, 4.54, 2.57, 1.11, 2.25, 2.17, 0.68, 1.66, 73187488.16485591
No.143: 1.26, 6.82, 2.65, 4.56, 2.58, 1.11, 2.25, 2.15, 0.67, 1.68, 17892297.21265473
No.144: 1.24, 6.86, 2.65, 4.60, 2.56, 1.10, 2.25, 2.15, 0.67, 1.66, 5001099.849928657
No.145: 1.23, 6.90, 2.65, 4.59, 2.59, 1.10, 2.24, 2.16, 0.67, 1.67, 3311842.2227109266
No.146: 1.23, 6.88, 2.66, 4.53, 2.57, 1.11, 2.26, 2.16, 0.67, 1.67, 1080593.6519559864
No.147: 1.22, 6.91, 2.64, 4.57, 2.58, 1.11, 2.24, 2.15, 0.66, 1.66, 9619374.916347135
No.148: 1.23, 6.85, 2.66, 4.54, 2.62, 1.10, 2.24, 2.16, 0.67, 1.66, 17757828.68102748
No.149: 1.23, 6.90, 2.67, 4.51, 2.56, 1.11, 2.25, 2.17, 0.67, 1.67, 11333694.16423341
No.150: 1.23, 6.87, 2.67, 4.56, 2.58, 1.11, 2.26, 2.16, 0.66, 1.66, 1138422.894068463
No.151: 1.23, 6.85, 2.66, 4.59, 2.57, 1.11, 2.25, 2.18, 0.67, 1.66, 36331772.991048664
No.152: 1.22, 6.87, 2.64, 4.53, 2.56, 1.11, 2.25, 2.17, 0.68, 1.66, 60662732.7242853
No.153: 1.25, 6.87, 2.67, 4.58, 2.59, 1.10, 2.25, 2.15, 0.65, 1.67, 151771947.2763227
No.154: 1.23, 6.87, 2.65, 4.54, 2.57, 1.11, 2.25, 2.17, 0.68, 1.67, 22419084.72061221
No.155: 1.24, 6.90, 2.65, 4.52, 2.59, 1.11, 2.25, 2.14, 0.67, 1.67, 83487464.30641413
No.156: 1.23, 6.85, 2.66, 4.58, 2.57, 1.11, 2.25, 2.17, 0.67, 1.66, 29185687.715696163
No.157: 1.24, 6.89, 2.65, 4.53, 2.59, 1.11, 2.25, 2.14, 0.67, 1.67, 52824619.41354051
No.158: 1.23, 6.86, 2.66, 4.57, 2.57, 1.11, 2.25, 2.17, 0.67, 1.67, 23609407.52545459
No.159: 1.24, 6.88, 2.65, 4.54, 2.59, 1.11, 2.25, 2.15, 0.67, 1.67, 26005865.4347617
No.160: 1.23, 6.86, 2.66, 4.57, 2.57, 1.11, 2.25, 2.17, 0.67, 1.67, 23609407.52545459
No.161: 1.23, 6.87, 2.67, 4.56, 2.58, 1.11, 2.26, 2.16, 0.66, 1.67, 1518267.7270184655
No.162: 1.24, 6.85, 2.66, 4.55, 2.57, 1.11, 2.24, 2.15, 0.67, 1.68, 1573440.3260475036
No.163: 1.23, 6.90, 2.65, 4.58, 2.59, 1.10, 2.24, 2.16, 0.67, 1.67, 4412826.824379392
No.164: 1.24, 6.87, 2.65, 4.59, 2.56, 1.10, 2.25, 2.15, 0.67, 1.66, 16219913.515333995
No.165: 1.23, 6.91, 2.65, 4.56, 2.58, 1.11, 2.25, 2.15, 0.66, 1.66, 63995710.54112696
No.166: 1.23, 6.90, 2.67, 4.51, 2.56, 1.11, 2.25, 2.17, 0.67, 1.67, 11333694.16423341
No.167: 1.23, 6.86, 2.66, 4.54, 2.62, 1.10, 2.25, 2.16, 0.67, 1.66, 9367924.910018247
No.168: 1.25, 6.82, 2.65, 4.56, 2.58, 1.11, 2.25, 2.15, 0.67, 1.68, 1791308.2823867889
No.169: 1.23, 6.87, 2.65, 4.54, 2.57, 1.11, 2.25, 2.17, 0.68, 1.67, 22419084.72061221
No.170: 1.23, 6.86, 2.66, 4.57, 2.57, 1.11, 2.25, 2.17, 0.67, 1.67, 23609407.52545459
No.171: 1.24, 6.83, 2.67, 4.54, 2.58, 1.10, 2.25, 2.17, 0.67, 1.67, 13581017.72074467
No.172: 1.24, 6.87, 2.66, 4.53, 2.58, 1.11, 2.25, 2.15, 0.67, 1.67, 14392561.758251572
No.173: 1.25, 6.86, 2.67, 4.56, 2.59, 1.10, 2.25, 2.15, 0.66, 1.67, 77204612.87345645
No.174: 1.23, 6.87, 2.65, 4.54, 2.57, 1.11, 2.25, 2.17, 0.67, 1.67, 4840313.150855778
No.175: 1.23, 6.87, 2.67, 4.49, 2.60, 1.11, 2.25, 2.17, 0.67, 1.68, 8800609.215633541
No.176: 1.23, 6.86, 2.66, 4.55, 2.58, 1.11, 2.25, 2.17, 0.67, 1.67, 19473910.96926219
No.177: 1.24, 6.87, 2.66, 4.53, 2.58, 1.11, 2.25, 2.16, 0.67, 1.67, 12184459.548539126
No.178: 1.22, 6.91, 2.65, 4.54, 2.59, 1.11, 2.25, 2.15, 0.66, 1.67, 4120777.3609280186
No.179: 1.23, 6.88, 2.66, 4.54, 2.58, 1.11, 2.25, 2.17, 0.67, 1.67, 1706847.2642660977
No.180: 1.23, 6.84, 2.65, 4.58, 2.61, 1.10, 2.25, 2.16, 0.67, 1.67, 66858308.71886688
No.181: 1.23, 6.89, 2.66, 4.52, 2.57, 1.11, 2.25, 2.16, 0.67, 1.67, 4033804.3022691915
No.182: 1.24, 6.89, 2.66, 4.54, 2.55, 1.12, 2.26, 2.16, 0.66, 1.68, 57018884.622654855
No.183: 1.23, 6.86, 2.66, 4.54, 2.60, 1.10, 2.25, 2.16, 0.67, 1.67, 15726318.828225225
No.184: 1.23, 6.87, 2.67, 4.55, 2.58, 1.11, 2.26, 2.16, 0.66, 1.67, 1107068.0437692048
No.185: 1.24, 6.86, 2.66, 4.54, 2.57, 1.11, 2.24, 2.15, 0.67, 1.68, 1936767.1353987597
No.186: 1.23, 6.88, 2.66, 4.54, 2.58, 1.11, 2.25, 2.17, 0.67, 1.67, 1706847.2642660977
No.187: 1.25, 6.83, 2.65, 4.55, 2.58, 1.11, 2.26, 2.15, 0.67, 1.68, 1170347.3410162288
No.188: 1.23, 6.89, 2.66, 4.52, 2.57, 1.11, 2.25, 2.16, 0.67, 1.67, 4033804.3022691915
No.189: 1.23, 6.91, 2.65, 4.54, 2.59, 1.11, 2.25, 2.15, 0.66, 1.67, 50912508.75213076
No.190: 1.23, 6.90, 2.65, 4.58, 2.59, 1.10, 2.24, 2.16, 0.67, 1.67, 4412826.824379392
No.191: 1.23, 6.87, 2.65, 4.54, 2.57, 1.11, 2.25, 2.17, 0.67, 1.67, 4840313.150855778
No.192: 1.23, 6.87, 2.67, 4.50, 2.59, 1.11, 2.25, 2.17, 0.67, 1.68, 9527937.444188476
No.193: 1.23, 6.86, 2.66, 4.54, 2.61, 1.10, 2.25, 2.16, 0.67, 1.66, 8320197.894829881
No.194: 1.24, 6.84, 2.67, 4.54, 2.58, 1.10, 2.26, 2.17, 0.67, 1.67, 6473719.363182406
No.195: 1.24, 6.87, 2.65, 4.59, 2.57, 1.10, 2.25, 2.15, 0.67, 1.66, 14821932.014823861
No.196: 1.23, 6.87, 2.66, 4.51, 2.59, 1.11, 2.25, 2.17, 0.67, 1.67, 3738546.849796689
No.197: 1.24, 6.88, 2.66, 4.54, 2.55, 1.12, 2.26, 2.16, 0.67, 1.68, 11780069.772630248
No.198: 1.23, 6.86, 2.66, 4.54, 2.60, 1.10, 2.25, 2.16, 0.67, 1.67, 15726318.828225225
No.199: 1.23, 6.87, 2.67, 4.55, 2.58, 1.11, 2.26, 2.16, 0.66, 1.67, 1107068.0437692048
No.200: 1.25, 6.83, 2.65, 4.55, 2.58, 1.11, 2.26, 2.16, 0.67, 1.67, 3311105.583522102
No.201: 1.23, 6.88, 2.66, 4.54, 2.58, 1.11, 2.25, 2.17, 0.67, 1.67, 1706847.2642660977
No.202: 1.24, 6.86, 2.66, 4.54, 2.57, 1.11, 2.24, 2.15, 0.67, 1.68, 1936767.1353987597
No.203: 1.23, 6.87, 2.66, 4.51, 2.59, 1.11, 2.25, 2.17, 0.67, 1.67, 3738546.849796689
No.204: 1.23, 6.89, 2.66, 4.52, 2.57, 1.11, 2.25, 2.16, 0.67, 1.67, 4033804.3022691915
No.205: 1.23, 6.90, 2.65, 4.57, 2.59, 1.10, 2.25, 2.16, 0.67, 1.67, 4293005.569611228
No.206: 1.23, 6.87, 2.65, 4.54, 2.57, 1.11, 2.25, 2.17, 0.67, 1.67, 4840313.150855778
No.207: 1.24, 6.84, 2.67, 4.54, 2.58, 1.10, 2.26, 2.17, 0.67, 1.67, 6473719.363182406
No.208: 1.23, 6.86, 2.66, 4.54, 2.61, 1.10, 2.25, 2.16, 0.67, 1.66, 8320197.894829881
No.209: 1.24, 6.88, 2.66, 4.54, 2.55, 1.11, 2.26, 2.16, 0.67, 1.68, 13116552.525228567
No.210: 1.23, 6.86, 2.66, 4.54, 2.60, 1.10, 2.25, 2.16, 0.67, 1.67, 15726318.828225225
No.211: 1.23, 6.87, 2.67, 4.55, 2.58, 1.11, 2.26, 2.16, 0.66, 1.67, 1107068.0437692048
No.212: 1.23, 6.88, 2.66, 4.54, 2.58, 1.11, 2.25, 2.17, 0.67, 1.67, 1706847.2642660977
No.213: 1.24, 6.86, 2.66, 4.54, 2.57, 1.11, 2.24, 2.15, 0.67, 1.68, 1936767.1353987597
No.214: 1.25, 6.84, 2.66, 4.55, 2.58, 1.11, 2.26, 2.16, 0.67, 1.67, 8954126.5643676
No.215: 1.23, 6.87, 2.66, 4.51, 2.59, 1.11, 2.26, 2.17, 0.67, 1.67, 5019473.994488143
No.216: 1.23, 6.89, 2.66, 4.52, 2.57, 1.11, 2.25, 2.16, 0.67, 1.67, 4033804.3022691915
No.217: 1.23, 6.90, 2.65, 4.57, 2.59, 1.10, 2.25, 2.16, 0.67, 1.67, 4293005.569611228
No.218: 1.23, 6.87, 2.65, 4.54, 2.57, 1.11, 2.25, 2.17, 0.67, 1.67, 4840313.150855778
No.219: 1.24, 6.84, 2.67, 4.54, 2.58, 1.10, 2.26, 2.17, 0.67, 1.67, 6473719.363182406
No.220: 1.23, 6.86, 2.66, 4.54, 2.60, 1.10, 2.25, 2.16, 0.67, 1.66, 7345071.634088979
No.221: 1.22, 6.91, 2.66, 4.53, 2.58, 1.10, 2.25, 2.17, 0.67, 1.66, 1004918.39491986
No.222: 1.21, 6.91, 2.66, 4.52, 2.58, 1.10, 2.25, 2.17, 0.67, 1.66, 22271008.156376276
No.223: 1.23, 6.89, 2.66, 4.54, 2.55, 1.11, 2.26, 2.17, 0.67, 1.67, 1617884.8798642668
No.224: 1.22, 6.92, 2.65, 4.53, 2.57, 1.11, 2.25, 2.16, 0.66, 1.67, 14649499.472480908
No.225: 1.24, 6.86, 2.66, 4.54, 2.58, 1.11, 2.26, 2.17, 0.67, 1.67, 1553476.8862499692
No.226: 1.23, 6.89, 2.66, 4.56, 2.56, 1.11, 2.25, 2.16, 0.67, 1.67, 1365703.2287640765
No.227: 1.23, 6.89, 2.67, 4.54, 2.57, 1.11, 2.26, 2.16, 0.66, 1.67, 10593307.719364626
No.228: 1.23, 6.88, 2.66, 4.54, 2.57, 1.11, 2.25, 2.16, 0.67, 1.67, 1054042.6983360332
No.229: 1.23, 6.87, 2.67, 4.51, 2.56, 1.11, 2.26, 2.17, 0.67, 1.67, 3985327.061574165
No.230: 1.23, 6.87, 2.66, 4.55, 2.57, 1.11, 2.26, 2.16, 0.67, 1.67, 7758177.632211156
No.231: 1.23, 6.89, 2.66, 4.53, 2.57, 1.11, 2.25, 2.16, 0.67, 1.67, 3016960.302498391
No.232: 1.23, 6.90, 2.65, 4.57, 2.59, 1.10, 2.25, 2.16, 0.67, 1.67, 4293005.569611228
No.233: 1.23, 6.87, 2.67, 4.52, 2.56, 1.11, 2.26, 2.16, 0.67, 1.67, 3996016.992443526
No.234: 1.23, 6.88, 2.66, 4.54, 2.57, 1.11, 2.25, 2.17, 0.67, 1.67, 1409213.4794535064
No.235: 1.23, 6.89, 2.66, 4.53, 2.58, 1.11, 2.26, 2.17, 0.67, 1.67, 1278214.5718098292
No.236: 1.23, 6.88, 2.67, 4.55, 2.58, 1.11, 2.26, 2.16, 0.66, 1.67, 2011490.0846987795
No.237: 1.23, 6.89, 2.66, 4.56, 2.56, 1.11, 2.25, 2.16, 0.67, 1.67, 1365703.2287640765
No.238: 1.24, 6.86, 2.66, 4.54, 2.58, 1.10, 2.26, 2.17, 0.67, 1.67, 1910100.8746280342
No.239: 1.23, 6.89, 2.66, 4.54, 2.55, 1.11, 2.26, 2.17, 0.67, 1.67, 1617884.8798642668
No.240: 1.23, 6.88, 2.66, 4.54, 2.58, 1.11, 2.25, 2.17, 0.67, 1.67, 1706847.2642660977
No.241: 1.23, 6.87, 2.66, 4.54, 2.57, 1.11, 2.25, 2.15, 0.67, 1.68, 9452380.938781168
No.242: 1.23, 6.89, 2.66, 4.53, 2.57, 1.11, 2.25, 2.17, 0.67, 1.67, 2212507.4655704913
No.243: 1.23, 6.87, 2.67, 4.51, 2.56, 1.11, 2.26, 2.17, 0.67, 1.67, 3985327.061574165
No.244: 1.22, 6.90, 2.67, 4.53, 2.57, 1.11, 2.27, 2.18, 0.67, 1.66, 7167888.856535463
No.245: 1.22, 6.90, 2.67, 4.53, 2.57, 1.11, 2.26, 2.17, 0.67, 1.66, 4325818.3225642145
No.246: 1.23, 6.87, 2.66, 4.54, 2.57, 1.11, 2.25, 2.16, 0.67, 1.67, 4703517.574398931
No.247: 1.23, 6.89, 2.66, 4.53, 2.57, 1.11, 2.26, 2.17, 0.67, 1.66, 5354745.445076461
No.248: 1.23, 6.89, 2.66, 4.53, 2.58, 1.11, 2.26, 2.17, 0.67, 1.67, 1278214.5718098292
No.249: 1.23, 6.90, 2.66, 4.56, 2.56, 1.11, 2.25, 2.16, 0.67, 1.67, 5913362.040655604
No.250: 1.23, 6.88, 2.66, 4.54, 2.57, 1.11, 2.25, 2.17, 0.67, 1.67, 1409213.4794535064
No.251: 1.23, 6.90, 2.66, 4.53, 2.56, 1.11, 2.26, 2.17, 0.67, 1.67, 7330133.8623399865
No.252: 1.23, 6.89, 2.66, 4.54, 2.58, 1.11, 2.25, 2.17, 0.67, 1.67, 1315798.9162213623
No.253: 1.23, 6.87, 2.66, 4.54, 2.58, 1.10, 2.25, 2.17, 0.67, 1.67, 5959983.677606866
No.254: 1.23, 6.88, 2.67, 4.54, 2.58, 1.11, 2.26, 2.17, 0.67, 1.67, 3230662.025872939
No.255: 1.23, 6.89, 2.66, 4.53, 2.57, 1.11, 2.25, 2.17, 0.67, 1.67, 2212507.4655704913
No.256: 1.23, 6.88, 2.67, 4.51, 2.56, 1.11, 2.26, 2.17, 0.67, 1.67, 935354.206231796
No.257: 1.22, 6.90, 2.66, 4.53, 2.57, 1.11, 2.26, 2.17, 0.67, 1.66, 3382182.115835072
No.258: 1.22, 6.88, 2.66, 4.53, 2.59, 1.10, 2.25, 2.17, 0.67, 1.66, 20952286.334524285
No.259: 1.23, 6.89, 2.66, 4.53, 2.56, 1.11, 2.26, 2.17, 0.67, 1.67, 1865276.6698412069
No.260: 1.22, 6.91, 2.66, 4.53, 2.57, 1.11, 2.26, 2.16, 0.66, 1.66, 8997704.727136951
No.261: 1.23, 6.87, 2.66, 4.53, 2.58, 1.11, 2.25, 2.17, 0.67, 1.67, 5437579.368311535
No.262: 1.23, 6.88, 2.67, 4.51, 2.58, 1.11, 2.26, 2.17, 0.67, 1.67, 1226408.938608118
No.263: 1.22, 6.90, 2.66, 4.52, 2.57, 1.11, 2.26, 2.17, 0.67, 1.67, 7418147.447737048
No.264: 1.23, 6.88, 2.66, 4.53, 2.58, 1.11, 2.26, 2.17, 0.67, 1.67, 1763488.0286200882
No.265: 1.23, 6.87, 2.66, 4.53, 2.58, 1.11, 2.25, 2.16, 0.67, 1.67, 4199460.589093291
No.266: 1.22, 6.89, 2.66, 4.53, 2.57, 1.11, 2.26, 2.17, 0.67, 1.66, 10598482.160939643
No.267: 1.22, 6.90, 2.66, 4.52, 2.58, 1.10, 2.25, 2.17, 0.67, 1.66, 1719821.0187823665
No.268: 1.23, 6.88, 2.67, 4.51, 2.58, 1.11, 2.26, 2.17, 0.67, 1.67, 1226408.938608118
No.269: 1.23, 6.89, 2.66, 4.53, 2.57, 1.11, 2.26, 2.17, 0.67, 1.67, 1538715.7379677843
No.270: 1.23, 6.88, 2.66, 4.53, 2.58, 1.11, 2.25, 2.17, 0.67, 1.67, 1235942.055179201
No.271: 1.23, 6.88, 2.66, 4.53, 2.57, 1.11, 2.25, 2.17, 0.67, 1.67, 1054536.1171677918
No.272: 1.23, 6.88, 2.66, 4.53, 2.57, 1.11, 2.26, 2.17, 0.67, 1.67, 1454677.271677086
No.273: 1.23, 6.89, 2.66, 4.53, 2.56, 1.11, 2.26, 2.17, 0.67, 1.67, 1865276.6698412069
No.274: 1.23, 6.89, 2.66, 4.52, 2.57, 1.11, 2.25, 2.17, 0.67, 1.67, 3033719.288363368
No.275: 1.23, 6.88, 2.67, 4.54, 2.58, 1.11, 2.26, 2.17, 0.67, 1.67, 3230662.025872939
No.276: 1.22, 6.90, 2.67, 4.53, 2.57, 1.11, 2.26, 2.17, 0.67, 1.66, 4325818.3225642145
No.277: 1.23, 6.87, 2.66, 4.52, 2.58, 1.11, 2.25, 2.16, 0.67, 1.67, 3150944.1990811112
No.278: 1.23, 6.89, 2.66, 4.51, 2.57, 1.11, 2.25, 2.17, 0.67, 1.67, 4048727.0135881472
No.279: 1.23, 6.88, 2.67, 4.54, 2.58, 1.11, 2.26, 2.17, 0.67, 1.67, 3230662.025872939
No.280: 1.23, 6.88, 2.66, 4.53, 2.57, 1.11, 2.25, 2.17, 0.67, 1.67, 1054536.1171677918
No.281: 1.23, 6.88, 2.67, 4.51, 2.58, 1.11, 2.26, 2.17, 0.67, 1.67, 1226408.938608118
No.282: 1.23, 6.88, 2.66, 4.53, 2.58, 1.11, 2.25, 2.17, 0.67, 1.67, 1235942.055179201
No.283: 1.23, 6.88, 2.66, 4.53, 2.57, 1.11, 2.26, 2.17, 0.67, 1.67, 1454677.271677086
No.284: 1.23, 6.89, 2.66, 4.52, 2.57, 1.11, 2.26, 2.17, 0.67, 1.67, 2144887.9128142972
No.285: 1.22, 6.90, 2.66, 4.52, 2.58, 1.10, 2.25, 2.17, 0.67, 1.67, 5728844.9784839
No.286: 1.23, 6.89, 2.66, 4.53, 2.56, 1.11, 2.26, 2.17, 0.67, 1.67, 1865276.6698412069
No.287: 1.23, 6.89, 2.66, 4.52, 2.57, 1.11, 2.25, 2.17, 0.67, 1.67, 3033719.288363368
No.288: 1.23, 6.87, 2.66, 4.52, 2.57, 1.11, 2.25, 2.16, 0.67, 1.67, 2633616.565095973
No.289: 1.23, 6.88, 2.67, 4.54, 2.58, 1.11, 2.26, 2.17, 0.67, 1.67, 3230662.025872939
No.290: 1.24, 6.86, 2.66, 4.53, 2.57, 1.11, 2.26, 2.16, 0.67, 1.67, 3565816.5944070285
No.291: 1.23, 6.87, 2.66, 4.53, 2.57, 1.11, 2.26, 2.16, 0.67, 1.67, 4824181.114364005
No.292: 1.23, 6.88, 2.66, 4.53, 2.57, 1.11, 2.25, 2.17, 0.67, 1.67, 1054536.1171677918
No.293: 1.23, 6.88, 2.67, 4.51, 2.58, 1.11, 2.26, 2.17, 0.67, 1.67, 1226408.938608118
No.294: 1.23, 6.88, 2.66, 4.53, 2.58, 1.11, 2.25, 2.17, 0.67, 1.67, 1235942.055179201
No.295: 1.23, 6.88, 2.66, 4.53, 2.57, 1.11, 2.26, 2.17, 0.67, 1.67, 1454677.271677086
No.296: 1.23, 6.89, 2.66, 4.53, 2.56, 1.11, 2.26, 2.17, 0.67, 1.67, 1865276.6698412069
No.297: 1.23, 6.89, 2.66, 4.52, 2.57, 1.11, 2.26, 2.17, 0.67, 1.67, 2144887.9128142972
No.298: 1.23, 6.87, 2.66, 4.52, 2.57, 1.11, 2.25, 2.16, 0.67, 1.67, 2633616.565095973
No.299: 1.23, 6.89, 2.66, 4.52, 2.57, 1.11, 2.25, 2.17, 0.67, 1.67, 3033719.288363368
No.300: 1.23, 6.88, 2.67, 4.53, 2.57, 1.11, 2.26, 2.17, 0.67, 1.67, 1947667.6007335288
No.301: 1.22, 6.90, 2.67, 4.52, 2.57, 1.11, 2.25, 2.17, 0.67, 1.67, 7085084.310122626
No.302: 1.24, 6.86, 2.66, 4.52, 2.57, 1.11, 2.26, 2.16, 0.67, 1.67, 4714808.929103449
No.303: 1.23, 6.87, 2.66, 4.52, 2.57, 1.11, 2.26, 2.16, 0.67, 1.67, 3667718.0270568756
No.304: 1.22, 6.89, 2.66, 4.52, 2.57, 1.11, 2.25, 2.17, 0.67, 1.67, 14953554.134531258
No.305: 1.23, 6.87, 2.66, 4.52, 2.57, 1.11, 2.26, 2.16, 0.67, 1.67, 3667718.0270568756
No.306: 1.23, 6.88, 2.66, 4.53, 2.57, 1.11, 2.25, 2.17, 0.67, 1.67, 1054536.1171677918
No.307: 1.23, 6.88, 2.67, 4.51, 2.57, 1.11, 2.26, 2.17, 0.67, 1.67, 1046969.7640278833
No.308: 1.23, 6.88, 2.66, 4.53, 2.57, 1.11, 2.26, 2.17, 0.67, 1.67, 1454677.271677086
No.309: 1.23, 6.88, 2.66, 4.52, 2.57, 1.11, 2.26, 2.17, 0.67, 1.67, 1080634.2466430718
No.310: 1.23, 6.89, 2.66, 4.53, 2.56, 1.11, 2.26, 2.17, 0.67, 1.67, 1865276.6698412069
No.311: 1.23, 6.88, 2.67, 4.53, 2.57, 1.11, 2.26, 2.17, 0.67, 1.67, 1947667.6007335288
No.312: 1.23, 6.88, 2.66, 4.52, 2.57, 1.11, 2.26, 2.17, 0.67, 1.67, 1080634.2466430718
No.313: 1.23, 6.87, 2.66, 4.52, 2.57, 1.11, 2.25, 2.16, 0.67, 1.67, 2633616.565095973
No.314: 1.23, 6.89, 2.66, 4.52, 2.57, 1.11, 2.25, 2.17, 0.67, 1.67, 3033719.288363368
No.315: 1.23, 6.87, 2.66, 4.52, 2.57, 1.11, 2.26, 2.16, 0.67, 1.67, 3667718.0270568756
No.316: 1.22, 6.89, 2.67, 4.52, 2.57, 1.11, 2.25, 2.17, 0.67, 1.67, 17104205.48349806
No.317: 1.23, 6.87, 2.66, 4.52, 2.57, 1.11, 2.26, 2.16, 0.67, 1.67, 3667718.0270568756
No.318: 1.23, 6.88, 2.67, 4.51, 2.57, 1.11, 2.26, 2.17, 0.67, 1.67, 1046969.7640278833
No.319: 1.23, 6.88, 2.66, 4.53, 2.57, 1.11, 2.26, 2.17, 0.67, 1.67, 1454677.271677086
No.320: 1.23, 6.88, 2.67, 4.52, 2.57, 1.11, 2.26, 2.17, 0.67, 1.67, 1396695.5154315059
No.321: 1.23, 6.88, 2.66, 4.52, 2.57, 1.11, 2.26, 2.17, 0.67, 1.67, 1080634.2466430718
No.322: 1.23, 6.88, 2.66, 4.53, 2.57, 1.11, 2.26, 2.17, 0.67, 1.67, 1454677.271677086
No.323: 1.23, 6.89, 2.66, 4.52, 2.56, 1.11, 2.26, 2.17, 0.67, 1.67, 2587147.974141753
No.324: 1.23, 6.88, 2.67, 4.53, 2.57, 1.11, 2.26, 2.17, 0.67, 1.67, 1947667.6007335288
No.325: 1.23, 6.87, 2.66, 4.52, 2.57, 1.11, 2.25, 2.16, 0.67, 1.67, 2633616.565095973
No.326: 1.23, 6.88, 2.66, 4.52, 2.57, 1.11, 2.26, 2.17, 0.67, 1.67, 1080634.2466430718
No.327: 1.23, 6.87, 2.66, 4.52, 2.57, 1.11, 2.26, 2.16, 0.67, 1.67, 3667718.0270568756
No.328: 1.22, 6.89, 2.67, 4.52, 2.57, 1.11, 2.26, 2.17, 0.67, 1.67, 19978496.194749784
No.329: 1.23, 6.87, 2.66, 4.52, 2.57, 1.11, 2.26, 2.16, 0.67, 1.67, 3667718.0270568756
No.330: 1.23, 6.88, 2.67, 4.51, 2.57, 1.11, 2.26, 2.17, 0.67, 1.67, 1046969.7640278833
No.331: 1.23, 6.88, 2.66, 4.52, 2.57, 1.11, 2.26, 2.17, 0.67, 1.67, 1080634.2466430718
No.332: 1.23, 6.88, 2.66, 4.52, 2.57, 1.11, 2.26, 2.17, 0.67, 1.67, 1080634.2466430718
No.333: 1.23, 6.88, 2.67, 4.52, 2.57, 1.11, 2.26, 2.17, 0.67, 1.67, 1396695.5154315059
No.334: 1.23, 6.88, 2.66, 4.52, 2.57, 1.11, 2.26, 2.17, 0.67, 1.67, 1080634.2466430718
No.335: 1.23, 6.88, 2.66, 4.52, 2.57, 1.11, 2.26, 2.17, 0.67, 1.67, 1080634.2466430718
No.336: 1.23, 6.88, 2.67, 4.53, 2.57, 1.11, 2.26, 2.17, 0.67, 1.67, 1947667.6007335288
No.337: 1.23, 6.88, 2.66, 4.52, 2.56, 1.11, 2.26, 2.17, 0.67, 1.67, 955985.3163018428
No.338: 1.23, 6.87, 2.66, 4.52, 2.57, 1.11, 2.25, 2.16, 0.67, 1.67, 2633616.565095973
No.339: 1.23, 6.87, 2.66, 4.52, 2.57, 1.11, 2.26, 2.16, 0.67, 1.67, 3667718.0270568756
No.340: 1.22, 6.89, 2.67, 4.52, 2.57, 1.11, 2.26, 2.17, 0.67, 1.67, 19978496.194749784
No.341: 1.23, 6.87, 2.67, 4.52, 2.57, 1.11, 2.26, 2.17, 0.67, 1.67, 5988571.263256631
No.342: 1.23, 6.88, 2.67, 4.52, 2.56, 1.11, 2.26, 2.17, 0.67, 1.67, 1169715.8117710487
No.343: 1.23, 6.88, 2.67, 4.51, 2.57, 1.11, 2.26, 2.17, 0.67, 1.67, 1046969.7640278833
No.344: 1.23, 6.88, 2.66, 4.52, 2.57, 1.11, 2.26, 2.17, 0.67, 1.67, 1080634.2466430718
No.345: 1.23, 6.88, 2.67, 4.52, 2.57, 1.11, 2.26, 2.17, 0.67, 1.67, 1396695.5154315059
No.346: 1.23, 6.88, 2.66, 4.52, 2.57, 1.11, 2.26, 2.17, 0.67, 1.67, 1080634.2466430718
No.347: 1.23, 6.88, 2.66, 4.52, 2.57, 1.11, 2.26, 2.17, 0.67, 1.67, 1080634.2466430718
No.348: 1.23, 6.88, 2.67, 4.52, 2.57, 1.11, 2.26, 2.17, 0.67, 1.67, 1396695.5154315059
No.349: 1.23, 6.88, 2.67, 4.53, 2.57, 1.11, 2.26, 2.17, 0.67, 1.67, 1947667.6007335288
No.350: 1.23, 6.87, 2.66, 4.52, 2.57, 1.11, 2.25, 2.16, 0.67, 1.67, 2633616.565095973
No.351: 1.23, 6.87, 2.67, 4.52, 2.57, 1.11, 2.26, 2.16, 0.67, 1.67, 4672368.668691607
No.352: 1.22, 6.89, 2.67, 4.52, 2.57, 1.11, 2.26, 2.17, 0.67, 1.67, 19978496.194749784
No.353: 1.23, 6.87, 2.67, 4.52, 2.57, 1.11, 2.26, 2.17, 0.67, 1.67, 5988571.263256631
No.354: 1.23, 6.88, 2.67, 4.51, 2.57, 1.11, 2.26, 2.17, 0.67, 1.67, 1046969.7640278833
No.355: 1.23, 6.88, 2.66, 4.52, 2.57, 1.11, 2.26, 2.17, 0.67, 1.67, 1080634.2466430718
No.356: 1.23, 6.88, 2.66, 4.52, 2.57, 1.11, 2.26, 2.17, 0.67, 1.67, 1080634.2466430718
No.357: 1.23, 6.88, 2.66, 4.52, 2.57, 1.11, 2.26, 2.17, 0.67, 1.67, 1080634.2466430718
No.358: 1.23, 6.88, 2.67, 4.52, 2.56, 1.11, 2.26, 2.17, 0.67, 1.67, 1169715.8117710487
No.359: 1.23, 6.88, 2.67, 4.52, 2.57, 1.11, 2.26, 2.17, 0.67, 1.67, 1396695.5154315059
No.360: 1.23, 6.88, 2.67, 4.52, 2.57, 1.11, 2.26, 2.17, 0.67, 1.67, 1396695.5154315059
No.361: 1.23, 6.88, 2.67, 4.52, 2.57, 1.11, 2.26, 2.17, 0.67, 1.67, 1396695.5154315059
No.362: 1.23, 6.87, 2.67, 4.52, 2.57, 1.11, 2.26, 2.16, 0.67, 1.67, 4672368.668691607
No.363: 1.23, 6.87, 2.67, 4.52, 2.57, 1.11, 2.26, 2.16, 0.67, 1.67, 4672368.668691607
No.364: 1.22, 6.89, 2.67, 4.52, 2.57, 1.11, 2.26, 2.17, 0.67, 1.67, 19978496.194749784
No.365: 1.23, 6.87, 2.67, 4.52, 2.57, 1.11, 2.26, 2.17, 0.67, 1.67, 5988571.263256631
No.366: 1.23, 6.88, 2.67, 4.51, 2.57, 1.11, 2.26, 2.17, 0.67, 1.67, 1046969.7640278833
No.367: 1.23, 6.88, 2.67, 4.52, 2.57, 1.11, 2.26, 2.17, 0.67, 1.67, 1396695.5154315059
No.368: 1.23, 6.88, 2.66, 4.52, 2.57, 1.11, 2.26, 2.17, 0.67, 1.67, 1080634.2466430718
No.369: 1.23, 6.88, 2.66, 4.52, 2.57, 1.11, 2.26, 2.17, 0.67, 1.67, 1080634.2466430718
No.370: 1.23, 6.88, 2.67, 4.52, 2.56, 1.11, 2.26, 2.17, 0.67, 1.67, 1169715.8117710487
No.371: 1.23, 6.88, 2.67, 4.52, 2.57, 1.11, 2.26, 2.17, 0.67, 1.67, 1396695.5154315059
No.372: 1.23, 6.88, 2.67, 4.52, 2.57, 1.11, 2.26, 2.17, 0.67, 1.67, 1396695.5154315059
No.373: 1.23, 6.88, 2.67, 4.52, 2.57, 1.11, 2.26, 2.17, 0.67, 1.67, 1396695.5154315059
No.374: 1.23, 6.87, 2.67, 4.52, 2.57, 1.11, 2.26, 2.16, 0.67, 1.67, 4672368.668691607
No.375: 1.23, 6.87, 2.67, 4.52, 2.56, 1.11, 2.26, 2.17, 0.67, 1.67, 5195057.41454148
No.376: 1.22, 6.89, 2.67, 4.52, 2.57, 1.11, 2.26, 2.17, 0.67, 1.67, 19978496.194749784
No.377: 1.23, 6.87, 2.67, 4.52, 2.57, 1.11, 2.26, 2.17, 0.67, 1.67, 5988571.263256631
No.378: 1.23, 6.88, 2.67, 4.51, 2.57, 1.11, 2.26, 2.17, 0.67, 1.67, 1046969.7640278833
No.379: 1.23, 6.88, 2.66, 4.52, 2.57, 1.11, 2.26, 2.17, 0.67, 1.67, 1080634.2466430718
No.380: 1.23, 6.88, 2.66, 4.52, 2.57, 1.11, 2.26, 2.17, 0.67, 1.67, 1080634.2466430718
No.381: 1.23, 6.88, 2.67, 4.52, 2.56, 1.11, 2.26, 2.17, 0.67, 1.67, 1169715.8117710487
No.382: 1.23, 6.88, 2.67, 4.52, 2.57, 1.11, 2.26, 2.17, 0.67, 1.67, 1396695.5154315059
No.383: 1.23, 6.88, 2.67, 4.52, 2.56, 1.11, 2.26, 2.17, 0.67, 1.67, 1169715.8117710487
No.384: 1.23, 6.88, 2.67, 4.52, 2.57, 1.11, 2.26, 2.17, 0.67, 1.67, 1396695.5154315059
No.385: 1.23, 6.88, 2.67, 4.52, 2.57, 1.11, 2.26, 2.17, 0.67, 1.67, 1396695.5154315059
No.386: 1.23, 6.87, 2.67, 4.52, 2.57, 1.11, 2.26, 2.16, 0.67, 1.67, 4672368.668691607
No.387: 1.23, 6.87, 2.67, 4.52, 2.56, 1.11, 2.26, 2.17, 0.67, 1.67, 5195057.41454148
No.388: 1.22, 6.88, 2.67, 4.52, 2.57, 1.11, 2.26, 2.17, 0.67, 1.67, 35761812.49521544
No.389: 1.23, 6.87, 2.67, 4.52, 2.56, 1.11, 2.26, 2.17, 0.67, 1.67, 5195057.41454148
No.390: 1.23, 6.88, 2.67, 4.51, 2.57, 1.11, 2.26, 2.17, 0.67, 1.67, 1046969.7640278833
No.391: 1.23, 6.88, 2.66, 4.52, 2.57, 1.11, 2.26, 2.17, 0.67, 1.67, 1080634.2466430718
No.392: 1.23, 6.88, 2.67, 4.52, 2.57, 1.11, 2.26, 2.17, 0.67, 1.67, 1396695.5154315059
No.393: 1.23, 6.88, 2.67, 4.52, 2.56, 1.11, 2.26, 2.17, 0.67, 1.67, 1169715.8117710487
No.394: 1.23, 6.88, 2.67, 4.52, 2.56, 1.11, 2.26, 2.17, 0.67, 1.67, 1169715.8117710487
No.395: 1.23, 6.88, 2.67, 4.52, 2.57, 1.11, 2.26, 2.17, 0.67, 1.67, 1396695.5154315059
No.396: 1.23, 6.88, 2.67, 4.52, 2.57, 1.11, 2.26, 2.17, 0.67, 1.67, 1396695.5154315059
No.397: 1.23, 6.88, 2.67, 4.52, 2.57, 1.11, 2.26, 2.17, 0.67, 1.67, 1396695.5154315059
No.398: 1.23, 6.88, 2.67, 4.52, 2.57, 1.11, 2.26, 2.16, 0.67, 1.67, 1044996.3625326663
No.399: 1.23, 6.87, 2.67, 4.52, 2.56, 1.11, 2.26, 2.17, 0.67, 1.67, 5195057.41454148
No.400: 1.22, 6.88, 2.67, 4.52, 2.57, 1.11, 2.26, 2.17, 0.67, 1.67, 35761812.49521544
No.401: 1.23, 6.87, 2.67, 4.52, 2.56, 1.11, 2.26, 2.17, 0.67, 1.67, 5195057.41454148
No.402: 1.23, 6.88, 2.67, 4.51, 2.57, 1.11, 2.26, 2.16, 0.67, 1.67, 891678.37093958
No.403: 1.23, 6.88, 2.67, 4.51, 2.57, 1.11, 2.26, 2.17, 0.67, 1.67, 1046969.7640278833
No.404: 1.23, 6.88, 2.67, 4.52, 2.57, 1.11, 2.26, 2.17, 0.67, 1.67, 1396695.5154315059
No.405: 1.23, 6.88, 2.67, 4.52, 2.56, 1.11, 2.26, 2.17, 0.67, 1.67, 1169715.8117710487
No.406: 1.23, 6.88, 2.67, 4.51, 2.56, 1.11, 2.26, 2.17, 0.67, 1.67, 935354.206231796
No.407: 1.23, 6.88, 2.67, 4.52, 2.57, 1.11, 2.26, 2.17, 0.67, 1.67, 1396695.5154315059
No.408: 1.23, 6.88, 2.67, 4.52, 2.57, 1.11, 2.26, 2.17, 0.67, 1.67, 1396695.5154315059
No.409: 1.23, 6.88, 2.67, 4.52, 2.57, 1.11, 2.26, 2.17, 0.67, 1.67, 1396695.5154315059
No.410: 1.23, 6.88, 2.67, 4.52, 2.57, 1.11, 2.26, 2.17, 0.67, 1.67, 1396695.5154315059
No.411: 1.23, 6.87, 2.67, 4.52, 2.56, 1.11, 2.26, 2.17, 0.67, 1.67, 5195057.41454148
No.412: 1.22, 6.88, 2.67, 4.52, 2.57, 1.11, 2.26, 2.17, 0.67, 1.67, 35761812.49521544
No.413: 1.23, 6.87, 2.67, 4.52, 2.56, 1.11, 2.26, 2.17, 0.67, 1.67, 5195057.41454148
No.414: 1.23, 6.88, 2.67, 4.51, 2.56, 1.11, 2.26, 2.17, 0.67, 1.67, 935354.206231796
No.415: 1.23, 6.88, 2.67, 4.51, 2.56, 1.11, 2.26, 2.17, 0.67, 1.67, 935354.206231796
No.416: 1.23, 6.88, 2.67, 4.51, 2.57, 1.11, 2.26, 2.17, 0.67, 1.67, 1046969.7640278833
No.417: 1.23, 6.88, 2.67, 4.52, 2.56, 1.11, 2.26, 2.17, 0.67, 1.67, 1169715.8117710487
No.418: 1.23, 6.88, 2.67, 4.52, 2.57, 1.11, 2.26, 2.17, 0.67, 1.67, 1396695.5154315059
No.419: 1.23, 6.88, 2.67, 4.52, 2.57, 1.11, 2.26, 2.17, 0.67, 1.67, 1396695.5154315059
No.420: 1.23, 6.88, 2.67, 4.52, 2.57, 1.11, 2.26, 2.17, 0.67, 1.67, 1396695.5154315059
No.421: 1.23, 6.88, 2.67, 4.52, 2.57, 1.11, 2.26, 2.17, 0.67, 1.67, 1396695.5154315059
No.422: 1.23, 6.88, 2.67, 4.52, 2.57, 1.11, 2.26, 2.17, 0.67, 1.67, 1396695.5154315059
No.423: 1.23, 6.87, 2.67, 4.52, 2.56, 1.11, 2.26, 2.17, 0.67, 1.67, 5195057.41454148
No.424: 1.22, 6.88, 2.67, 4.52, 2.57, 1.11, 2.26, 2.17, 0.67, 1.67, 35761812.49521544
No.425: 1.23, 6.87, 2.67, 4.52, 2.56, 1.11, 2.26, 2.17, 0.67, 1.67, 5195057.41454148
No.426: 1.23, 6.88, 2.67, 4.51, 2.56, 1.11, 2.26, 2.17, 0.67, 1.67, 935354.206231796
No.427: 1.23, 6.88, 2.67, 4.51, 2.56, 1.11, 2.26, 2.17, 0.67, 1.67, 935354.206231796
No.428: 1.23, 6.88, 2.67, 4.51, 2.57, 1.11, 2.26, 2.17, 0.67, 1.67, 1046969.7640278833
No.429: 1.23, 6.88, 2.67, 4.52, 2.56, 1.11, 2.26, 2.17, 0.67, 1.67, 1169715.8117710487
No.430: 1.23, 6.88, 2.67, 4.52, 2.57, 1.11, 2.26, 2.17, 0.67, 1.67, 1396695.5154315059
No.431: 1.23, 6.88, 2.67, 4.52, 2.57, 1.11, 2.26, 2.17, 0.67, 1.67, 1396695.5154315059
No.432: 1.23, 6.88, 2.67, 4.52, 2.57, 1.11, 2.26, 2.17, 0.67, 1.67, 1396695.5154315059
No.433: 1.23, 6.88, 2.67, 4.52, 2.57, 1.11, 2.26, 2.17, 0.67, 1.67, 1396695.5154315059
No.434: 1.23, 6.88, 2.67, 4.52, 2.57, 1.11, 2.26, 2.17, 0.67, 1.67, 1396695.5154315059
No.435: 1.23, 6.87, 2.67, 4.52, 2.56, 1.11, 2.26, 2.17, 0.67, 1.67, 5195057.41454148
No.436: 1.22, 6.88, 2.67, 4.51, 2.57, 1.11, 2.26, 2.17, 0.67, 1.67, 32167761.087427814
No.437: 1.23, 6.87, 2.67, 4.52, 2.56, 1.11, 2.26, 2.17, 0.67, 1.67, 5195057.41454148
No.438: 1.23, 6.88, 2.67, 4.51, 2.56, 1.11, 2.26, 2.17, 0.67, 1.67, 935354.206231796
No.439: 1.23, 6.88, 2.67, 4.51, 2.56, 1.11, 2.26, 2.17, 0.67, 1.67, 935354.206231796
No.440: 1.23, 6.88, 2.67, 4.51, 2.57, 1.11, 2.26, 2.17, 0.67, 1.67, 1046969.7640278833
No.441: 1.23, 6.88, 2.67, 4.52, 2.56, 1.11, 2.26, 2.17, 0.67, 1.67, 1169715.8117710487
No.442: 1.23, 6.88, 2.67, 4.52, 2.57, 1.11, 2.26, 2.17, 0.67, 1.67, 1396695.5154315059
No.443: 1.23, 6.88, 2.67, 4.52, 2.57, 1.11, 2.26, 2.17, 0.67, 1.67, 1396695.5154315059
No.444: 1.23, 6.88, 2.67, 4.52, 2.57, 1.11, 2.26, 2.17, 0.67, 1.67, 1396695.5154315059
No.445: 1.23, 6.88, 2.67, 4.52, 2.57, 1.11, 2.26, 2.17, 0.67, 1.67, 1396695.5154315059
No.446: 1.23, 6.88, 2.67, 4.52, 2.57, 1.11, 2.26, 2.17, 0.67, 1.67, 1396695.5154315059
No.447: 1.23, 6.87, 2.67, 4.52, 2.56, 1.11, 2.26, 2.17, 0.67, 1.67, 5195057.41454148
No.448: 1.22, 6.88, 2.67, 4.51, 2.57, 1.11, 2.26, 2.17, 0.67, 1.67, 32167761.087427814
No.449: 1.23, 6.87, 2.67, 4.52, 2.56, 1.11, 2.26, 2.17, 0.67, 1.67, 5195057.41454148
No.450: 1.23, 6.88, 2.67, 4.51, 2.56, 1.11, 2.26, 2.17, 0.67, 1.67, 935354.206231796
No.451: 1.23, 6.88, 2.67, 4.51, 2.56, 1.11, 2.26, 2.17, 0.67, 1.67, 935354.206231796
No.452: 1.23, 6.88, 2.67, 4.51, 2.57, 1.11, 2.26, 2.17, 0.67, 1.67, 1046969.7640278833
No.453: 1.23, 6.88, 2.67, 4.52, 2.56, 1.11, 2.26, 2.17, 0.67, 1.67, 1169715.8117710487
No.454: 1.23, 6.88, 2.67, 4.52, 2.57, 1.11, 2.26, 2.17, 0.67, 1.67, 1396695.5154315059
No.455: 1.23, 6.88, 2.67, 4.52, 2.57, 1.11, 2.26, 2.17, 0.67, 1.67, 1396695.5154315059
No.456: 1.23, 6.88, 2.67, 4.52, 2.57, 1.11, 2.26, 2.17, 0.67, 1.67, 1396695.5154315059
No.457: 1.23, 6.88, 2.67, 4.52, 2.57, 1.11, 2.26, 2.17, 0.67, 1.67, 1396695.5154315059
No.458: 1.23, 6.88, 2.67, 4.52, 2.57, 1.11, 2.26, 2.17, 0.67, 1.67, 1396695.5154315059
No.459: 1.23, 6.87, 2.67, 4.52, 2.56, 1.11, 2.26, 2.17, 0.67, 1.67, 5195057.41454148
No.460: 1.22, 6.88, 2.67, 4.51, 2.57, 1.11, 2.26, 2.17, 0.67, 1.67, 32167761.087427814
No.461: 1.23, 6.87, 2.67, 4.52, 2.56, 1.11, 2.26, 2.17, 0.67, 1.67, 5195057.41454148
No.462: 1.23, 6.88, 2.67, 4.51, 2.56, 1.11, 2.26, 2.17, 0.67, 1.67, 935354.206231796
No.463: 1.23, 6.88, 2.67, 4.51, 2.56, 1.11, 2.26, 2.17, 0.67, 1.67, 935354.206231796
No.464: 1.23, 6.88, 2.67, 4.51, 2.57, 1.11, 2.26, 2.17, 0.67, 1.67, 1046969.7640278833
No.465: 1.23, 6.88, 2.67, 4.52, 2.56, 1.11, 2.26, 2.17, 0.67, 1.67, 1169715.8117710487
No.466: 1.23, 6.88, 2.67, 4.52, 2.57, 1.11, 2.26, 2.17, 0.67, 1.67, 1396695.5154315059
No.467: 1.23, 6.88, 2.67, 4.52, 2.57, 1.11, 2.26, 2.17, 0.67, 1.67, 1396695.5154315059
No.468: 1.23, 6.88, 2.67, 4.52, 2.57, 1.11, 2.26, 2.17, 0.67, 1.67, 1396695.5154315059
No.469: 1.23, 6.88, 2.67, 4.52, 2.57, 1.11, 2.26, 2.17, 0.67, 1.67, 1396695.5154315059
No.470: 1.23, 6.88, 2.67, 4.52, 2.57, 1.11, 2.26, 2.17, 0.67, 1.67, 1396695.5154315059
No.471: 1.23, 6.87, 2.67, 4.52, 2.56, 1.11, 2.26, 2.17, 0.67, 1.67, 5195057.41454148
No.472: 1.22, 6.88, 2.67, 4.51, 2.57, 1.11, 2.26, 2.17, 0.67, 1.67, 32167761.087427814
No.473: 1.23, 6.87, 2.67, 4.52, 2.56, 1.11, 2.26, 2.17, 0.67, 1.67, 5195057.41454148
No.474: 1.23, 6.88, 2.67, 4.51, 2.56, 1.11, 2.26, 2.17, 0.67, 1.67, 935354.206231796
No.475: 1.23, 6.88, 2.67, 4.51, 2.57, 1.11, 2.26, 2.17, 0.67, 1.67, 1046969.7640278833
No.476: 1.23, 6.88, 2.67, 4.51, 2.57, 1.11, 2.26, 2.17, 0.67, 1.67, 1046969.7640278833
No.477: 1.23, 6.88, 2.67, 4.52, 2.56, 1.11, 2.26, 2.17, 0.67, 1.67, 1169715.8117710487
No.478: 1.23, 6.88, 2.67, 4.52, 2.57, 1.11, 2.26, 2.17, 0.67, 1.67, 1396695.5154315059
No.479: 1.23, 6.88, 2.67, 4.52, 2.57, 1.11, 2.26, 2.17, 0.67, 1.67, 1396695.5154315059
No.480: 1.23, 6.88, 2.67, 4.52, 2.57, 1.11, 2.26, 2.17, 0.67, 1.67, 1396695.5154315059
No.481: 1.23, 6.88, 2.67, 4.52, 2.57, 1.11, 2.26, 2.17, 0.67, 1.67, 1396695.5154315059
No.482: 1.23, 6.88, 2.67, 4.52, 2.57, 1.11, 2.26, 2.17, 0.67, 1.67, 1396695.5154315059
No.483: 1.23, 6.87, 2.67, 4.52, 2.56, 1.11, 2.26, 2.17, 0.67, 1.67, 5195057.41454148
No.484: 1.22, 6.88, 2.67, 4.51, 2.57, 1.11, 2.26, 2.17, 0.67, 1.67, 32167761.087427814
No.485: 1.23, 6.87, 2.67, 4.52, 2.57, 1.11, 2.26, 2.17, 0.67, 1.67, 5988571.263256631
No.486: 1.23, 6.88, 2.67, 4.51, 2.56, 1.11, 2.26, 2.17, 0.67, 1.67, 935354.206231796
No.487: 1.23, 6.88, 2.67, 4.51, 2.57, 1.11, 2.26, 2.17, 0.67, 1.67, 1046969.7640278833
No.488: 1.23, 6.88, 2.67, 4.51, 2.57, 1.11, 2.26, 2.17, 0.67, 1.67, 1046969.7640278833
No.489: 1.23, 6.88, 2.67, 4.52, 2.56, 1.11, 2.26, 2.17, 0.67, 1.67, 1169715.8117710487
No.490: 1.23, 6.88, 2.67, 4.52, 2.57, 1.11, 2.26, 2.17, 0.67, 1.67, 1396695.5154315059
No.491: 1.23, 6.88, 2.67, 4.52, 2.57, 1.11, 2.26, 2.17, 0.67, 1.67, 1396695.5154315059
No.492: 1.23, 6.88, 2.67, 4.52, 2.57, 1.11, 2.26, 2.17, 0.67, 1.67, 1396695.5154315059
No.493: 1.23, 6.88, 2.67, 4.52, 2.57, 1.11, 2.26, 2.17, 0.67, 1.67, 1396695.5154315059
No.494: 1.23, 6.88, 2.67, 4.52, 2.57, 1.11, 2.26, 2.17, 0.67, 1.67, 1396695.5154315059
No.495: 1.23, 6.87, 2.67, 4.52, 2.56, 1.11, 2.26, 2.17, 0.67, 1.67, 5195057.41454148
No.496: 1.23, 6.88, 2.67, 4.51, 2.57, 1.11, 2.26, 2.17, 0.67, 1.67, 1046969.7640278833
No.497: 1.23, 6.88, 2.67, 4.51, 2.56, 1.11, 2.26, 2.17, 0.67, 1.67, 935354.206231796
No.498: 1.23, 6.88, 2.67, 4.51, 2.57, 1.11, 2.26, 2.17, 0.67, 1.67, 1046969.7640278833
No.499: 1.23, 6.88, 2.67, 4.51, 2.56, 1.11, 2.26, 2.17, 0.67, 1.67, 935354.206231796
No.500: 1.23, 6.88, 2.67, 4.51, 2.56, 1.11, 2.26, 2.17, 0.67, 1.67, 935354.206231796
No.501: 1.23, 6.88, 2.67, 4.51, 2.56, 1.11, 2.26, 2.17, 0.67, 1.67, 935354.206231796
No.502: 1.23, 6.88, 2.67, 4.51, 2.57, 1.11, 2.26, 2.17, 0.67, 1.67, 1046969.7640278833
No.503: 1.23, 6.88, 2.67, 4.51, 2.57, 1.11, 2.26, 2.17, 0.67, 1.67, 1046969.7640278833
No.504: 1.23, 6.88, 2.67, 4.52, 2.56, 1.11, 2.26, 2.17, 0.67, 1.67, 1169715.8117710487
No.505: 1.23, 6.88, 2.67, 4.51, 2.57, 1.11, 2.26, 2.17, 0.67, 1.67, 1046969.7640278833
No.506: 1.23, 6.88, 2.67, 4.51, 2.56, 1.11, 2.26, 2.17, 0.67, 1.67, 935354.206231796
No.507: 1.23, 6.88, 2.67, 4.51, 2.56, 1.11, 2.26, 2.17, 0.67, 1.67, 935354.206231796
No.508: 1.23, 6.88, 2.67, 4.51, 2.56, 1.11, 2.26, 2.17, 0.67, 1.67, 935354.206231796
No.509: 1.23, 6.88, 2.67, 4.51, 2.56, 1.11, 2.26, 2.17, 0.67, 1.67, 935354.206231796
No.510: 1.23, 6.88, 2.67, 4.51, 2.56, 1.11, 2.26, 2.17, 0.67, 1.67, 935354.206231796
No.511: 1.23, 6.88, 2.67, 4.51, 2.57, 1.11, 2.26, 2.17, 0.67, 1.67, 1046969.7640278833
No.512: 1.23, 6.88, 2.67, 4.51, 2.57, 1.11, 2.26, 2.17, 0.67, 1.67, 1046969.7640278833
No.513: 1.23, 6.88, 2.67, 4.51, 2.57, 1.11, 2.26, 2.17, 0.67, 1.67, 1046969.7640278833
No.514: 1.23, 6.88, 2.67, 4.51, 2.57, 1.11, 2.26, 2.17, 0.67, 1.67, 1046969.7640278833
No.515: 1.23, 6.88, 2.67, 4.51, 2.57, 1.11, 2.26, 2.17, 0.67, 1.67, 1046969.7640278833
No.516: 1.23, 6.88, 2.67, 4.52, 2.56, 1.11, 2.26, 2.17, 0.67, 1.67, 1169715.8117710487
No.517: 1.23, 6.88, 2.67, 4.51, 2.57, 1.11, 2.26, 2.17, 0.67, 1.67, 1046969.7640278833
No.518: 1.23, 6.88, 2.67, 4.51, 2.56, 1.11, 2.26, 2.17, 0.67, 1.67, 935354.206231796
No.519: 1.23, 6.88, 2.67, 4.51, 2.56, 1.11, 2.26, 2.17, 0.67, 1.67, 935354.206231796
No.520: 1.23, 6.88, 2.67, 4.51, 2.57, 1.11, 2.26, 2.17, 0.67, 1.67, 1046969.7640278833
No.521: 1.23, 6.88, 2.67, 4.51, 2.56, 1.11, 2.26, 2.17, 0.67, 1.67, 935354.206231796
No.522: 1.23, 6.88, 2.67, 4.51, 2.56, 1.11, 2.26, 2.17, 0.67, 1.67, 935354.206231796
No.523: 1.23, 6.88, 2.67, 4.51, 2.57, 1.11, 2.26, 2.17, 0.67, 1.67, 1046969.7640278833
No.524: 1.23, 6.88, 2.67, 4.51, 2.57, 1.11, 2.26, 2.17, 0.67, 1.67, 1046969.7640278833
No.525: 1.23, 6.88, 2.67, 4.51, 2.57, 1.11, 2.26, 2.17, 0.67, 1.67, 1046969.7640278833
No.526: 1.23, 6.88, 2.67, 4.51, 2.57, 1.11, 2.26, 2.17, 0.67, 1.67, 1046969.7640278833
No.527: 1.23, 6.88, 2.67, 4.51, 2.57, 1.11, 2.26, 2.17, 0.67, 1.67, 1046969.7640278833
No.528: 1.23, 6.88, 2.67, 4.52, 2.56, 1.11, 2.26, 2.17, 0.67, 1.67, 1169715.8117710487
No.529: 1.23, 6.88, 2.67, 4.51, 2.57, 1.11, 2.26, 2.17, 0.67, 1.67, 1046969.7640278833
No.530: 1.23, 6.88, 2.67, 4.51, 2.56, 1.11, 2.26, 2.17, 0.67, 1.67, 935354.206231796
No.531: 1.23, 6.88, 2.67, 4.51, 2.56, 1.11, 2.26, 2.17, 0.67, 1.67, 935354.206231796
No.532: 1.23, 6.88, 2.67, 4.51, 2.56, 1.11, 2.26, 2.17, 0.67, 1.67, 935354.206231796
No.533: 1.23, 6.88, 2.67, 4.51, 2.56, 1.11, 2.26, 2.17, 0.67, 1.67, 935354.206231796
No.534: 1.23, 6.88, 2.67, 4.51, 2.57, 1.11, 2.26, 2.17, 0.67, 1.67, 1046969.7640278833
No.535: 1.23, 6.88, 2.67, 4.51, 2.57, 1.11, 2.26, 2.17, 0.67, 1.67, 1046969.7640278833
No.536: 1.23, 6.88, 2.67, 4.51, 2.57, 1.11, 2.26, 2.17, 0.67, 1.67, 1046969.7640278833
No.537: 1.23, 6.88, 2.67, 4.51, 2.57, 1.11, 2.26, 2.17, 0.67, 1.67, 1046969.7640278833
No.538: 1.23, 6.88, 2.67, 4.51, 2.57, 1.11, 2.26, 2.17, 0.67, 1.67, 1046969.7640278833
No.539: 1.23, 6.88, 2.67, 4.51, 2.57, 1.11, 2.26, 2.17, 0.67, 1.67, 1046969.7640278833
No.540: 1.23, 6.88, 2.67, 4.52, 2.56, 1.11, 2.26, 2.17, 0.67, 1.67, 1169715.8117710487
No.541: 1.23, 6.88, 2.67, 4.51, 2.57, 1.11, 2.26, 2.17, 0.67, 1.67, 1046969.7640278833
No.542: 1.23, 6.88, 2.67, 4.51, 2.56, 1.11, 2.26, 2.17, 0.67, 1.67, 935354.206231796
No.543: 1.23, 6.88, 2.67, 4.51, 2.57, 1.11, 2.26, 2.17, 0.67, 1.67, 1046969.7640278833
No.544: 1.23, 6.88, 2.67, 4.51, 2.56, 1.11, 2.26, 2.17, 0.67, 1.67, 935354.206231796
No.545: 1.23, 6.88, 2.67, 4.51, 2.56, 1.11, 2.26, 2.17, 0.67, 1.67, 935354.206231796
No.546: 1.23, 6.88, 2.67, 4.51, 2.57, 1.11, 2.26, 2.17, 0.67, 1.67, 1046969.7640278833
No.547: 1.23, 6.88, 2.67, 4.51, 2.57, 1.11, 2.26, 2.17, 0.67, 1.67, 1046969.7640278833
No.548: 1.23, 6.88, 2.67, 4.51, 2.57, 1.11, 2.26, 2.17, 0.67, 1.67, 1046969.7640278833
No.549: 1.23, 6.88, 2.67, 4.51, 2.57, 1.11, 2.26, 2.17, 0.67, 1.67, 1046969.7640278833
No.550: 1.23, 6.88, 2.67, 4.51, 2.57, 1.11, 2.26, 2.17, 0.67, 1.67, 1046969.7640278833
No.551: 1.23, 6.88, 2.67, 4.51, 2.57, 1.11, 2.26, 2.17, 0.67, 1.67, 1046969.7640278833
No.552: 1.23, 6.88, 2.67, 4.52, 2.56, 1.11, 2.26, 2.17, 0.67, 1.67, 1169715.8117710487
No.553: 1.23, 6.88, 2.67, 4.51, 2.57, 1.11, 2.26, 2.17, 0.67, 1.67, 1046969.7640278833
No.554: 1.23, 6.88, 2.67, 4.51, 2.56, 1.11, 2.26, 2.17, 0.67, 1.67, 935354.206231796
No.555: 1.23, 6.88, 2.67, 4.51, 2.56, 1.11, 2.26, 2.17, 0.67, 1.67, 935354.206231796
No.556: 1.23, 6.88, 2.67, 4.51, 2.56, 1.11, 2.26, 2.17, 0.67, 1.67, 935354.206231796
No.557: 1.23, 6.88, 2.67, 4.51, 2.57, 1.11, 2.26, 2.17, 0.67, 1.67, 1046969.7640278833
No.558: 1.23, 6.88, 2.67, 4.51, 2.57, 1.11, 2.26, 2.17, 0.67, 1.67, 1046969.7640278833
No.559: 1.23, 6.88, 2.67, 4.51, 2.57, 1.11, 2.26, 2.17, 0.67, 1.67, 1046969.7640278833
No.560: 1.23, 6.88, 2.67, 4.51, 2.57, 1.11, 2.26, 2.17, 0.67, 1.67, 1046969.7640278833
No.561: 1.23, 6.88, 2.67, 4.51, 2.57, 1.11, 2.26, 2.17, 0.67, 1.67, 1046969.7640278833
No.562: 1.23, 6.88, 2.67, 4.51, 2.57, 1.11, 2.26, 2.17, 0.67, 1.67, 1046969.7640278833
No.563: 1.23, 6.88, 2.67, 4.51, 2.57, 1.11, 2.26, 2.17, 0.67, 1.67, 1046969.7640278833
No.564: 1.23, 6.88, 2.67, 4.52, 2.56, 1.11, 2.26, 2.17, 0.67, 1.67, 1169715.8117710487
No.565: 1.23, 6.88, 2.67, 4.51, 2.57, 1.11, 2.26, 2.17, 0.67, 1.67, 1046969.7640278833
No.566: 1.23, 6.88, 2.67, 4.51, 2.56, 1.11, 2.26, 2.17, 0.67, 1.67, 935354.206231796
No.567: 1.23, 6.88, 2.67, 4.51, 2.56, 1.11, 2.26, 2.17, 0.67, 1.67, 935354.206231796
No.568: 1.23, 6.88, 2.67, 4.51, 2.57, 1.11, 2.26, 2.17, 0.67, 1.67, 1046969.7640278833
No.569: 1.23, 6.88, 2.67, 4.51, 2.57, 1.11, 2.26, 2.17, 0.67, 1.67, 1046969.7640278833
No.570: 1.23, 6.88, 2.67, 4.51, 2.57, 1.11, 2.26, 2.17, 0.67, 1.67, 1046969.7640278833
No.571: 1.23, 6.88, 2.67, 4.51, 2.57, 1.11, 2.26, 2.17, 0.67, 1.67, 1046969.7640278833
No.572: 1.23, 6.88, 2.67, 4.51, 2.57, 1.11, 2.26, 2.17, 0.67, 1.67, 1046969.7640278833
No.573: 1.23, 6.88, 2.67, 4.51, 2.57, 1.11, 2.26, 2.17, 0.67, 1.67, 1046969.7640278833
No.574: 1.23, 6.88, 2.67, 4.51, 2.57, 1.11, 2.26, 2.17, 0.67, 1.67, 1046969.7640278833
No.575: 1.23, 6.88, 2.67, 4.51, 2.57, 1.11, 2.26, 2.17, 0.67, 1.67, 1046969.7640278833
No.576: 1.23, 6.88, 2.67, 4.52, 2.56, 1.11, 2.26, 2.17, 0.67, 1.67, 1169715.8117710487
No.577: 1.23, 6.88, 2.67, 4.51, 2.57, 1.11, 2.26, 2.17, 0.67, 1.67, 1046969.7640278833
No.578: 1.23, 6.88, 2.67, 4.51, 2.56, 1.11, 2.26, 2.17, 0.67, 1.67, 935354.206231796
No.579: 1.23, 6.88, 2.67, 4.51, 2.56, 1.11, 2.26, 2.17, 0.67, 1.67, 935354.206231796
No.580: 1.23, 6.88, 2.67, 4.51, 2.57, 1.11, 2.26, 2.17, 0.67, 1.67, 1046969.7640278833
No.581: 1.23, 6.88, 2.67, 4.51, 2.57, 1.11, 2.26, 2.17, 0.67, 1.67, 1046969.7640278833
No.582: 1.23, 6.88, 2.67, 4.51, 2.57, 1.11, 2.26, 2.17, 0.67, 1.67, 1046969.7640278833
No.583: 1.23, 6.88, 2.67, 4.51, 2.57, 1.11, 2.26, 2.17, 0.67, 1.67, 1046969.7640278833
No.584: 1.23, 6.88, 2.67, 4.51, 2.57, 1.11, 2.26, 2.17, 0.67, 1.67, 1046969.7640278833
No.585: 1.23, 6.88, 2.67, 4.51, 2.57, 1.11, 2.26, 2.17, 0.67, 1.67, 1046969.7640278833
No.586: 1.23, 6.88, 2.67, 4.51, 2.57, 1.11, 2.26, 2.17, 0.67, 1.67, 1046969.7640278833
No.587: 1.23, 6.88, 2.67, 4.51, 2.57, 1.11, 2.26, 2.17, 0.67, 1.67, 1046969.7640278833
No.588: 1.23, 6.88, 2.67, 4.52, 2.57, 1.11, 2.26, 2.17, 0.67, 1.67, 1396695.5154315059
No.589: 1.23, 6.88, 2.67, 4.51, 2.57, 1.11, 2.26, 2.17, 0.67, 1.67, 1046969.7640278833
No.590: 1.23, 6.88, 2.67, 4.51, 2.56, 1.11, 2.26, 2.17, 0.67, 1.67, 935354.206231796
No.591: 1.23, 6.88, 2.67, 4.51, 2.57, 1.11, 2.26, 2.17, 0.67, 1.67, 1046969.7640278833
No.592: 1.23, 6.88, 2.67, 4.51, 2.57, 1.11, 2.26, 2.17, 0.67, 1.67, 1046969.7640278833
No.593: 1.23, 6.88, 2.67, 4.51, 2.57, 1.11, 2.26, 2.17, 0.67, 1.67, 1046969.7640278833
No.594: 1.23, 6.88, 2.67, 4.51, 2.57, 1.11, 2.26, 2.17, 0.67, 1.67, 1046969.7640278833
No.595: 1.23, 6.88, 2.67, 4.51, 2.57, 1.11, 2.26, 2.17, 0.67, 1.67, 1046969.7640278833
No.596: 1.23, 6.88, 2.67, 4.51, 2.57, 1.11, 2.26, 2.17, 0.67, 1.67, 1046969.7640278833
No.597: 1.23, 6.88, 2.67, 4.51, 2.57, 1.11, 2.26, 2.17, 0.67, 1.67, 1046969.7640278833
No.598: 1.23, 6.88, 2.67, 4.51, 2.57, 1.11, 2.26, 2.17, 0.67, 1.67, 1046969.7640278833
No.599: 1.23, 6.88, 2.67, 4.51, 2.57, 1.11, 2.26, 2.17, 0.67, 1.67, 1046969.7640278833
No.600: 1.23, 6.88, 2.67, 4.52, 2.57, 1.11, 2.26, 2.17, 0.67, 1.67, 1396695.5154315059
No.601: 1.23, 6.88, 2.67, 4.51, 2.57, 1.11, 2.26, 2.17, 0.67, 1.67, 1046969.7640278833
No.602: 1.23, 6.88, 2.67, 4.51, 2.57, 1.11, 2.26, 2.17, 0.67, 1.67, 1046969.7640278833
No.603: 1.23, 6.88, 2.67, 4.51, 2.57, 1.11, 2.26, 2.17, 0.67, 1.67, 1046969.7640278833
No.604: 1.23, 6.88, 2.67, 4.51, 2.57, 1.11, 2.26, 2.17, 0.67, 1.67, 1046969.7640278833
No.605: 1.23, 6.88, 2.67, 4.51, 2.57, 1.11, 2.26, 2.17, 0.67, 1.67, 1046969.7640278833
No.606: 1.23, 6.88, 2.67, 4.51, 2.57, 1.11, 2.26, 2.17, 0.67, 1.67, 1046969.7640278833
No.607: 1.23, 6.88, 2.67, 4.51, 2.57, 1.11, 2.26, 2.17, 0.67, 1.67, 1046969.7640278833
No.608: 1.23, 6.88, 2.67, 4.51, 2.57, 1.11, 2.26, 2.17, 0.67, 1.67, 1046969.7640278833
No.609: 1.23, 6.88, 2.67, 4.51, 2.57, 1.11, 2.26, 2.17, 0.67, 1.67, 1046969.7640278833
No.610: 1.23, 6.88, 2.67, 4.51, 2.57, 1.11, 2.26, 2.17, 0.67, 1.67, 1046969.7640278833
No.611: 1.23, 6.88, 2.67, 4.51, 2.57, 1.11, 2.26, 2.17, 0.67, 1.67, 1046969.7640278833
No.612: 1.23, 6.88, 2.67, 4.52, 2.57, 1.11, 2.26, 2.17, 0.67, 1.67, 1396695.5154315059
No.613: 1.23, 6.88, 2.67, 4.51, 2.57, 1.11, 2.26, 2.17, 0.67, 1.67, 1046969.7640278833
No.614: 1.23, 6.88, 2.67, 4.51, 2.57, 1.11, 2.26, 2.17, 0.67, 1.67, 1046969.7640278833
No.615: 1.23, 6.88, 2.67, 4.51, 2.57, 1.11, 2.26, 2.17, 0.67, 1.67, 1046969.7640278833
No.616: 1.23, 6.88, 2.67, 4.51, 2.57, 1.11, 2.26, 2.17, 0.67, 1.67, 1046969.7640278833
No.617: 1.23, 6.88, 2.67, 4.51, 2.57, 1.11, 2.26, 2.17, 0.67, 1.67, 1046969.7640278833
No.618: 1.23, 6.88, 2.67, 4.51, 2.57, 1.11, 2.26, 2.17, 0.67, 1.67, 1046969.7640278833
No.619: 1.23, 6.88, 2.67, 4.51, 2.57, 1.11, 2.26, 2.17, 0.67, 1.67, 1046969.7640278833
No.620: 1.23, 6.88, 2.67, 4.51, 2.57, 1.11, 2.26, 2.17, 0.67, 1.67, 1046969.7640278833
No.621: 1.23, 6.88, 2.67, 4.51, 2.57, 1.11, 2.26, 2.17, 0.67, 1.67, 1046969.7640278833
No.622: 1.23, 6.88, 2.67, 4.51, 2.57, 1.11, 2.26, 2.17, 0.67, 1.67, 1046969.7640278833
No.623: 1.23, 6.88, 2.67, 4.51, 2.57, 1.11, 2.26, 2.17, 0.67, 1.67, 1046969.7640278833
No.624: 1.23, 6.88, 2.67, 4.51, 2.57, 1.11, 2.26, 2.17, 0.67, 1.67, 1046969.7640278833
No.625: 1.23, 6.88, 2.67, 4.51, 2.57, 1.11, 2.26, 2.17, 0.67, 1.67, 1046969.7640278833
No.626: 1.23, 6.88, 2.67, 4.51, 2.57, 1.11, 2.26, 2.17, 0.67, 1.67, 1046969.7640278833
No.627: 1.23, 6.88, 2.67, 4.51, 2.57, 1.11, 2.26, 2.17, 0.67, 1.67, 1046969.7640278833
No.628: 1.23, 6.88, 2.67, 4.51, 2.57, 1.11, 2.26, 2.17, 0.67, 1.67, 1046969.7640278833
No.629: 1.23, 6.88, 2.67, 4.51, 2.57, 1.11, 2.26, 2.17, 0.67, 1.67, 1046969.7640278833
No.630: 1.23, 6.88, 2.67, 4.51, 2.57, 1.11, 2.26, 2.17, 0.67, 1.67, 1046969.7640278833
No.631: 1.23, 6.88, 2.67, 4.51, 2.57, 1.11, 2.26, 2.17, 0.67, 1.67, 1046969.7640278833
No.632: 1.23, 6.88, 2.67, 4.51, 2.57, 1.11, 2.26, 2.17, 0.67, 1.67, 1046969.7640278833
No.633: 1.23, 6.88, 2.67, 4.51, 2.57, 1.11, 2.26, 2.17, 0.67, 1.67, 1046969.7640278833
No.634: 1.23, 6.88, 2.67, 4.51, 2.57, 1.11, 2.26, 2.17, 0.67, 1.67, 1046969.7640278833
No.635: 1.23, 6.88, 2.67, 4.51, 2.57, 1.11, 2.26, 2.17, 0.67, 1.67, 1046969.7640278833
No.636: 1.23, 6.88, 2.67, 4.51, 2.57, 1.11, 2.26, 2.17, 0.67, 1.67, 1046969.7640278833
No.637: 1.23, 6.88, 2.67, 4.51, 2.57, 1.11, 2.26, 2.17, 0.67, 1.67, 1046969.7640278833
No.638: 1.23, 6.88, 2.67, 4.51, 2.57, 1.11, 2.26, 2.17, 0.67, 1.67, 1046969.7640278833
No.639: 1.23, 6.88, 2.67, 4.51, 2.57, 1.11, 2.26, 2.17, 0.67, 1.67, 1046969.7640278833
No.640: 1.23, 6.88, 2.67, 4.51, 2.57, 1.11, 2.26, 2.17, 0.67, 1.67, 1046969.7640278833
No.641: 1.23, 6.88, 2.67, 4.51, 2.57, 1.11, 2.26, 2.17, 0.67, 1.67, 1046969.7640278833
No.642: 1.23, 6.88, 2.67, 4.51, 2.57, 1.11, 2.26, 2.17, 0.67, 1.67, 1046969.7640278833
No.643: 1.23, 6.88, 2.67, 4.51, 2.57, 1.11, 2.26, 2.17, 0.67, 1.67, 1046969.7640278833
No.644: 1.23, 6.88, 2.67, 4.51, 2.57, 1.11, 2.26, 2.17, 0.67, 1.67, 1046969.7640278833
No.645: 1.23, 6.88, 2.67, 4.51, 2.57, 1.11, 2.26, 2.17, 0.67, 1.67, 1046969.7640278833
No.646: 1.23, 6.88, 2.67, 4.51, 2.57, 1.11, 2.26, 2.17, 0.67, 1.67, 1046969.7640278833
No.647: 1.23, 6.88, 2.67, 4.51, 2.57, 1.11, 2.26, 2.17, 0.67, 1.67, 1046969.7640278833
No.648: 1.23, 6.88, 2.67, 4.51, 2.57, 1.11, 2.26, 2.17, 0.67, 1.67, 1046969.7640278833
No.649: 1.23, 6.88, 2.67, 4.51, 2.57, 1.11, 2.26, 2.17, 0.67, 1.67, 1046969.7640278833
No.650: 1.23, 6.88, 2.67, 4.51, 2.57, 1.11, 2.26, 2.17, 0.67, 1.67, 1046969.7640278833
No.651: 1.23, 6.88, 2.67, 4.51, 2.57, 1.11, 2.26, 2.17, 0.67, 1.67, 1046969.7640278833
No.652: 1.23, 6.88, 2.67, 4.51, 2.57, 1.11, 2.26, 2.17, 0.67, 1.67, 1046969.7640278833
No.653: 1.23, 6.88, 2.67, 4.51, 2.57, 1.11, 2.26, 2.17, 0.67, 1.67, 1046969.7640278833
No.654: 1.23, 6.88, 2.67, 4.51, 2.57, 1.11, 2.26, 2.17, 0.67, 1.67, 1046969.7640278833
No.655: 1.23, 6.88, 2.67, 4.51, 2.57, 1.11, 2.26, 2.17, 0.67, 1.67, 1046969.7640278833
No.656: 1.23, 6.88, 2.67, 4.51, 2.57, 1.11, 2.26, 2.17, 0.67, 1.67, 1046969.7640278833
No.657: 1.23, 6.88, 2.67, 4.51, 2.57, 1.11, 2.26, 2.17, 0.67, 1.67, 1046969.7640278833
No.658: 1.23, 6.88, 2.67, 4.51, 2.57, 1.11, 2.26, 2.17, 0.67, 1.67, 1046969.7640278833
No.659: 1.23, 6.88, 2.67, 4.51, 2.57, 1.11, 2.26, 2.17, 0.67, 1.67, 1046969.7640278833
No.660: 1.23, 6.88, 2.67, 4.51, 2.57, 1.11, 2.26, 2.17, 0.67, 1.67, 1046969.7640278833
No.661: 1.23, 6.88, 2.67, 4.51, 2.57, 1.11, 2.26, 2.17, 0.67, 1.67, 1046969.7640278833
No.662: 1.23, 6.88, 2.67, 4.51, 2.57, 1.11, 2.26, 2.17, 0.67, 1.67, 1046969.7640278833
No.663: 1.23, 6.88, 2.67, 4.51, 2.57, 1.11, 2.26, 2.17, 0.67, 1.67, 1046969.7640278833
No.664: 1.23, 6.88, 2.67, 4.51, 2.57, 1.11, 2.26, 2.17, 0.67, 1.67, 1046969.7640278833
No.665: 1.23, 6.88, 2.67, 4.51, 2.57, 1.11, 2.26, 2.17, 0.67, 1.67, 1046969.7640278833
No.666: 1.23, 6.88, 2.67, 4.51, 2.57, 1.11, 2.26, 2.17, 0.67, 1.67, 1046969.7640278833
No.667: 1.23, 6.88, 2.67, 4.51, 2.57, 1.11, 2.26, 2.17, 0.67, 1.67, 1046969.7640278833
No.668: 1.23, 6.88, 2.67, 4.51, 2.57, 1.11, 2.26, 2.17, 0.67, 1.67, 1046969.7640278833
No.669: 1.23, 6.88, 2.67, 4.51, 2.57, 1.11, 2.26, 2.17, 0.67, 1.67, 1046969.7640278833
No.670: 1.23, 6.88, 2.67, 4.51, 2.57, 1.11, 2.26, 2.16, 0.67, 1.67, 891678.37093958
No.671: 1.23, 6.88, 2.67, 4.51, 2.57, 1.11, 2.26, 2.17, 0.67, 1.67, 1046969.7640278833
No.672: 1.23, 6.88, 2.67, 4.51, 2.57, 1.11, 2.26, 2.17, 0.67, 1.67, 1046969.7640278833
No.673: 1.23, 6.88, 2.67, 4.51, 2.57, 1.11, 2.26, 2.17, 0.67, 1.67, 1046969.7640278833
No.674: 1.23, 6.88, 2.67, 4.51, 2.57, 1.11, 2.26, 2.16, 0.67, 1.67, 891678.37093958
No.675: 1.23, 6.88, 2.67, 4.51, 2.57, 1.11, 2.26, 2.17, 0.67, 1.67, 1046969.7640278833
No.676: 1.23, 6.88, 2.67, 4.51, 2.57, 1.11, 2.26, 2.17, 0.67, 1.67, 1046969.7640278833
No.677: 1.23, 6.88, 2.67, 4.51, 2.57, 1.11, 2.26, 2.17, 0.67, 1.67, 1046969.7640278833
No.678: 1.23, 6.88, 2.67, 4.51, 2.57, 1.11, 2.26, 2.17, 0.67, 1.67, 1046969.7640278833
No.679: 1.23, 6.88, 2.67, 4.51, 2.57, 1.11, 2.26, 2.17, 0.67, 1.67, 1046969.7640278833
No.680: 1.23, 6.88, 2.67, 4.51, 2.57, 1.11, 2.26, 2.16, 0.67, 1.67, 891678.37093958
No.681: 1.23, 6.88, 2.67, 4.51, 2.57, 1.11, 2.26, 2.17, 0.67, 1.67, 1046969.7640278833
No.682: 1.23, 6.88, 2.67, 4.51, 2.57, 1.11, 2.26, 2.17, 0.67, 1.67, 1046969.7640278833
No.683: 1.23, 6.88, 2.67, 4.51, 2.57, 1.11, 2.26, 2.17, 0.67, 1.67, 1046969.7640278833
No.684: 1.23, 6.88, 2.67, 4.51, 2.57, 1.11, 2.26, 2.17, 0.67, 1.67, 1046969.7640278833
No.685: 1.23, 6.88, 2.67, 4.51, 2.57, 1.11, 2.26, 2.17, 0.67, 1.67, 1046969.7640278833
No.686: 1.23, 6.88, 2.67, 4.51, 2.57, 1.11, 2.26, 2.16, 0.67, 1.67, 891678.37093958
No.687: 1.23, 6.88, 2.67, 4.51, 2.57, 1.11, 2.26, 2.16, 0.67, 1.67, 891678.37093958
No.688: 1.23, 6.88, 2.67, 4.51, 2.57, 1.11, 2.26, 2.16, 0.67, 1.67, 891678.37093958
No.689: 1.23, 6.88, 2.67, 4.51, 2.57, 1.11, 2.26, 2.17, 0.67, 1.67, 1046969.7640278833
No.690: 1.23, 6.88, 2.67, 4.51, 2.57, 1.11, 2.26, 2.17, 0.67, 1.67, 1046969.7640278833
No.691: 1.23, 6.88, 2.67, 4.51, 2.57, 1.11, 2.26, 2.17, 0.67, 1.67, 1046969.7640278833
No.692: 1.23, 6.88, 2.67, 4.51, 2.57, 1.11, 2.26, 2.17, 0.67, 1.67, 1046969.7640278833
No.693: 1.23, 6.88, 2.67, 4.51, 2.57, 1.11, 2.26, 2.17, 0.67, 1.67, 1046969.7640278833
No.694: 1.23, 6.88, 2.67, 4.51, 2.57, 1.11, 2.26, 2.17, 0.67, 1.67, 1046969.7640278833
No.695: 1.23, 6.88, 2.67, 4.51, 2.57, 1.11, 2.26, 2.17, 0.67, 1.67, 1046969.7640278833
No.696: 1.23, 6.88, 2.67, 4.51, 2.57, 1.11, 2.26, 2.17, 0.67, 1.67, 1046969.7640278833
No.697: 1.23, 6.88, 2.67, 4.51, 2.57, 1.11, 2.26, 2.17, 0.67, 1.67, 1046969.7640278833
No.698: 1.23, 6.88, 2.67, 4.51, 2.57, 1.11, 2.26, 2.16, 0.67, 1.67, 891678.37093958
No.699: 1.23, 6.88, 2.67, 4.51, 2.57, 1.11, 2.26, 2.16, 0.67, 1.67, 891678.37093958
No.700: 1.23, 6.88, 2.67, 4.51, 2.57, 1.11, 2.26, 2.16, 0.67, 1.67, 891678.37093958
No.701: 1.23, 6.88, 2.67, 4.51, 2.57, 1.11, 2.26, 2.17, 0.67, 1.67, 1046969.7640278833
No.702: 1.23, 6.88, 2.67, 4.51, 2.57, 1.11, 2.26, 2.17, 0.67, 1.67, 1046969.7640278833
No.703: 1.23, 6.88, 2.67, 4.51, 2.57, 1.11, 2.26, 2.17, 0.67, 1.67, 1046969.7640278833
No.704: 1.23, 6.88, 2.67, 4.51, 2.57, 1.11, 2.26, 2.17, 0.67, 1.67, 1046969.7640278833
No.705: 1.23, 6.88, 2.67, 4.51, 2.57, 1.11, 2.26, 2.17, 0.67, 1.67, 1046969.7640278833
No.706: 1.23, 6.88, 2.67, 4.51, 2.57, 1.11, 2.26, 2.17, 0.67, 1.67, 1046969.7640278833
No.707: 1.23, 6.88, 2.67, 4.51, 2.57, 1.11, 2.26, 2.17, 0.67, 1.67, 1046969.7640278833
No.708: 1.23, 6.88, 2.67, 4.51, 2.57, 1.11, 2.26, 2.16, 0.67, 1.67, 891678.37093958
No.709: 1.23, 6.87, 2.67, 4.51, 2.57, 1.11, 2.26, 2.16, 0.67, 1.67, 3543765.4940284146
No.710: 1.23, 6.88, 2.67, 4.51, 2.57, 1.11, 2.26, 2.17, 0.67, 1.67, 1046969.7640278833
No.711: 1.23, 6.88, 2.67, 4.51, 2.57, 1.11, 2.26, 2.16, 0.67, 1.67, 891678.37093958
No.712: 1.23, 6.88, 2.67, 4.51, 2.57, 1.11, 2.26, 2.16, 0.67, 1.67, 891678.37093958
No.713: 1.23, 6.88, 2.67, 4.51, 2.57, 1.11, 2.26, 2.16, 0.67, 1.67, 891678.37093958
No.714: 1.23, 6.88, 2.67, 4.51, 2.57, 1.11, 2.26, 2.16, 0.67, 1.67, 891678.37093958
No.715: 1.23, 6.88, 2.67, 4.51, 2.57, 1.11, 2.26, 2.16, 0.67, 1.67, 891678.37093958
No.716: 1.23, 6.88, 2.67, 4.51, 2.57, 1.11, 2.26, 2.17, 0.67, 1.67, 1046969.7640278833
No.717: 1.23, 6.88, 2.67, 4.51, 2.57, 1.11, 2.26, 2.17, 0.67, 1.67, 1046969.7640278833
No.718: 1.23, 6.88, 2.67, 4.51, 2.57, 1.11, 2.26, 2.16, 0.67, 1.67, 891678.37093958
No.719: 1.23, 6.88, 2.67, 4.51, 2.57, 1.11, 2.26, 2.17, 0.67, 1.67, 1046969.7640278833
No.720: 1.23, 6.88, 2.67, 4.51, 2.57, 1.11, 2.26, 2.17, 0.67, 1.67, 1046969.7640278833
No.721: 1.23, 6.88, 2.67, 4.51, 2.57, 1.11, 2.26, 2.16, 0.67, 1.67, 891678.37093958
No.722: 1.23, 6.88, 2.67, 4.51, 2.57, 1.11, 2.26, 2.16, 0.67, 1.67, 891678.37093958
No.723: 1.23, 6.88, 2.67, 4.51, 2.57, 1.11, 2.26, 2.16, 0.67, 1.67, 891678.37093958
No.724: 1.23, 6.88, 2.67, 4.52, 2.57, 1.11, 2.26, 2.16, 0.67, 1.67, 1044996.3625326663
No.725: 1.23, 6.88, 2.67, 4.52, 2.57, 1.11, 2.26, 2.16, 0.67, 1.67, 1044996.3625326663
No.726: 1.23, 6.88, 2.67, 4.51, 2.57, 1.11, 2.26, 2.16, 0.67, 1.67, 891678.37093958
No.727: 1.23, 6.88, 2.67, 4.51, 2.57, 1.11, 2.26, 2.16, 0.67, 1.67, 891678.37093958
No.728: 1.23, 6.88, 2.67, 4.51, 2.57, 1.11, 2.26, 2.16, 0.67, 1.67, 891678.37093958
No.729: 1.23, 6.88, 2.67, 4.51, 2.57, 1.11, 2.26, 2.16, 0.67, 1.67, 891678.37093958
No.730: 1.23, 6.88, 2.67, 4.51, 2.57, 1.11, 2.26, 2.16, 0.67, 1.67, 891678.37093958
No.731: 1.23, 6.88, 2.67, 4.51, 2.57, 1.11, 2.26, 2.16, 0.67, 1.67, 891678.37093958
No.732: 1.23, 6.88, 2.67, 4.51, 2.57, 1.11, 2.26, 2.16, 0.67, 1.67, 891678.37093958
No.733: 1.23, 6.88, 2.67, 4.51, 2.57, 1.11, 2.26, 2.16, 0.67, 1.67, 891678.37093958
No.734: 1.23, 6.88, 2.67, 4.51, 2.57, 1.11, 2.26, 2.16, 0.67, 1.67, 891678.37093958
No.735: 1.23, 6.88, 2.67, 4.51, 2.57, 1.11, 2.26, 2.16, 0.67, 1.67, 891678.37093958
No.736: 1.23, 6.88, 2.67, 4.51, 2.57, 1.11, 2.26, 2.16, 0.67, 1.67, 891678.37093958
No.737: 1.23, 6.88, 2.67, 4.51, 2.57, 1.11, 2.26, 2.16, 0.67, 1.67, 891678.37093958
No.738: 1.23, 6.88, 2.67, 4.51, 2.57, 1.11, 2.26, 2.16, 0.67, 1.67, 891678.37093958
No.739: 1.23, 6.88, 2.67, 4.51, 2.57, 1.11, 2.26, 2.16, 0.67, 1.67, 891678.37093958
No.740: 1.23, 6.88, 2.67, 4.51, 2.57, 1.11, 2.26, 2.16, 0.67, 1.67, 891678.37093958
No.741: 1.23, 6.88, 2.67, 4.51, 2.57, 1.11, 2.26, 2.16, 0.67, 1.67, 891678.37093958
No.742: 1.23, 6.88, 2.67, 4.51, 2.57, 1.11, 2.26, 2.16, 0.67, 1.67, 891678.37093958
No.743: 1.23, 6.88, 2.67, 4.51, 2.57, 1.11, 2.26, 2.16, 0.67, 1.67, 891678.37093958
No.744: 1.23, 6.88, 2.67, 4.51, 2.57, 1.11, 2.26, 2.16, 0.67, 1.67, 891678.37093958
No.745: 1.23, 6.88, 2.67, 4.51, 2.57, 1.11, 2.26, 2.16, 0.67, 1.67, 891678.37093958
No.746: 1.23, 6.88, 2.67, 4.51, 2.57, 1.11, 2.26, 2.16, 0.67, 1.67, 891678.37093958
No.747: 1.23, 6.88, 2.67, 4.51, 2.57, 1.11, 2.26, 2.16, 0.67, 1.67, 891678.37093958
No.748: 1.23, 6.88, 2.67, 4.51, 2.57, 1.11, 2.26, 2.16, 0.67, 1.67, 891678.37093958
No.749: 1.23, 6.88, 2.67, 4.51, 2.57, 1.11, 2.26, 2.16, 0.67, 1.67, 891678.37093958
No.750: 1.23, 6.88, 2.67, 4.51, 2.57, 1.11, 2.26, 2.16, 0.67, 1.67, 891678.37093958
No.751: 1.23, 6.88, 2.67, 4.51, 2.57, 1.11, 2.26, 2.16, 0.67, 1.67, 891678.37093958
No.752: 1.23, 6.88, 2.67, 4.51, 2.57, 1.11, 2.26, 2.16, 0.67, 1.67, 891678.37093958
No.753: 1.23, 6.88, 2.67, 4.51, 2.57, 1.11, 2.26, 2.16, 0.67, 1.67, 891678.37093958
No.754: 1.23, 6.88, 2.67, 4.51, 2.57, 1.11, 2.26, 2.16, 0.67, 1.67, 891678.37093958
No.755: 1.23, 6.88, 2.67, 4.51, 2.57, 1.11, 2.26, 2.16, 0.67, 1.67, 891678.37093958
No.756: 1.23, 6.88, 2.67, 4.51, 2.57, 1.11, 2.26, 2.16, 0.67, 1.67, 891678.37093958
No.757: 1.23, 6.88, 2.67, 4.51, 2.57, 1.11, 2.26, 2.16, 0.67, 1.67, 891678.37093958
No.758: 1.23, 6.88, 2.67, 4.51, 2.57, 1.11, 2.26, 2.16, 0.67, 1.67, 891678.37093958
No.759: 1.23, 6.88, 2.67, 4.51, 2.57, 1.11, 2.26, 2.16, 0.67, 1.67, 891678.37093958
No.760: 1.23, 6.88, 2.67, 4.51, 2.57, 1.11, 2.26, 2.16, 0.67, 1.67, 891678.37093958
No.761: 1.23, 6.88, 2.67, 4.51, 2.57, 1.11, 2.26, 2.16, 0.67, 1.67, 891678.37093958
No.762: 1.23, 6.88, 2.67, 4.51, 2.57, 1.11, 2.26, 2.16, 0.67, 1.67, 891678.37093958
No.763: 1.23, 6.88, 2.67, 4.51, 2.57, 1.11, 2.26, 2.16, 0.67, 1.67, 891678.37093958
No.764: 1.23, 6.88, 2.67, 4.51, 2.57, 1.11, 2.26, 2.16, 0.67, 1.67, 891678.37093958
No.765: 1.23, 6.88, 2.67, 4.51, 2.57, 1.11, 2.26, 2.16, 0.67, 1.67, 891678.37093958
No.766: 1.23, 6.88, 2.67, 4.51, 2.57, 1.11, 2.26, 2.16, 0.67, 1.67, 891678.37093958
No.767: 1.23, 6.88, 2.67, 4.51, 2.57, 1.11, 2.26, 2.16, 0.67, 1.67, 891678.37093958
No.768: 1.23, 6.88, 2.67, 4.51, 2.57, 1.11, 2.26, 2.16, 0.67, 1.67, 891678.37093958
No.769: 1.23, 6.88, 2.67, 4.51, 2.57, 1.11, 2.26, 2.16, 0.67, 1.67, 891678.37093958
No.770: 1.23, 6.88, 2.67, 4.51, 2.57, 1.11, 2.26, 2.16, 0.67, 1.67, 891678.37093958
No.771: 1.23, 6.88, 2.67, 4.51, 2.57, 1.11, 2.26, 2.16, 0.67, 1.67, 891678.37093958
No.772: 1.23, 6.88, 2.67, 4.51, 2.57, 1.11, 2.26, 2.16, 0.67, 1.67, 891678.37093958
No.773: 1.23, 6.88, 2.67, 4.51, 2.57, 1.11, 2.26, 2.16, 0.67, 1.67, 891678.37093958
No.774: 1.23, 6.88, 2.67, 4.51, 2.57, 1.11, 2.26, 2.16, 0.67, 1.67, 891678.37093958
No.775: 1.23, 6.88, 2.67, 4.51, 2.57, 1.11, 2.26, 2.16, 0.67, 1.67, 891678.37093958
No.776: 1.23, 6.88, 2.67, 4.51, 2.57, 1.11, 2.26, 2.16, 0.67, 1.67, 891678.37093958
No.777: 1.23, 6.88, 2.67, 4.51, 2.57, 1.11, 2.26, 2.16, 0.67, 1.67, 891678.37093958
No.778: 1.23, 6.88, 2.67, 4.51, 2.57, 1.11, 2.26, 2.16, 0.67, 1.67, 891678.37093958
No.779: 1.23, 6.88, 2.67, 4.51, 2.57, 1.11, 2.26, 2.16, 0.67, 1.67, 891678.37093958
No.780: 1.23, 6.88, 2.67, 4.51, 2.57, 1.11, 2.26, 2.16, 0.67, 1.67, 891678.37093958
No.781: 1.23, 6.88, 2.67, 4.51, 2.57, 1.11, 2.26, 2.16, 0.67, 1.67, 891678.37093958
No.782: 1.23, 6.88, 2.67, 4.51, 2.57, 1.11, 2.26, 2.16, 0.67, 1.67, 891678.37093958
No.783: 1.23, 6.88, 2.67, 4.51, 2.57, 1.11, 2.26, 2.16, 0.67, 1.67, 891678.37093958
No.784: 1.23, 6.88, 2.67, 4.51, 2.57, 1.11, 2.26, 2.16, 0.67, 1.67, 891678.37093958
No.785: 1.23, 6.88, 2.67, 4.51, 2.57, 1.11, 2.26, 2.16, 0.67, 1.67, 891678.37093958
No.786: 1.23, 6.88, 2.67, 4.51, 2.57, 1.11, 2.26, 2.16, 0.67, 1.67, 891678.37093958
No.787: 1.23, 6.88, 2.67, 4.51, 2.57, 1.11, 2.26, 2.16, 0.67, 1.67, 891678.37093958
No.788: 1.23, 6.88, 2.67, 4.51, 2.57, 1.11, 2.26, 2.16, 0.67, 1.67, 891678.37093958
No.789: 1.23, 6.88, 2.67, 4.51, 2.57, 1.11, 2.26, 2.16, 0.67, 1.67, 891678.37093958
No.790: 1.23, 6.88, 2.67, 4.51, 2.57, 1.11, 2.26, 2.16, 0.67, 1.67, 891678.37093958
No.791: 1.23, 6.88, 2.67, 4.51, 2.57, 1.11, 2.26, 2.16, 0.67, 1.67, 891678.37093958
No.792: 1.23, 6.88, 2.67, 4.51, 2.57, 1.11, 2.26, 2.16, 0.67, 1.67, 891678.37093958
No.793: 1.23, 6.88, 2.67, 4.51, 2.57, 1.11, 2.26, 2.16, 0.67, 1.67, 891678.37093958
No.794: 1.23, 6.88, 2.67, 4.51, 2.57, 1.11, 2.26, 2.16, 0.67, 1.67, 891678.37093958
No.795: 1.23, 6.88, 2.67, 4.51, 2.57, 1.11, 2.26, 2.16, 0.67, 1.67, 891678.37093958
No.796: 1.23, 6.88, 2.67, 4.51, 2.57, 1.11, 2.26, 2.16, 0.67, 1.67, 891678.37093958
No.797: 1.23, 6.88, 2.67, 4.51, 2.57, 1.11, 2.26, 2.16, 0.67, 1.67, 891678.37093958
No.798: 1.23, 6.88, 2.67, 4.51, 2.57, 1.11, 2.26, 2.16, 0.67, 1.67, 891678.37093958
No.799: 1.23, 6.88, 2.67, 4.51, 2.57, 1.11, 2.26, 2.16, 0.67, 1.67, 891678.37093958
No.800: 1.23, 6.88, 2.67, 4.51, 2.57, 1.11, 2.26, 2.16, 0.67, 1.67, 891678.37093958
No.801: 1.23, 6.88, 2.67, 4.51, 2.57, 1.11, 2.26, 2.16, 0.67, 1.67, 891678.37093958
No.802: 1.23, 6.88, 2.67, 4.51, 2.57, 1.11, 2.26, 2.16, 0.67, 1.67, 891678.37093958
No.803: 1.23, 6.88, 2.67, 4.51, 2.57, 1.11, 2.26, 2.16, 0.67, 1.67, 891678.37093958
No.804: 1.23, 6.88, 2.67, 4.51, 2.57, 1.11, 2.26, 2.16, 0.67, 1.67, 891678.37093958
No.805: 1.23, 6.88, 2.67, 4.51, 2.57, 1.11, 2.26, 2.16, 0.67, 1.67, 891678.37093958
No.806: 1.23, 6.88, 2.67, 4.51, 2.57, 1.11, 2.26, 2.16, 0.67, 1.67, 891678.37093958
No.807: 1.23, 6.88, 2.67, 4.51, 2.57, 1.11, 2.26, 2.16, 0.67, 1.67, 891678.37093958
No.808: 1.23, 6.88, 2.67, 4.51, 2.57, 1.11, 2.26, 2.16, 0.67, 1.67, 891678.37093958
No.809: 1.23, 6.88, 2.67, 4.51, 2.57, 1.11, 2.26, 2.16, 0.67, 1.67, 891678.37093958
No.810: 1.23, 6.88, 2.67, 4.51, 2.57, 1.11, 2.26, 2.16, 0.67, 1.67, 891678.37093958
No.811: 1.23, 6.88, 2.67, 4.51, 2.57, 1.11, 2.26, 2.16, 0.67, 1.67, 891678.37093958
No.812: 1.23, 6.88, 2.67, 4.51, 2.57, 1.11, 2.26, 2.16, 0.67, 1.67, 891678.37093958
No.813: 1.23, 6.88, 2.67, 4.51, 2.57, 1.11, 2.26, 2.16, 0.67, 1.67, 891678.37093958
No.814: 1.23, 6.88, 2.67, 4.51, 2.57, 1.11, 2.26, 2.16, 0.67, 1.67, 891678.37093958
No.815: 1.23, 6.88, 2.67, 4.51, 2.57, 1.11, 2.26, 2.16, 0.67, 1.67, 891678.37093958
No.816: 1.23, 6.88, 2.67, 4.51, 2.57, 1.11, 2.26, 2.16, 0.67, 1.67, 891678.37093958
No.817: 1.23, 6.88, 2.67, 4.51, 2.57, 1.11, 2.26, 2.16, 0.67, 1.67, 891678.37093958
No.818: 1.23, 6.88, 2.67, 4.51, 2.57, 1.11, 2.26, 2.16, 0.67, 1.67, 891678.37093958
No.819: 1.23, 6.88, 2.67, 4.51, 2.57, 1.11, 2.26, 2.16, 0.67, 1.67, 891678.37093958
No.820: 1.23, 6.88, 2.67, 4.51, 2.57, 1.11, 2.26, 2.16, 0.67, 1.67, 891678.37093958
No.821: 1.23, 6.88, 2.67, 4.51, 2.57, 1.11, 2.26, 2.16, 0.67, 1.67, 891678.37093958
No.822: 1.23, 6.88, 2.67, 4.51, 2.57, 1.11, 2.26, 2.16, 0.67, 1.67, 891678.37093958
No.823: 1.23, 6.88, 2.67, 4.51, 2.57, 1.11, 2.26, 2.16, 0.67, 1.67, 891678.37093958
No.824: 1.23, 6.88, 2.67, 4.51, 2.57, 1.11, 2.26, 2.16, 0.67, 1.67, 891678.37093958
No.825: 1.23, 6.88, 2.67, 4.51, 2.57, 1.11, 2.26, 2.16, 0.67, 1.67, 891678.37093958
No.826: 1.23, 6.88, 2.67, 4.51, 2.57, 1.11, 2.26, 2.16, 0.67, 1.67, 891678.37093958
No.827: 1.23, 6.88, 2.67, 4.51, 2.57, 1.11, 2.26, 2.16, 0.67, 1.67, 891678.37093958
No.828: 1.23, 6.88, 2.67, 4.51, 2.57, 1.11, 2.26, 2.16, 0.67, 1.67, 891678.37093958
No.829: 1.23, 6.88, 2.67, 4.51, 2.57, 1.11, 2.26, 2.16, 0.67, 1.67, 891678.37093958
No.830: 1.23, 6.88, 2.67, 4.51, 2.57, 1.11, 2.26, 2.16, 0.67, 1.67, 891678.37093958
No.831: 1.23, 6.88, 2.67, 4.51, 2.57, 1.11, 2.26, 2.16, 0.67, 1.67, 891678.37093958
No.832: 1.23, 6.88, 2.67, 4.51, 2.57, 1.11, 2.26, 2.16, 0.67, 1.67, 891678.37093958
No.833: 1.23, 6.88, 2.67, 4.51, 2.57, 1.11, 2.26, 2.16, 0.67, 1.67, 891678.37093958
No.834: 1.23, 6.88, 2.67, 4.51, 2.57, 1.11, 2.26, 2.16, 0.67, 1.67, 891678.37093958
No.835: 1.23, 6.88, 2.67, 4.51, 2.57, 1.11, 2.26, 2.16, 0.67, 1.67, 891678.37093958
No.836: 1.23, 6.88, 2.67, 4.51, 2.57, 1.11, 2.26, 2.16, 0.67, 1.67, 891678.37093958
No.837: 1.23, 6.88, 2.67, 4.51, 2.57, 1.11, 2.26, 2.16, 0.67, 1.67, 891678.37093958
No.838: 1.23, 6.88, 2.67, 4.51, 2.57, 1.11, 2.26, 2.16, 0.67, 1.67, 891678.37093958
No.839: 1.23, 6.88, 2.67, 4.51, 2.57, 1.11, 2.26, 2.16, 0.67, 1.67, 891678.37093958
No.840: 1.23, 6.88, 2.67, 4.51, 2.57, 1.11, 2.26, 2.16, 0.67, 1.67, 891678.37093958
No.841: 1.23, 6.88, 2.67, 4.51, 2.57, 1.11, 2.26, 2.16, 0.67, 1.67, 891678.37093958
No.842: 1.23, 6.88, 2.67, 4.51, 2.57, 1.11, 2.26, 2.16, 0.67, 1.67, 891678.37093958
No.843: 1.23, 6.88, 2.67, 4.51, 2.57, 1.11, 2.26, 2.16, 0.67, 1.67, 891678.37093958
No.844: 1.23, 6.88, 2.67, 4.51, 2.57, 1.11, 2.26, 2.16, 0.67, 1.67, 891678.37093958
No.845: 1.23, 6.88, 2.67, 4.51, 2.57, 1.11, 2.26, 2.16, 0.67, 1.67, 891678.37093958
No.846: 1.23, 6.88, 2.67, 4.51, 2.57, 1.11, 2.26, 2.16, 0.67, 1.67, 891678.37093958
No.847: 1.23, 6.88, 2.67, 4.51, 2.57, 1.11, 2.26, 2.16, 0.67, 1.67, 891678.37093958
No.848: 1.23, 6.88, 2.67, 4.51, 2.57, 1.11, 2.26, 2.16, 0.67, 1.67, 891678.37093958
No.849: 1.23, 6.88, 2.67, 4.51, 2.57, 1.11, 2.26, 2.16, 0.67, 1.67, 891678.37093958
No.850: 1.23, 6.88, 2.67, 4.51, 2.57, 1.11, 2.26, 2.16, 0.67, 1.67, 891678.37093958
No.851: 1.23, 6.88, 2.67, 4.51, 2.57, 1.11, 2.26, 2.16, 0.67, 1.67, 891678.37093958
No.852: 1.23, 6.88, 2.67, 4.51, 2.57, 1.11, 2.26, 2.16, 0.67, 1.67, 891678.37093958
No.853: 1.23, 6.88, 2.67, 4.51, 2.57, 1.11, 2.26, 2.16, 0.67, 1.67, 891678.37093958
No.854: 1.23, 6.88, 2.67, 4.51, 2.57, 1.11, 2.26, 2.16, 0.67, 1.67, 891678.37093958
No.855: 1.23, 6.88, 2.67, 4.51, 2.57, 1.11, 2.26, 2.16, 0.67, 1.67, 891678.37093958
No.856: 1.23, 6.88, 2.67, 4.51, 2.57, 1.11, 2.26, 2.16, 0.67, 1.67, 891678.37093958
No.857: 1.23, 6.88, 2.67, 4.51, 2.57, 1.11, 2.26, 2.16, 0.67, 1.67, 891678.37093958
No.858: 1.23, 6.88, 2.67, 4.51, 2.57, 1.11, 2.26, 2.16, 0.67, 1.67, 891678.37093958
No.859: 1.23, 6.88, 2.67, 4.51, 2.57, 1.11, 2.26, 2.16, 0.67, 1.67, 891678.37093958
No.860: 1.23, 6.88, 2.67, 4.51, 2.57, 1.11, 2.26, 2.16, 0.67, 1.67, 891678.37093958
No.861: 1.23, 6.88, 2.67, 4.51, 2.57, 1.11, 2.26, 2.16, 0.67, 1.67, 891678.37093958
No.862: 1.23, 6.88, 2.67, 4.51, 2.57, 1.11, 2.26, 2.16, 0.67, 1.67, 891678.37093958
No.863: 1.23, 6.88, 2.67, 4.51, 2.57, 1.11, 2.26, 2.16, 0.67, 1.67, 891678.37093958
No.864: 1.23, 6.88, 2.67, 4.51, 2.57, 1.11, 2.26, 2.16, 0.67, 1.67, 891678.37093958
No.865: 1.23, 6.88, 2.67, 4.51, 2.57, 1.11, 2.26, 2.16, 0.67, 1.67, 891678.37093958
No.866: 1.23, 6.88, 2.67, 4.51, 2.57, 1.11, 2.26, 2.16, 0.67, 1.67, 891678.37093958
No.867: 1.23, 6.88, 2.67, 4.51, 2.57, 1.11, 2.26, 2.16, 0.67, 1.67, 891678.37093958
No.868: 1.23, 6.88, 2.67, 4.51, 2.57, 1.11, 2.26, 2.16, 0.67, 1.67, 891678.37093958
No.869: 1.23, 6.88, 2.67, 4.51, 2.57, 1.11, 2.26, 2.16, 0.67, 1.67, 891678.37093958
No.870: 1.23, 6.88, 2.67, 4.51, 2.57, 1.11, 2.26, 2.16, 0.67, 1.67, 891678.37093958
No.871: 1.23, 6.88, 2.67, 4.51, 2.57, 1.11, 2.26, 2.16, 0.67, 1.67, 891678.37093958
No.872: 1.23, 6.88, 2.67, 4.51, 2.57, 1.11, 2.26, 2.16, 0.67, 1.67, 891678.37093958
No.873: 1.23, 6.88, 2.67, 4.51, 2.57, 1.11, 2.26, 2.16, 0.67, 1.67, 891678.37093958
No.874: 1.23, 6.88, 2.67, 4.51, 2.57, 1.11, 2.26, 2.16, 0.67, 1.67, 891678.37093958
No.875: 1.23, 6.88, 2.67, 4.51, 2.57, 1.11, 2.26, 2.16, 0.67, 1.67, 891678.37093958
No.876: 1.23, 6.88, 2.67, 4.51, 2.57, 1.11, 2.26, 2.16, 0.67, 1.67, 891678.37093958
No.877: 1.23, 6.88, 2.67, 4.51, 2.57, 1.11, 2.26, 2.16, 0.67, 1.67, 891678.37093958
No.878: 1.23, 6.88, 2.67, 4.51, 2.57, 1.11, 2.26, 2.16, 0.67, 1.67, 891678.37093958
No.879: 1.23, 6.88, 2.67, 4.51, 2.57, 1.11, 2.26, 2.16, 0.67, 1.67, 891678.37093958
No.880: 1.23, 6.88, 2.67, 4.51, 2.57, 1.11, 2.26, 2.16, 0.67, 1.67, 891678.37093958
No.881: 1.23, 6.88, 2.67, 4.51, 2.57, 1.11, 2.26, 2.16, 0.67, 1.67, 891678.37093958
No.882: 1.23, 6.88, 2.67, 4.51, 2.57, 1.11, 2.26, 2.16, 0.67, 1.67, 891678.37093958
No.883: 1.23, 6.88, 2.67, 4.51, 2.57, 1.11, 2.26, 2.16, 0.67, 1.67, 891678.37093958
No.884: 1.23, 6.88, 2.67, 4.51, 2.57, 1.11, 2.26, 2.16, 0.67, 1.67, 891678.37093958
No.885: 1.23, 6.88, 2.67, 4.51, 2.57, 1.11, 2.26, 2.16, 0.67, 1.67, 891678.37093958
No.886: 1.23, 6.88, 2.67, 4.51, 2.57, 1.11, 2.26, 2.16, 0.67, 1.67, 891678.37093958
No.887: 1.23, 6.88, 2.67, 4.51, 2.57, 1.11, 2.26, 2.16, 0.67, 1.67, 891678.37093958
No.888: 1.23, 6.88, 2.67, 4.51, 2.57, 1.11, 2.26, 2.16, 0.67, 1.67, 891678.37093958
No.889: 1.23, 6.88, 2.67, 4.51, 2.57, 1.11, 2.26, 2.16, 0.67, 1.67, 891678.37093958
No.890: 1.23, 6.88, 2.67, 4.51, 2.57, 1.11, 2.26, 2.16, 0.67, 1.67, 891678.37093958
No.891: 1.23, 6.88, 2.67, 4.51, 2.57, 1.11, 2.26, 2.16, 0.67, 1.67, 891678.37093958
No.892: 1.23, 6.88, 2.67, 4.51, 2.57, 1.11, 2.26, 2.16, 0.67, 1.67, 891678.37093958
No.893: 1.23, 6.88, 2.67, 4.51, 2.57, 1.11, 2.26, 2.16, 0.67, 1.67, 891678.37093958
No.894: 1.23, 6.88, 2.67, 4.51, 2.57, 1.11, 2.26, 2.16, 0.67, 1.67, 891678.37093958
No.895: 1.23, 6.88, 2.67, 4.51, 2.57, 1.11, 2.26, 2.16, 0.67, 1.67, 891678.37093958
No.896: 1.23, 6.88, 2.67, 4.51, 2.57, 1.11, 2.26, 2.16, 0.67, 1.67, 891678.37093958
No.897: 1.23, 6.88, 2.67, 4.51, 2.57, 1.11, 2.26, 2.16, 0.67, 1.67, 891678.37093958
No.898: 1.23, 6.88, 2.67, 4.51, 2.57, 1.11, 2.26, 2.16, 0.67, 1.67, 891678.37093958
No.899: 1.23, 6.88, 2.67, 4.51, 2.57, 1.11, 2.26, 2.16, 0.67, 1.67, 891678.37093958
No.900: 1.23, 6.88, 2.67, 4.51, 2.57, 1.11, 2.26, 2.16, 0.67, 1.67, 891678.37093958
No.901: 1.23, 6.88, 2.67, 4.51, 2.57, 1.11, 2.26, 2.16, 0.67, 1.67, 891678.37093958
No.902: 1.23, 6.88, 2.67, 4.51, 2.57, 1.11, 2.26, 2.16, 0.67, 1.67, 891678.37093958
No.903: 1.23, 6.88, 2.67, 4.51, 2.57, 1.11, 2.26, 2.16, 0.67, 1.67, 891678.37093958
No.904: 1.23, 6.88, 2.67, 4.51, 2.57, 1.11, 2.26, 2.16, 0.67, 1.67, 891678.37093958
No.905: 1.23, 6.88, 2.67, 4.51, 2.57, 1.11, 2.26, 2.16, 0.67, 1.67, 891678.37093958
No.906: 1.23, 6.88, 2.67, 4.51, 2.57, 1.11, 2.26, 2.16, 0.67, 1.67, 891678.37093958
No.907: 1.23, 6.88, 2.67, 4.51, 2.57, 1.11, 2.26, 2.16, 0.67, 1.67, 891678.37093958
No.908: 1.23, 6.88, 2.67, 4.51, 2.57, 1.11, 2.26, 2.16, 0.67, 1.67, 891678.37093958
No.909: 1.23, 6.88, 2.67, 4.51, 2.57, 1.11, 2.26, 2.16, 0.67, 1.67, 891678.37093958
No.910: 1.23, 6.88, 2.67, 4.51, 2.57, 1.11, 2.26, 2.16, 0.67, 1.67, 891678.37093958
No.911: 1.23, 6.88, 2.67, 4.51, 2.57, 1.11, 2.26, 2.16, 0.67, 1.67, 891678.37093958
No.912: 1.23, 6.88, 2.67, 4.51, 2.57, 1.11, 2.26, 2.16, 0.67, 1.67, 891678.37093958
No.913: 1.23, 6.88, 2.67, 4.51, 2.57, 1.11, 2.26, 2.16, 0.67, 1.67, 891678.37093958
No.914: 1.23, 6.88, 2.67, 4.51, 2.57, 1.11, 2.26, 2.16, 0.67, 1.67, 891678.37093958
No.915: 1.23, 6.88, 2.67, 4.51, 2.57, 1.11, 2.26, 2.16, 0.67, 1.67, 891678.37093958
No.916: 1.23, 6.88, 2.67, 4.51, 2.57, 1.11, 2.26, 2.16, 0.67, 1.67, 891678.37093958
No.917: 1.23, 6.88, 2.67, 4.51, 2.57, 1.11, 2.26, 2.16, 0.67, 1.67, 891678.37093958
No.918: 1.23, 6.88, 2.67, 4.51, 2.57, 1.11, 2.26, 2.16, 0.67, 1.67, 891678.37093958
No.919: 1.23, 6.88, 2.67, 4.51, 2.57, 1.11, 2.26, 2.16, 0.67, 1.67, 891678.37093958
