Cu
2.556162
1.554485
21.175871
21.175395
8.127620
4.334731
0.396620
0.548085
0.308782
0.756515
-2.170269
-0.263788
1.088878
-0.817603
-2.19
0.00
0.561830
-2.100595
0.310490
-2.186568
29
63.546
-2.100595
4.334731
0.756515
0.85
1.15
Ag
2.891814
1.106232
14.604100
14.604144
9.132010
4.870405
0.277758
0.419611
0.339710
0.750758
-1.729364
-0.255882
0.912050
-0.561432
-1.75
0.00
0.744561
-1.150650
0.783924
-1.748423
47
107.8682
-1.150650
4.870405
0.750758
0.85
1.15
Au
2.885034
1.529021
19.991632
19.991509
9.516052
5.075228
0.229762
0.356666
0.356570
0.748798
-2.937772
-0.500288
1.601954
-0.835530
-2.98
0.00
1.706587
-1.134778
1.021095
-2.978815
79
196.96654
-1.134778
5.075228
0.748798
0.85
1.15
Ni
2.488746
2.007018
27.562015
27.562031
8.383453
4.471175
0.429046
0.633531
0.443599
0.820658
-2.693513
-0.076445
0.241442
-2.375626
-2.70
0.00
0.265390
-0.152856
0.445470
-2.7
28
58.6934
-0.152856
4.471175
0.820658
0.85
1.15
Pd
2.750897
1.595417
21.335246
21.940073
8.697397
4.638612
0.406763
0.598880
0.397263
0.754799
-2.321006
-0.473983
1.615343
-0.231681
-2.36
0.00
1.481742
-1.675615
1.130000
-2.352753
46
106.42
-1.675615
4.638612
0.754799
0.85
1.15
Pt
2.771916
2.336509
33.367564
35.205357
7.105782
3.789750
0.556398
0.696037
0.385255
0.770510
-1.455568
-2.149952
0.528491
1.222875
-4.17
0.00
3.010561
-2.420128
1.450000
-4.145597
78
195.08
-2.420128
3.789750
0.770510
0.25
1.15
Al
2.863924
1.403115
20.418205
23.195740
6.613165
3.527021
0.314873
0.365551
0.379846
0.759692
-2.807602
-0.301435
1.258562
-1.247604
-2.83
0.00
0.622245
-2.488244
0.785902
-2.824528
13
26.981539
-2.488244
3.527021
0.759692
0.85
1.15
Pb
3.499723
0.647872
8.450154
8.450063
9.121799
5.212457
0.161219
0.236884
0.250805
0.764955
-1.422370
-0.210107
0.682886
-0.529378
-1.44
0.00
0.702726
-0.538766
0.935380
-1.439436
82
207.2
-0.538766
5.212457
0.764955
0.85
1.15
Fe
2.481987
1.885957
20.041463
20.041463
9.818270
5.236411
0.392811
0.646243
0.170306
0.340613
-2.534992
-0.059605
0.193065
-2.282322
-2.54
0.00
0.200269
-0.148770
0.391750
-2.539945
26
55.847
-0.148770
5.236411
0.340613
0.85
1.15
Mo
2.728100
2.723710
29.354065
29.354065
8.393531
4.476550
0.708787
1.120373
0.137640
0.275280
-3.692913
-0.178812
0.380450
-3.133650
-3.71
0.00
0.875874
0.776222
0.790879
-3.712093
42
95.94
0.776222
4.476550
0.275280
0.85
1.15
Ta
2.860082
3.086341
33.787168
33.787168
8.489528
4.527748
0.611679
1.032101
0.176977
0.353954
-5.103845
-0.405524
1.112997
-3.585325
-5.14
0.00
1.640098
0.221375
0.848843
-5.141526
73
180.9479
0.221375
4.527748
0.353954
0.85
1.15
W
2.740840
3.487340
37.234847
37.234847
8.900114
4.746728
0.882435
1.394592
0.139209
0.278417
-4.946281
-0.148818
0.365057
-4.432406
-4.96
0.00
0.661935
0.348147
0.582714
-4.961306
74
183.84
0.348147
4.746728
0.278417
0.85
1.15
Mg
3.196291
0.544323
7.132600
7.132600
10.228708
5.455311
0.137518
0.225930
0.5
1.0
-0.896473
-0.044291
0.162232
-0.689950
-0.90
0.00
0.122838
-0.226010
0.431425
-0.899702
12
24.305
-0.226010
5.455311
1.0
0.85
1.15
Co
2.505979
1.975299
27.206789
27.206789
8.679625
4.629134
0.421378
0.640107
0.5
1.0
-2.541799
-0.219415
0.733381
-1.589003
-2.56
0.00
0.705845
-0.687140
0.694608
-2.559307
27
58.9332
-0.687140
4.629134
1.0
0.85
1.15
Ti
2.933872
1.863200
25.565138
25.565138
8.775431
4.680230
0.373601
0.570968
0.5
1.0
-3.203773
-0.198262
0.683779
-2.321732
-3.22
0.00
0.608587
-0.750710
0.558572
-3.219176
22
47.88
-0.750710
4.680230
1.0
0.85
1.15
Zr
3.199978
2.230909
30.879991
30.879991
8.559190
4.564902
0.424667
0.640054
0.5
1.0
-4.485793
-0.293129
0.990148
-3.202516
-4.51
0.00
0.928602
-0.981870
0.597133
-4.509025
40
91.224
-0.981870
4.564902
1.0
0.85
1.15
V
2.6914687286704257
1.8281433246035692
26.17189197809403
25.72664258412544
8.506853244984823
4.858955717321199
0.362529743367049
0.5898231095021838
0.5038498383814926
1.0185277814583542
-3.2409560021853965
-0.20228859756272988
0.698152573601364
-2.3397875575038802
-3.2558097771460193
0.00
0.607400237140331
-0.7655124658980309
0.5686831623608727
-3.2592468419476703
23
50.9415
-0.7655124658980309
4.858955717321199
1.0185277814583542
0.85
1.15
Nb
2.945352432065921
3.1472066984284472
33.124781741890494
33.53767712656383
8.796404992961218
4.584318060899231
0.6309639144307266
0.998709156182535
0.17384185250634726
0.36485186574779116
-5.21192527842685
-0.42081959472216496
1.1546590581141833
-3.6686064938035856
-5.24615571271666
0.00
1.6999983732700852
0.22926142813701225
0.9075573901064637
-5.2483521712809615
41
92.90638
0.22926142813701225
4.584318060899231
0.36485186574779116
0.85
1.15
Cr
2.4223852763561418
1.8655561754904408
19.113367649152806
20.33174879570109
10.312883991597417
5.3282844671012395
0.39206792135789603
0.5986019472776658
0.16892349693813896
0.34636826175624214
-2.563564197602073
-0.05768409427089034
0.2005007003689343
-2.3660423204786847
-2.5679114089480657
0.00
0.2017792686321202
-0.1533542184437048
0.40696207990657307
-2.565663800815936
24
51.9961
-0.1533542184437048
5.3282844671012395
0.34636826175624214
0.85
1.15
Mn
2.629011396437433
1.9166237837518858
19.63720000463851
20.408717609004718
10.0230907275237
5.396226732783332
0.4090014167581821
0.5187779257118049
0.17039043909895274
0.3453128729704911
-2.5186059432467736
-0.060331481407822296
0.19785864625095065
-2.310635437728914
-2.5228810596678644
0.00
0.20580312199376316
-0.15406381686752715
0.4001687591863754
-2.5214246064415504
25
54.938045
-0.15406381686752715
5.396226732783332
0.3453128729704911
0.85
1.15
Re
3.0631770440829458
1.6842960049984934
18.926624795747003
20.810783444985947
9.995356194938678
4.097059999398829
0.26953218925375516
0.950419526662369
0.15794295763724012
0.4145222939432833
-2.780212620927791
-0.05853437819122482
0.1918407144687991
-2.0756537255703744
-2.7873583117599448
-0.00013146222942732254
0.20233084310847332
-0.15700018446474906
0.3821035968767349
-2.783959323496197
75
186.207
-0.15525300733520878
4.097059999398829
0.4145222939432833
0.8178369998831089
1.15
Ru
2.9605436585965252
1.9003662493108235
18.818884089769266
20.386284893915757
9.378595886400852
4.810071122188025
0.3289056994080034
0.8896763081686783
0.16459171896649738
0.361693664259674
-2.6752415252935515
-0.05917007457193793
0.18662713551539162
-2.31763379823487
-2.6808630146446486
-0.00011188383291738872
0.19585852444060753
-0.14578020693928914
0.38101591125240175
-2.6786688907604903
44
101.07
-0.14667504417347949
4.810071122188025
0.361693664259674
0.8301596421801694
1.15
Rh
2.5637957777052036
1.997892511154379
26.130961121721096
27.64119478722129
8.70381957956625
4.305859611306199
0.38630601402869824
0.7229559595840103
0.49676233700136424
1.0181929928807099
-2.6693950840155587
-0.22086574435313444
0.754682930396656
-1.6196517728752666
-2.686702749536293
0.00
0.730458497510784
-0.6896032254192546
0.6763944792102607
-2.6779927456942847
45
102.90550
-0.6896032254192546
4.305859611306199
1.0181929928807099
0.85
1.15
Ir
2.6089713820242353
1.996051071284263
25.942569153829186
27.97957903794168
8.469952642985309
4.189688097413032
0.3666641806023301
0.7771980040422132
0.4995110733142831
1.028953282840947
-2.670988615790275
-0.22207927136143274
0.7647675987981368
-1.6447306171857514
-2.6882544978504326
0.00
0.7323327318166089
-0.6903205806545818
0.68484759405467
-2.677652703494413
77
192.217
-0.6903205806545818
4.189688097413032
1.028953282840947
0.85
1.15
La
3.5235736417070744
2.285023334929977
32.32323668886002
31.496818517691764
7.881657165728711
5.308951964325535
0.5391718855529053
0.4666409063962009
0.5411544847662328
1.0044881224024205
-4.187455761049204
-0.31110749693336837
1.0056585834093226
-3.2357200153326
-4.205604396802583
0.0002129366449192675
0.972349658891688
-1.0138744385794998
0.6196766192772447
-4.21249424284263
57
138.90547
-1.0000209104145115
5.308951964325535
1.0044881224024205
0.8669051468216372
1.15
Sm
3.437977565238489
2.2413912563623644
32.36549792049041
31.454234210117185
8.301645014317597
5.249245026277151
0.5344905687680881
0.4910396516189525
0.5389317185560949
0.9566046767686436
-4.187435314013223
-0.310762725629095
1.0006666763760945
-3.2352516935642224
-4.2051389873495895
0.0002124202225540444
0.9571744421651743
-1.0171690680305268
0.6173746145902379
-4.21230905353582
62
150.36
-0.9985433586938813
5.249245026277151
0.9566046767686436
0.8631647163132349
1.15
Li
2.959876685517852
0.5780095499875626
7.047873361196237
7.2597694362817435
9.58441896006983
5.75932953996658
0.14508252626168436
0.1890065385476456
0.5211539415375716
1.029412247013406
-0.9082314500494052
-0.046110249131559915
0.1691348326567041
-0.7272076053815149
-0.909084320530286
1.7207131916547415e-05
0.1253952095888035
-0.23167081037985526
0.43704506745157967
-0.9084971650260185
3
6.941
-0.2316157831807575
5.75932953996658
1.029412247013406
0.9033874666236189
1.15
Si
2.955358872677268
1.4106687359427508
19.555637945333764
22.93562140889923
6.7642744525678005
3.4453199599772573
0.2971998470660839
0.4005846436337686
0.3838376776942467
0.768429991730583
-2.8758693603574956
-0.29557966178111783
1.2832781849663397
-1.2502378350393477
-2.896534888530784
0.00
0.6213262225678426
-2.5178872754362183
0.8142260264814721
-2.892195020295576
14
28.1
-2.5178872754362183
3.4453199599772573
0.768429991730583
0.85
1.15
O
3.166808925046445
1.439506043118191
19.80599606382974
22.646703249306235
6.892208395419861
3.4471873299001388
0.3040988943649441
0.38306675006852325
0.3872548920956259
0.7705978071539132
-2.870466312303504
-0.29509757998797453
1.2714846639245083
-1.2382982677796006
-2.8903938735458437
0.00
0.6234743964979118
-2.5511674469774253
0.8305989010440171
-2.885129021266653
8
16.00
-2.5511674469774253
3.4471873299001388
0.7705978071539132
0.85
1.15
Zn
2.8045827452482044
1.6353732045828306
20.776363295006302
21.85323307068399
8.311667584159913
4.493825158491106
0.42598120907100046
0.4179776305090914
0.3186077284957274
0.7678860422334574
-2.1682261493617037
-0.261026824249662
1.1113992446827072
-0.8202914878478711
-2.1859710517855566
0.00
0.582551999304244
-2.050153726260826
0.30845952347169964
-2.180877241315614
30
65.38
-2.050153726260826
4.493825158491106
0.7678860422334574
0.85
1.15
Cd
3.143721992594376
1.6539579734894307
20.63882241487307
21.60433485752719
8.577642573762512
4.3983005489904174
0.4402559066955998
0.4034926627720985
0.3152003884317077
0.7534581426058693
-2.156300189578961
-0.25986395129609885
1.1006312353671872
-0.8092874162982898
-2.1739435938062344
0.00
0.5790436098902771
-2.040698396909768
0.30848289950333957
-2.168974481805018
48
112.411
-2.040698396909768
4.3983005489904174
0.7534581426058693
0.85
1.15
Sn
3.531015730251129
0.653335522234307
8.445764350531585
8.398619409629067
9.319371775494112
5.241589934410233
0.16315660664094173
0.23376785979751846
0.25307344155390565
0.7667928751594701
-1.421896267478337
-0.211087860334261
0.6839867735155312
-0.5286085969935134
-1.4347669255096067
0.00
0.6970409418659168
-0.5343181813103038
0.9442048247833444
-1.4388186650902297
50
118.710
-0.5343181813103038
5.241589934410233
0.7667928751594701
0.85
1.15
Na
3.4673793615666955
0.6460963604216174
6.62677699756432
7.165180602306972
8.913804219040422
5.44455027084461
0.138087968773958
0.20980013011573334
0.5051817490150725
1.0438252212097545
-0.9054405830689853
-0.0452252042898177
0.1751592529902214
-0.7282610923050958
-0.9070160218731164
1.656913237465636e-05
0.12806905614257608
-0.23705502936041148
0.42854991448504914
-0.9053882803752986
11
22.99
-0.2362848439896589
5.44455027084461
1.0438252212097545
0.8813279684796341
1.15
K
3.6229132874639305
0.5441365524493605
7.1078047411885334
7.269918500746472
10.709901691044912
5.039963576837721
0.14184907220288417
0.21927667872425607
0.4985216348508626
0.9926470717360542
-0.9008017378996593
-0.04479537332331833
0.16332089751603385
-0.6409388713174218
-0.9035813127088131
5.757208613343159e-05
0.12885179802959476
-0.2368598256430565
0.4346996861710792
-0.9024716927708248
19
39.10
-0.23248036299804262
5.039963576837721
0.9926470717360542
0.8525239736725665
1.15
Rb
3.3367772828544613
0.5392838538020233
7.06947064347214
7.167088865825541
10.857137170694017
5.369391850041991
0.140410550961318
0.21871048076940058
0.49537478888316744
1.0185478956515273
-0.8959464274159228
-0.045050238626483566
0.16490291730325307
-0.7098605097533343
-0.8983912519797199
0.00
0.12618509364815123
-0.2310119908286719
0.4416161346922985
-0.8982345839003407
37
85.4678
-0.2310119908286719
5.369391850041991
1.0185478956515273
0.85
1.15
Cs
3.449328394726768
0.5461882040382731
7.112365005914612
7.105394063264509
11.193124365997903
5.352090660951545
0.14304124899085377
0.21594960320557194
0.49856526957758424
1.0121130333930486
-0.8847534522137507
-0.044700983826425324
0.16509795327229526
-0.706391057350634
-0.8871506676879072
0.00
0.1259546634155318
-0.2309442775448623
0.4471795449341417
-0.8873871914202139
55
132.9054519
-0.2309442775448623
5.352090660951545
1.0121130333930486
0.85
1.15
Ca
3.3707155558623723
0.5582995498214229
7.303911129768801
7.250495117118966
10.493161139051308
5.368077134890861
0.14737708949722472
0.21464838195857142
0.5003409204237984
1.013522242518464
-0.9122997135353108
-0.043679341833447585
0.16054518754006752
-0.6893081960742605
-0.9147916101347489
0.00
0.12663467272040368
-0.22990626218012927
0.4342417733718767
-0.9151760331960961
20
40.08
-0.22990626218012927
5.368077134890861
1.013522242518464
0.85
1.15
Sr
3.4935266312448583
0.5628868870213444
7.276582982429895
7.223467858995302
10.866361371612955
5.273190895746267
0.14963050720457266
0.20789615464229322
0.5051441061650287
1.0048360617820395
-0.9053263897550308
-0.043700066518250306
0.1623389454949273
-0.688876232222168
-0.9080024806994366
0.00
0.1267951943888843
-0.23323591719380607
0.43922917675851486
-0.9081592510616816
38
87.62
-0.23323591719380607
5.273190895746267
1.0048360617820395
0.85
1.15
Be
2.774648962691267
0.5590124025022277
7.14759643386398
7.320396686587168
8.886720094461005
5.79644147862051
0.11441468246579439
0.2812704320674029
0.5118291281708433
1.0126874294553339
-0.9312087509316689
-0.043736564133870726
0.16022654323013105
-0.6984924873324742
-0.933747405743322
0.00
0.12634615174365899
-0.2329952352904352
0.42590615215714045
-0.9333397317481281
4
9.01218
-0.2329952352904352
5.79644147862051
1.0126874294553339
0.85
1.15
Ga
2.591384107447765
1.649937882494935
20.287220718087735
22.2654430124343
8.280463263548054
4.6101917458637605
0.4193764585248765
0.4329730856747481
0.3228913196352161
0.7831081290765702
-2.1765934775310036
-0.2586094227489641
1.1305765055140153
-0.8327777927957024
-2.194585585682516
0.00
0.5899370319567886
-2.096528038892655
0.3143265334876487
-2.1888761078835457
31
69.723
-2.096528038892655
4.6101917458637605
0.7831081290765702
0.85
1.15
P
3.4823188876273625
1.44776942243732
19.27944091604136
22.398113235995655
7.092295768970471
3.4000608232048397
0.30631888417172376
0.371244406446817
0.3840789403484213
0.7499454961993581
-2.8576024751243034
-0.2876118655875013
1.2666725214849621
-1.226245655828017
-2.8771463282659253
0.00
0.6121214336654319
-2.5183991211425933
0.824946161786127
-2.872036457167698
15
30.97
-2.5183991211425933
3.4000608232048397
0.7499454961993581
0.85
1.15
As
3.250457601401741
1.442929144339637
19.550248500809275
22.846269841749262
6.902684631413522
3.4561869746676974
0.3006297356351688
0.3830907428568412
0.386370407680118
0.7597065937195852
-2.870898888222624
-0.2911353265090633
1.2793062206704047
-1.2368365550365492
-2.89067364401743
0.00
0.6177355737123621
-2.5432806504548786
0.8189449684525876
-2.885672430029089
33
74.92160
-2.5432806504548786
3.4561869746676974
0.7597065937195852
0.85
1.15
Se
2.8771715927450368
1.2231862547856531
22.556216505713486
23.306828720761096
7.273320775109065
3.460084493845214
0.3440538726662118
0.32587065668641685
0.400640462347869
0.7335556423740238
-2.8553051537189638
-0.2958998763633006
1.3346564715901457
-1.2708680522883513
-2.876134425107807
0.00
0.6355312539661524
-2.6346884364302
0.807923953731152
-2.882463329710168
34
78.96
-2.6346884364302
3.460084493845214
0.7335556423740238
0.85
1.15
Te
3.012354498803422
1.216292489492514
22.570796570621074
23.294692713877232
7.299386509865078
3.4652149802328354
0.34510946924294067
0.32590245334399576
0.40052812351099193
0.7311262318753737
-2.8552556722351987
-0.2964064368259513
1.3403552042806004
-1.2661934860989337
-2.87588232247433
0.00
0.6368386303706849
-2.6339463898707596
0.8076690698822909
-2.8821912493434367
52
127.60
-2.6339463898707596
3.4652149802328354
0.7311262318753737
0.85
1.15
He
1.8262786397113417
0.559362272439707
8.384036420167558
7.410922428072111
10.937285765880452
5.9415556474627245
0.14565564302294082
0.20759744337684446
0.5392556809051566
1.0665683030295379
-0.8732996986788539
-0.047915998159780954
0.17605844986234603
-0.8004941762310397
-0.8757091912070103
0.00
0.12554153806175108
-0.23399536669301949
0.4524250943327945
-0.8808134848826887
2
4.00260
-0.23399536669301949
5.9415556474627245
1.0665683030295379
0.85
1.15
U
3.095775002580252
2.325121115271317
32.262877728202305
32.9070658680143
8.531608151280397
5.069997107008833
0.46852995281927584
0.5937152994694319
0.536829587349074
0.9684107345201023
-4.233401713689943
-0.3047232993956777
1.0072979388321834
-3.2846843182444987
-4.255350226425857
0.00
0.9431467476645302
-1.0162753893814442
0.6439046747895931
-4.252468852043901
92
238.02891
-1.0162753893814442
5.069997107008833
0.9684107345201023
0.85
1.15
Sc
3.0265867848353585
1.8586267233837934
25.450313792399506
25.52308473876362
8.931415766604255
4.635560583754096
0.3786239284069975
0.5587021958698172
0.49741157175741946
0.993064737590309
-3.203802037065403
-0.19742285265407164
0.6858934629028688
-2.323057116087147
-3.217785780846005
1.730407057401948e-05
0.6107607656238283
-0.7553318681967487
0.5642773744749426
-3.217536558976807
21
44.955912
-0.759788283067792
4.635560583754096
0.993064737590309
0.8531467715746699
1.15
Y
3.4905267711673273
1.9454951487958558
23.954467202533202
25.004947947507915
8.849234951033669
5.100552966873552
0.3957667194203498
0.5239050107508124
0.4923391408448609
0.9596732371298938
-3.1572565554879377
-0.19535619067925514
0.6659597758263122
-2.2300561491091324
-3.1859555442400245
1.7803481199823666e-05
0.6011189609593981
-0.7688261060926928
0.574934960309522
-3.180696389728676
39
88.90585
-0.7622046079922743
5.100552966873552
0.9596732371298938
0.7987484975683597
1.15
