# Time-averaged data for fix f3
# TimeStep c_Nimsd[1] c_Nimsd[2] c_Nimsd[3] c_Nimsd[4]
41000 0 0 0 0
41005 9.26008e-05 9.14173e-05 0.000112908 0.000296926
41010 0.00037586 0.00036777 0.000456705 0.00120034
41015 0.000860675 0.000828985 0.00103365 0.00272331
41020 0.0015591 0.0014685 0.00183655 0.00486415
41025 0.00247985 0.0022717 0.00284678 0.00759833
41030 0.00362298 0.00321638 0.00403374 0.0108731
41035 0.00497519 0.00427489 0.00535555 0.0146056
41040 0.00650677 0.0054173 0.00676074 0.0186848
41045 0.0081711 0.00661444 0.00819061 0.0229761
41050 0.0099073 0.00783988 0.00958242 0.0273296
41055 0.0116455 0.00907052 0.0108733 0.0315893
41060 0.0133137 0.0102856 0.0120044 0.0356037
41065 0.0148446 0.0114647 0.0129261 0.0392354
41070 0.0161816 0.0125852 0.0136012 0.0423679
41075 0.0172822 0.0136202 0.0140085 0.044911
41080 0.0181202 0.0145381 0.0141444 0.0468026
41085 0.0186852 0.0153034 0.0140227 0.0480113
41090 0.0189825 0.0158813 0.0136746 0.0485383
41095 0.0190315 0.0162427 0.013145 0.0484192
41100 0.0188635 0.0163701 0.0124888 0.0477224
41105 0.0185177 0.0162622 0.0117641 0.0465439
41110 0.0180375 0.015935 0.0110253 0.0449978
41115 0.0174659 0.0154207 0.0103175 0.043204
41120 0.0168433 0.014763 0.00967177 0.0412781
41125 0.0162067 0.0140129 0.00910491 0.0393244
41130 0.0155894 0.0132235 0.00862126 0.0374342
41135 0.0150212 0.0124472 0.00821704 0.0356855
41140 0.0145276 0.0117321 0.00788531 0.034145
41145 0.0141279 0.0111198 0.00762015 0.0328679
41150 0.0138349 0.0106428 0.00741944 0.0318972
41155 0.0136537 0.0103222 0.00728612 0.031262
41160 0.0135823 0.0101653 0.00722804 0.0309757
41165 0.0136118 0.0101654 0.00725634 0.0310335
41170 0.0137264 0.0103014 0.00738222 0.03141
41175 0.0139045 0.010541 0.00761298 0.0320585
41180 0.0141196 0.0108451 0.00794827 0.032913
41185 0.0143431 0.0111745 0.00837783 0.0338954
41190 0.0145473 0.0114957 0.00888107 0.0349241
41195 0.0147085 0.0117849 0.00942835 0.0359217
41200 0.0148098 0.0120279 0.00998354 0.0368213
41205 0.0148423 0.0122189 0.0105078 0.0375689
41210 0.0148051 0.0123566 0.0109642 0.0381259
41215 0.0147044 0.0124429 0.0113231 0.0384703
41220 0.0145509 0.0124808 0.0115665 0.0385983
41225 0.0143582 0.0124745 0.0116908 0.0385236
41230 0.0141392 0.0124297 0.0117058 0.0382747
41235 0.0139052 0.0123536 0.0116314 0.0378902
41240 0.0136638 0.0122551 0.0114933 0.0374122
41245 0.0134193 0.0121444 0.011318 0.0368818
41250 0.0131734 0.0120324 0.0111293 0.0363351
41255 0.0129255 0.0119297 0.0109471 0.0358023
41260 0.0126747 0.0118459 0.0107866 0.0353072
41265 0.01242 0.0117893 0.010659 0.0348684
41270 0.0121617 0.011767 0.010572 0.0345007
41275 0.0119021 0.0117847 0.01053 0.0342168
41280 0.011647 0.011846 0.0105349 0.0340278
41285 0.011407 0.0119506 0.0105849 0.0339425
41290 0.0111977 0.0120929 0.010675 0.0339657
41295 0.0110393 0.0122605 0.0107959 0.0340958
41300 0.0109529 0.0124342 0.010935 0.0343221
41305 0.0109562 0.0125904 0.0110769 0.0346235
41310 0.0110577 0.0127047 0.0112058 0.0349682
41315 0.011253 0.012756 0.0113067 0.0353156
41320 0.0115216 0.0127301 0.0113675 0.0356192
41325 0.0118293 0.0126227 0.0113805 0.0358325
41330 0.0121321 0.0124404 0.0113431 0.0359156
41335 0.0123841 0.0122009 0.0112578 0.0358428
41340 0.0125452 0.0119312 0.0111321 0.0356085
41345 0.0125892 0.0116644 0.0109764 0.03523
41350 0.0125075 0.011435 0.0108025 0.034745
41355 0.0123099 0.0112734 0.0106212 0.0342045
41360 0.0120214 0.0112004 0.0104413 0.033663
41365 0.011676 0.0112231 0.0102693 0.0331684
41370 0.0113098 0.0113341 0.0101105 0.0327544
41375 0.0109549 0.0115129 0.00997023 0.0324381
41380 0.010635 0.0117307 0.00985574 0.0322214
41385 0.0103635 0.0119562 0.00977714 0.0320969
41390 0.0101449 0.0121615 0.00974747 0.0320539
41395 0.00997682 0.0123263 0.00978107 0.0320842
41400 0.00985366 0.0124398 0.00989052 0.032184
41405 0.00976967 0.0125008 0.0100828 0.0323533
41410 0.00972098 0.0125157 0.0103556 0.0325923
41415 0.00970606 0.0124953 0.0106956 0.032897
41420 0.00972472 0.0124513 0.0110778 0.0332539
41425 0.00977702 0.012393 0.0114682 0.0336381
41430 0.00986298 0.0123246 0.0118281 0.0340157
41435 0.00998335 0.0122449 0.0121212 0.0343494
41440 0.0101413 0.0121471 0.0123185 0.0346069
41445 0.0103432 0.0120216 0.0124036 0.0347684
41450 0.0105971 0.0118588 0.0123741 0.03483
41455 0.0109087 0.0116531 0.0122407 0.0348025
41460 0.0112759 0.0114053 0.0120245 0.0347057
41465 0.0116854 0.0111242 0.0117517 0.0345613
41470 0.0121119 0.0108255 0.0114498 0.0343872
41475 0.0125213 0.0105293 0.0111433 0.0341939
41480 0.0128771 0.0102557 0.0108513 0.0339842
41485 0.0131472 0.0100212 0.0105869 0.0337553
41490 0.0133099 0.00983544 0.010357 0.0335024
41495 0.0133567 0.00970065 0.010163 0.0332203
41500 0.013292 0.00961144 0.0100018 0.0329052
41505 0.013131 0.00955648 0.00986686 0.0325543
41510 0.0128962 0.00952111 0.0097493 0.0321666
41515 0.0126151 0.00949092 0.00964028 0.0317463
41520 0.0123178 0.00945596 0.009534 0.0313077
41525 0.0120355 0.00941389 0.0094305 0.0308799
41530 0.0117985 0.00937116 0.00933726 0.0305069
41535 0.0116326 0.0093416 0.00926836 0.0302426
41540 0.011556 0.00934308 0.00924114 0.0301402
41545 0.0115766 0.00939327 0.00927089 0.0302407
41550 0.011691 0.0095053 0.0093653 0.0305616
41555 0.0118851 0.00968394 0.00952025 0.0310893
41560 0.0121361 0.00992339 0.00971849 0.031778
41565 0.0124159 0.0102071 0.00993127 0.0325542
41570 0.0126944 0.0105097 0.0101229 0.0333271
41575 0.0129432 0.0108016 0.0102569 0.0340017
41580 0.0131378 0.0110528 0.0103029 0.0344935
41585 0.0132604 0.0112376 0.0102421 0.0347401
41590 0.0133006 0.0113375 0.0100715 0.0347096
41595 0.0132568 0.0113428 0.00980574 0.0344053
41600 0.0131362 0.0112532 0.00947547 0.0338648
41605 0.0129535 0.0110769 0.00912299 0.0331533
41610 0.0127297 0.010829 0.00879515 0.0323539
41615 0.0124898 0.0105288 0.00853525 0.0315539
41620 0.0122597 0.0101972 0.00837575 0.0308327
41625 0.0120642 0.00985384 0.00833324 0.0302513
41630 0.011924 0.00951465 0.00840665 0.0298453
41635 0.0118531 0.00919035 0.0085788 0.0296222
41640 0.0118557 0.0088857 0.0088208 0.0295622
41645 0.0119259 0.00860046 0.00909796 0.0296243
41650 0.0120475 0.00833227 0.00937589 0.0297557
41655 0.0121984 0.00808033 0.00962574 0.0299044
41660 0.0123557 0.00784894 0.00982742 0.0300321
41665 0.012502 0.00764939 0.00997067 0.0301221
41670 0.0126289 0.00749927 0.0100545 0.0301827
41675 0.012737 0.00741926 0.0100855 0.0302418
41680 0.0128335 0.00742873 0.0100753 0.0303376
41685 0.0129272 0.00754129 0.0100388 0.0305073
41690 0.013024 0.00776211 0.00999154 0.0307777
41695 0.0131239 0.00808701 0.00994741 0.0311584
41700 0.0132197 0.00850315 0.00991645 0.0316393
41705 0.013298 0.00899069 0.00990258 0.0321913
41710 0.0133423 0.00952499 0.00990229 0.0327696
41715 0.0133368 0.0100794 0.00990477 0.033321
41720 0.0132711 0.0106283 0.00989416 0.0337935
41725 0.0131444 0.0111497 0.00985402 0.0341482
41730 0.0129673 0.0116275 0.00977273 0.0343676
41735 0.0127604 0.0120515 0.00964793 0.0344599
41740 0.0125503 0.0124164 0.00948763 0.0344544
41745 0.0123634 0.0127194 0.00930765 0.0343905
41750 0.0122196 0.0129588 0.00912653 0.0343049
41755 0.0121278 0.0131333 0.00896053 0.0342217
41760 0.0120828 0.0132435 0.00882064 0.034147
41765 0.0120658 0.0132931 0.0087121 0.034071
41770 0.0120475 0.0132903 0.00863603 0.0339738
41775 0.011994 0.0132477 0.00859174 0.0338334
41780 0.0118743 0.0131804 0.0085787 0.0336334
41785 0.0116681 0.0131039 0.00859733 0.0333693
41790 0.0113709 0.0130304 0.00864862 0.03305
41795 0.0109969 0.0129662 0.00873274 0.0326958
41800 0.0105764 0.0129099 0.00884724 0.0323335
41805 0.0101513 0.0128537 0.00898564 0.0319906
41810 0.00976774 0.0127858 0.00913729 0.0316908
41815 0.00946957 0.0126949 0.00928876 0.0314532
41820 0.00929189 0.0125751 0.00942658 0.0312935
41825 0.00925702 0.0124295 0.00954054 0.031227
41830 0.00937241 0.0122717 0.0096264 0.0312706
41835 0.00963071 0.0121237 0.0096872 0.0314416
41840 0.0100117 0.0120109 0.00973254 0.0317551
41845 0.0104854 0.0119557 0.00977609 0.0322171
41850 0.0110158 0.0119718 0.00983209 0.0328196
41855 0.0115649 0.01206 0.00991225 0.0335372
41860 0.0120969 0.0122079 0.0100241 0.0343288
41865 0.0125811 0.0123924 0.0101702 0.0351437
41870 0.012994 0.0125853 0.0103484 0.0359277
41875 0.0133202 0.0127587 0.0105512 0.0366301
41880 0.0135518 0.0128903 0.0107655 0.0372076
41885 0.0136888 0.012966 0.0109731 0.037628
41890 0.0137388 0.0129814 0.0111523 0.0378725
41895 0.0137155 0.0129398 0.0112806 0.0379359
41900 0.0136365 0.0128499 0.0113379 0.0378243
41905 0.0135193 0.0127223 0.0113091 0.0375507
41910 0.0133775 0.0125658 0.0111864 0.0371296
41915 0.013218 0.0123852 0.01097 0.0365732
41920 0.0130413 0.0121799 0.0106686 0.0358897
41925 0.0128427 0.0119441 0.0102986 0.0350855
41930 0.012616 0.0116692 0.00988348 0.0341687
41935 0.0123565 0.0113466 0.00945168 0.0331548
41940 0.0120648 0.010971 0.00903433 0.0320702
41945 0.0117481 0.0105435 0.00866161 0.0309532
41950 0.0114209 0.0100722 0.00835858 0.0298516
41955 0.0111036 0.00957313 0.00814126 0.028818
41960 0.0108214 0.00906903 0.00801416 0.0279046
41965 0.0106013 0.00858708 0.00797009 0.0271585
41970 0.0104694 0.0081562 0.00799236 0.026618
41975 0.0104478 0.00780369 0.00805895 0.0263104
41980 0.0105505 0.00755181 0.00814769 0.02625
41985 0.0107797 0.00741502 0.00824109 0.0264358
41990 0.0111232 0.00739824 0.00832994 0.0268513
41995 0.011553 0.00749661 0.00841487 0.0274645
42000 0.0120283 0.00769674 0.0085057 0.0282308
42005 0.0125002 0.00797909 0.00861904 0.0290983
42010 0.0129185 0.00832078 0.00877429 0.0300135
42015 0.0132389 0.0086983 0.00898894 0.0309262
42020 0.0134285 0.00908935 0.00927388 0.0317918
42025 0.0134678 0.0094738 0.00962963 0.0325713
42030 0.0133506 0.00983372 0.0100447 0.033229
42035 0.0130817 0.0101527 0.0104967 0.0337311
42040 0.0126746 0.0104153 0.0109566 0.0340465
42045 0.0121502 0.0106065 0.0113952 0.0341519
42050 0.0115359 0.0107135 0.0117897 0.034039
42055 0.0108664 0.0107282 0.0121276 0.0337223
42060 0.0101843 0.0106503 0.0124074 0.0332421
42065 0.00953857 0.0104894 0.0126351 0.0326631
42070 0.00898162 0.0102652 0.0128184 0.0320652
42075 0.00856361 0.0100057 0.0129625 0.0315318
42080 0.00832547 0.00974331 0.0130669 0.0311357
42085 0.00829231 0.00951083 0.0131258 0.0309289
42090 0.0084688 0.00933698 0.0131304 0.0309362
42095 0.00883822 0.00924316 0.0130724 0.0311537
42100 0.00936566 0.00924136 0.012947 0.031554
42105 0.0100045 0.00933345 0.0127558 0.0320938
42110 0.0107045 0.00951127 0.0125074 0.0327232
42115 0.0114193 0.00975722 0.0122171 0.0333936
42120 0.0121109 0.0100452 0.0119042 0.0340602
42125 0.0127509 0.0103419 0.0115889 0.0346818
42130 0.0133195 0.0106103 0.0112884 0.0352183
42135 0.0138026 0.0108137 0.0110143 0.0356306
42140 0.0141898 0.010922 0.010771 0.0358829
42145 0.0144738 0.0109183 0.010557 0.0359492
42150 0.0146511 0.0108039 0.0103669 0.0358219
42155 0.0147236 0.0106004 0.0101943 0.0355184
42160 0.0147009 0.0103482 0.0100341 0.0350831
42165 0.0145998 0.0100996 0.00988378 0.0345832
42170 0.0144438 0.00990994 0.00974474 0.0340985
42175 0.0142602 0.00982733 0.00962215 0.0337097
42180 0.0140775 0.00988443 0.009525 0.0334869
42185 0.013922 0.0100937 0.00946491 0.0334806
42190 0.0138155 0.0104469 0.00945392 0.0337163
42195 0.0137722 0.0109174 0.00950162 0.0341913
42200 0.0137971 0.0114662 0.00961244 0.0348758
42205 0.0138845 0.012048 0.00978364 0.0357162
42210 0.0140191 0.0126189 0.0100045 0.0366425
42215 0.0141787 0.0131421 0.0102566 0.0375774
42220 0.0143395 0.0135934 0.0105147 0.0384477
42225 0.0144817 0.0139634 0.0107491 0.0391941
42230 0.0145945 0.0142568 0.0109291 0.0397803
42235 0.0146792 0.0144901 0.0110285 0.0401978
42240 0.0147491 0.0146871 0.0110306 0.0404668
42245 0.0148257 0.0148728 0.0109333 0.0406319
42250 0.0149337 0.0150683 0.0107506 0.0407526
42255 0.0150948 0.0152845 0.010511 0.0408903
42260 0.0153211 0.0155198 0.0102521 0.041093
42265 0.0156101 0.0157587 0.0100138 0.0413825
42270 0.0159418 0.0159738 0.00983092 0.0417466
42275 0.0162798 0.016131 0.00972739 0.0421382
42280 0.0165745 0.0161953 0.00971297 0.0424828
42285 0.0167703 0.0161388 0.0097828 0.0426919
42290 0.0168129 0.0159469 0.00991949 0.0426793
42295 0.0166578 0.0156213 0.0100967 0.0423758
42300 0.0162769 0.0151804 0.0102834 0.0417406
42305 0.0156637 0.0146545 0.0104492 0.0407674
42310 0.0148366 0.0140815 0.0105683 0.0394864
42315 0.0138383 0.0135006 0.010624 0.037963
42320 0.0127333 0.012949 0.0106103 0.0362925
42325 0.0115998 0.0124581 0.0105322 0.0345901
42330 0.0105208 0.0120517 0.0104043 0.0329767
42335 0.00957201 0.0117441 0.0102469 0.031563
42340 0.00881267 0.0115394 0.010082 0.030434
42345 0.00827803 0.0114312 0.00992937 0.0296386
42350 0.00797678 0.0114038 0.00980357 0.0291841
42355 0.00789256 0.0114335 0.00971175 0.0290378
42360 0.00798938 0.0114924 0.00965308 0.0291349
42365 0.00821994 0.0115513 0.0096192 0.0293905
42370 0.00853523 0.0115838 0.00959604 0.0297151
42375 0.00889314 0.0115696 0.00956664 0.0300293
42380 0.0092645 0.0114971 0.00951453 0.0302761
42385 0.00963511 0.0113647 0.00942684 0.0304267
42390 0.0100035 0.0111806 0.00929627 0.0304804
42395 0.0103754 0.010961 0.00912163 0.0304581
42400 0.0107567 0.0107279 0.00890736 0.0303919
42405 0.011147 0.0105062 0.00866248 0.0303156
42410 0.0115364 0.0103217 0.00839983 0.0302579
42415 0.0119054 0.0101995 0.0081356 0.0302406
42420 0.0122277 0.0101631 0.00788871 0.0302796
42425 0.0124749 0.0102323 0.00767939 0.0303866
42430 0.0126209 0.0104211 0.0075267 0.0305686
42435 0.012646 0.0107344 0.00744514 0.0308256
42440 0.0125402 0.0111667 0.00744144 0.0311484
42445 0.0123056 0.0117012 0.0075125 0.0315194
42450 0.0119576 0.0123129 0.00764558 0.0319161
42455 0.0115248 0.0129709 0.00782084 0.0323165
42460 0.0110455 0.0136409 0.00801579 0.0327022
42465 0.0105619 0.0142872 0.00821047 0.0330596
42470 0.0101136 0.0148728 0.00839203 0.0333785
42475 0.00973167 0.0153616 0.00855753 0.0336508
42480 0.00943563 0.0157206 0.00871413 0.0338703
42485 0.00923242 0.0159237 0.00887664 0.0340328
42490 0.009118 0.0159549 0.00906293 0.0341358
42495 0.00908042 0.0158101 0.00928826 0.0341788
42500 0.00910337 0.0154979 0.00955998 0.0341613
42505 0.00916949 0.0150389 0.00987407 0.0340824
42510 0.00926299 0.0144629 0.0102143 0.0339401
42515 0.00937156 0.0138067 0.0105542 0.0337325
42520 0.00948777 0.0131105 0.010862 0.0334603
42525 0.00960984 0.0124144 0.0111061 0.0331303
42530 0.00974163 0.0117546 0.0112605 0.0327567
42535 0.00989164 0.0111601 0.0113097 0.0323614
42540 0.0100708 0.0106499 0.0112507 0.0319714
42545 0.0102893 0.010232 0.0110935 0.0316147
42550 0.0105537 0.00990327 0.0108588 0.0313159
42555 0.0108642 0.00965169 0.0105751 0.031091
42560 0.0112124 0.00945897 0.0102731 0.0309445
42565 0.0115812 0.00930388 0.00998087 0.030866
42570 0.0119458 0.00916545 0.0097196 0.0308309
42575 0.0122765 0.00902575 0.00950072 0.030803
42580 0.0125431 0.00887205 0.0093257 0.0307408
42585 0.0127192 0.00869881 0.00918796 0.030606
42590 0.0127868 0.00850907 0.00907638 0.0303722
42595 0.012738 0.0083148 0.00897951 0.0300323
42600 0.0125768 0.0081354 0.00888942 0.0296016
42605 0.0123171 0.00799447 0.00880369 0.0291153
42610 0.0119815 0.00791541 0.00872508 0.028622
42615 0.0115978 0.00791696 0.00865919 0.028174
42620 0.0111964 0.0080101 0.00861128 0.0278178
42625 0.010808 0.00819704 0.00858366 0.0275887
42630 0.0104627 0.00847275 0.00857462 0.0275101
42635 0.0101897 0.00882786 0.00857933 0.0275969
42640 0.0100167 0.00925193 0.00859191 0.0278606
42645 0.00996958 0.00973539 0.00860768 0.0283126
42650 0.0100694 0.0102695 0.00862439 0.0289632
42655 0.0103288 0.0108448 0.0086424 0.029816
42660 0.0107484 0.0114495 0.00866404 0.030862
42665 0.0113136 0.0120676 0.00869296 0.0320741
42670 0.0119939 0.0126787 0.00873383 0.0334064
42675 0.0127453 0.0132591 0.00879264 0.0347971
42680 0.013515 0.013784 0.00887697 0.036176
42685 0.0142482 0.0142298 0.00899606 0.037474
42690 0.0148943 0.0145769 0.00915988 0.038631
42695 0.0154128 0.0148124 0.00937743 0.0396026
42700 0.015776 0.0149316 0.00965439 0.040362
42705 0.0159695 0.0149388 0.00999068 0.0408989
42710 0.0159912 0.0148464 0.0103782 0.0412159
42715 0.0158492 0.0146743 0.0107993 0.0413228
42720 0.0155592 0.0144474 0.0112264 0.0412329
42725 0.0151425 0.0141931 0.0116241 0.0409597
42730 0.0146255 0.013938 0.0119539 0.0405175
42735 0.0140378 0.0137042 0.0121805 0.0399225
42740 0.0134116 0.0135054 0.0122789 0.039196
42745 0.0127804 0.0133455 0.0122405 0.0383664
42750 0.0121769 0.0132181 0.0120762 0.0374713
42755 0.011632 0.0131102 0.011815 0.0365572
42760 0.0111723 0.0130065 0.0114988 0.0356776
42765 0.0108184 0.012894 0.0111745 0.0348869
42770 0.0105841 0.0127645 0.0108844 0.0342331
42775 0.0104756 0.012615 0.0106594 0.03375
42780 0.0104921 0.012446 0.010514 0.0334521
42785 0.0106265 0.0122604 0.0104471 0.033334
42790 0.0108673 0.0120625 0.0104457 0.0333755
42795 0.0111991 0.0118591 0.0104912 0.0335494
42800 0.0116037 0.0116609 0.0105657 0.0338303
42805 0.0120604 0.011483 0.0106574 0.0342007
42810 0.0125462 0.0113426 0.0107614 0.0346502
42815 0.0130357 0.0112554 0.0108787 0.0351699
42820 0.013502 0.0112308 0.0110123 0.0357451
42825 0.0139173 0.0112678 0.0111629 0.036348
42830 0.0142545 0.0113548 0.0113265 0.0369359
42835 0.0144895 0.0114715 0.0114927 0.0374538
42840 0.0146033 0.0115938 0.011645 0.0378422
42845 0.0145853 0.0116995 0.0117626 0.0380474
42850 0.0144355 0.0117741 0.0118233 0.0380329
42855 0.014166 0.0118145 0.0118076 0.0377881
42860 0.0138005 0.01183 0.0117018 0.0373323
42865 0.0133716 0.0118391 0.0115019 0.0367126
42870 0.012916 0.0118643 0.0112147 0.035995
42875 0.0124696 0.0119252 0.0108576 0.0352524
42880 0.0120632 0.012033 0.0104567 0.0345529
42885 0.01172 0.0121872 0.0100434 0.0339506
42890 0.011455 0.0123748 0.00965038 0.0334802
42895 0.0112763 0.0125724 0.00930713 0.0331559
42900 0.0111869 0.0127502 0.0090364 0.0329735
42905 0.011186 0.0128782 0.00885204 0.0329162
42910 0.0112695 0.012933 0.00875886 0.0329613
42915 0.0114295 0.0129031 0.00875423 0.0330869
42920 0.0116537 0.0127919 0.00883086 0.0332764
42925 0.0119255 0.0126155 0.00897977 0.0335207
42930 0.0122243 0.0123988 0.00919243 0.0338155
42935 0.0125273 0.0121679 0.00946136 0.0341566
42940 0.0128107 0.0119442 0.00977893 0.0345338
42945 0.0130508 0.0117401 0.010135 0.0349258
42950 0.0132264 0.0115588 0.0105143 0.0352995
42955 0.0133212 0.0113963 0.0108955 0.0356129
42960 0.0133264 0.0112444 0.0112515 0.0358223
42965 0.0132439 0.011094 0.011553 0.0358909
42970 0.0130869 0.0109379 0.0117727 0.0357975
42975 0.012879 0.0107734 0.0118904 0.0355427
42980 0.0126504 0.0106032 0.0118964 0.03515
42985 0.0124334 0.010436 0.0117923 0.0346617
42990 0.0122564 0.0102844 0.0115901 0.0341309
42995 0.0121387 0.0101618 0.0113101 0.0336106
43000 0.0120872 0.0100789 0.0109781 0.0331442
43005 0.0120952 0.010041 0.0106242 0.0327604
43010 0.012144 0.0100475 0.0102807 0.0324722
43015 0.0122081 0.0100923 0.00998038 0.0322807
43020 0.012262 0.0101659 0.00975377 0.0321817
43025 0.0122879 0.0102562 0.00962576 0.0321698
43030 0.0122797 0.0103499 0.00961212 0.0322417
43035 0.0122445 0.0104336 0.00971691 0.032395
43040 0.0121988 0.0104958 0.00993152 0.0326261
43045 0.0121629 0.010529 0.0102357 0.0329276
43050 0.0121555 0.0105324 0.0106005 0.0332884
43055 0.0121905 0.0105128 0.0109935 0.0336968
43060 0.012276 0.0104856 0.0113836 0.0341453
43065 0.0124164 0.0104718 0.0117454 0.0346336
43070 0.0126137 0.010495 0.0120607 0.0351694
43075 0.012869 0.0105766 0.0123183 0.0357639
43080 0.0131824 0.0107301 0.0125121 0.0364247
43085 0.0135522 0.0109573 0.0126386 0.0371481
43090 0.0139728 0.0112465 0.0126938 0.037913
43095 0.0144329 0.0115734 0.0126724 0.0386787
43100 0.0149136 0.0119052 0.0125681 0.039387
43105 0.0153875 0.012206 0.0123759 0.0399695
43110 0.0158192 0.012443 0.0120955 0.0403576
43115 0.0161687 0.0125914 0.0117347 0.0404948
43120 0.0163976 0.0126378 0.0113122 0.0403475
43125 0.016476 0.0125806 0.0108573 0.0399139
43130 0.0163888 0.0124306 0.0104074 0.0392268
43135 0.0161379 0.0122085 0.0100019 0.0383483
43140 0.0157414 0.0119431 0.00967454 0.0373591
43145 0.0152286 0.0116682 0.00944585 0.0363426
43150 0.0146345 0.0114186 0.00931843 0.0353715
43155 0.0139953 0.011226 0.00927693 0.0344983
43160 0.0133449 0.0111148 0.00929255 0.0337522
43165 0.0127128 0.0110985 0.00933077 0.0331421
43170 0.0121244 0.011178 0.00935996 0.0326623
43175 0.0115998 0.0113419 0.00935843 0.0323001
43180 0.0111537 0.0115682 0.00931824 0.0320402
43185 0.010794 0.0118296 0.00924482 0.0318684
43190 0.0105208 0.0120975 0.00915303 0.0317714
43195 0.0103265 0.0123474 0.00906097 0.0317349
43200 0.0101967 0.0125611 0.00898376 0.0317416
43205 0.0101133 0.0127282 0.00892921 0.0317707
43210 0.0100576 0.0128458 0.00889701 0.0318004
43215 0.0100144 0.0129176 0.00888107 0.031813
43220 0.00997565 0.0129524 0.00887385 0.0318019
43225 0.0099422 0.0129627 0.00887053 0.0317755
43230 0.00992339 0.0129619 0.00887077 0.0317561
43235 0.00993353 0.0129606 0.00887678 0.0317709
43240 0.0099866 0.0129633 0.00888931 0.0318392
43245 0.0100908 0.012967 0.00890433 0.0319621
43250 0.010245 0.0129622 0.0089125 0.0321197
43255 0.0104379 0.012937 0.00890166 0.0322766
43260 0.0106506 0.0128817 0.00886165 0.0323939
43265 0.0108603 0.0127929 0.00878877 0.032442
43270 0.0110451 0.0126747 0.00868818 0.032408
43275 0.0111876 0.0125359 0.0085734 0.0322969
43280 0.0112774 0.0123852 0.00846352 0.0321261
43285 0.011312 0.0122261 0.00837908 0.0319172
43290 0.0112967 0.0120537 0.00833823 0.0316886
43295 0.0112431 0.0118553 0.00835426 0.0314527
43300 0.0111669 0.0116134 0.00843483 0.0312152
43305 0.0110851 0.0113115 0.00858259 0.0309792
43310 0.011012 0.01094 0.00879608 0.030748
43315 0.0109567 0.0105009 0.00907014 0.0305277
43320 0.0109206 0.01001 0.00939554 0.0303261
43325 0.0108969 0.00949642 0.00975818 0.0301515
43330 0.0108721 0.00899909 0.0101387 0.0300098
43335 0.0108291 0.00856216 0.010513 0.0299043
43340 0.0107519 0.00822892 0.0108542 0.029835
43345 0.0106296 0.00803594 0.0111354 0.029801
43350 0.0104611 0.00800818 0.0113326 0.0298019
43355 0.0102563 0.00815541 0.0114282 0.0298399
43360 0.0100357 0.00847041 0.0114139 0.02992
43365 0.00982726 0.008929 0.0112916 0.0300479
43370 0.00966148 0.00949225 0.0110731 0.0302268
43375 0.0095659 0.0101109 0.0107774 0.0304542
43380 0.00956053 0.0107314 0.0104272 0.0307192
43385 0.00965501 0.0113035 0.0100451 0.0310036
43390 0.00984802 0.0117869 0.00965158 0.0312865
43395 0.0101291 0.0121567 0.00926533 0.0315512
43400 0.010482 0.0124063 0.0089043 0.0317926
43405 0.0108877 0.0125468 0.00858772 0.0320223
43410 0.0113274 0.012603 0.00833663 0.032267
43415 0.0117845 0.0126072 0.00817243 0.0325642
43420 0.0122451 0.0125931 0.00811376 0.0329519
43425 0.0126984 0.0125884 0.00817211 0.0334589
43430 0.0131364 0.0126109 0.00834772 0.034095
43435 0.0135523 0.0126662 0.00862682 0.0348453
43440 0.0139395 0.0127482 0.00898134 0.0356691
43445 0.0142904 0.0128423 0.00937159 0.0365043
43450 0.0145958 0.0129305 0.0097516 0.0372779
43455 0.0148454 0.0129966 0.0100763 0.0379184
43460 0.015029 0.0130309 0.0103089 0.0383687
43465 0.015138 0.0130313 0.0104263 0.0385956
43470 0.0151673 0.0130024 0.0104223 0.0385921
43475 0.0151171 0.012952 0.0103062 0.0383752
43480 0.0149932 0.0128865 0.0100998 0.0379794
43485 0.014808 0.0128087 0.00983264 0.0374494
43490 0.0145799 0.0127166 0.00953686 0.0368333
43495 0.0143313 0.0126038 0.00924322 0.0361782
43500 0.0140861 0.0124619 0.00897808 0.0355261
43505 0.0138661 0.012283 0.00876166 0.0349108
43510 0.013687 0.012061 0.00860713 0.0343551
43515 0.0135544 0.0117932 0.00852025 0.0338679
43520 0.0134627 0.0114805 0.00849958 0.0334427
43525 0.0133949 0.0111279 0.00853714 0.0330599
43530 0.0133264 0.010745 0.00861945 0.0326909
43535 0.0132295 0.0103463 0.00872887 0.0323047
43540 0.013079 0.00995055 0.0088453 0.0318749
43545 0.0128577 0.00957922 0.00894847 0.0313854
43550 0.0125592 0.00925399 0.00902063 0.0308338
43555 0.0121892 0.00899324 0.00904949 0.0302319
43560 0.0117638 0.0088088 0.00903095 0.0296036
43565 0.0113067 0.00870339 0.0089712 0.0289813
43570 0.0108453 0.00866983 0.00888723 0.0284024
43575 0.0104088 0.00869237 0.00880527 0.0279064
43580 0.0100261 0.00874992 0.00875653 0.0275326
43585 0.00972542 0.00882039 0.00877106 0.0273169
43590 0.00953288 0.00888512 0.00887117 0.0272892
43595 0.00947111 0.00893228 0.00906628 0.0274697
43600 0.0095562 0.00895849 0.00935097 0.0278657
43605 0.00979436 0.00896862 0.00970627 0.0284693
43610 0.0101791 0.00897456 0.0101038 0.0292575
43615 0.0106903 0.00899343 0.0105107 0.0301944
43620 0.0112949 0.00904576 0.010895 0.0312357
43625 0.0119506 0.00915329 0.01123 0.0323338
43630 0.0126105 0.00933623 0.0114966 0.0334433
43635 0.0132291 0.00961 0.0116858 0.0345248
43640 0.0137678 0.0099821 0.0117981 0.0355479
43645 0.0141987 0.0104498 0.0118422 0.0364907
43650 0.0145062 0.010999 0.0118318 0.0373369
43655 0.0146865 0.0116048 0.0117812 0.0380725
43660 0.0147457 0.0122338 0.0117025 0.0386821
43665 0.0146976 0.0128474 0.0116031 0.0391481
43670 0.0145607 0.0134064 0.0114857 0.0394528
43675 0.0143564 0.013876 0.0113489 0.0395814
43680 0.0141061 0.01423 0.0111902 0.0395263
43685 0.0138298 0.0144535 0.0110068 0.0392901
43690 0.0135439 0.0145445 0.0107987 0.0388871
43695 0.0132605 0.0145143 0.0105688 0.0383437
43700 0.012986 0.0143864 0.0103239 0.0376963
43705 0.0127216 0.0141945 0.0100731 0.0369892
43710 0.0124649 0.0139794 0.0098265 0.0362707
43715 0.0122126 0.013784 0.0095929 0.0355894
43720 0.0119632 0.0136475 0.00937803 0.0349886
43725 0.0117186 0.0135989 0.00918382 0.0345013
43730 0.0114847 0.0136519 0.00900891 0.0341456
43735 0.0112699 0.0138017 0.00885063 0.0339222
43740 0.0110825 0.0140255 0.0087076 0.0338156
43745 0.010929 0.0142857 0.00858176 0.0337964
43750 0.0108123 0.0145353 0.00847886 0.0338264
43755 0.0107316 0.014725 0.0084072 0.0338638
43760 0.0106834 0.0148102 0.0083753 0.0338689
43765 0.0106625 0.0147579 0.00838955 0.03381
43770 0.0106629 0.0145521 0.00845259 0.0336676
43775 0.0106782 0.0141962 0.00856277 0.0334371
43780 0.0107013 0.0137129 0.0087147 0.0331289
43785 0.0107245 0.0131403 0.00890034 0.0327651
43790 0.0107388 0.0125253 0.0091103 0.0323744
43795 0.0107334 0.0119168 0.00933471 0.0319848
43800 0.010697 0.0113574 0.00956347 0.0316178
43805 0.0106194 0.0108784 0.00978626 0.0312841
43810 0.0104952 0.0104967 0.00999296 0.0309848
43815 0.0103261 0.0102141 0.0101749 0.0307151
43820 0.0101224 0.0100204 0.0103266 0.0304693
43825 0.00990123 0.00989736 0.0104465 0.0302451
43830 0.00968242 0.0098237 0.010537 0.0300431
43835 0.00948372 0.00977976 0.0106028 0.0298663
43840 0.00931709 0.00975184 0.0106492 0.0297182
43845 0.00918745 0.00973521 0.0106811 0.0296038
43850 0.00909433 0.00973542 0.0107027 0.0295324
43855 0.00903559 0.00976743 0.0107179 0.0295209
43860 0.00901162 0.0098526 0.0107314 0.0295957
43865 0.00902792 0.0100141 0.0107483 0.0297903
43870 0.00909492 0.0102717 0.0107724 0.030139
43875 0.00922492 0.0106372 0.0108048 0.0306669
43880 0.00942739 0.0111106 0.0108426 0.0313806
43885 0.0097044 0.0116784 0.0108791 0.032262
43890 0.0100478 0.0123136 0.0109068 0.0332682
43895 0.0104388 0.012977 0.01092 0.0343359
43900 0.0108503 0.0136207 0.010918 0.035389
43905 0.0112506 0.0141922 0.0109053 0.0363482
43910 0.011609 0.0146406 0.010891 0.0371407
43915 0.0119001 0.0149217 0.0108866 0.0377084
43920 0.0121088 0.0150023 0.010903 0.038014
43925 0.0122314 0.0148639 0.0109487 0.038044
43930 0.0122765 0.0145037 0.0110275 0.0378076
43935 0.0122615 0.0139351 0.011137 0.0373337
43940 0.0122099 0.0131862 0.0112693 0.0366654
43945 0.012146 0.0122982 0.0114111 0.0358552
43950 0.0120915 0.0113213 0.0115458 0.0349587
43955 0.0120625 0.0103111 0.011656 0.0340296
43960 0.0120671 0.00932357 0.0117258 0.0331165
43965 0.012106 0.00841063 0.011743 0.0322597
43970 0.012173 0.00761667 0.0117001 0.0314898
43975 0.0122576 0.00697561 0.0115933 0.0308265
43980 0.0123467 0.00650928 0.0114222 0.0302782
43985 0.0124277 0.0062267 0.0111878 0.0298421
43990 0.0124895 0.00612413 0.0108929 0.0295065
43995 0.0125242 0.00618581 0.0105428 0.0292528
44000 0.0125266 0.00638503 0.0101453 0.029057
