No.1000: 1.01, 1.02, 0.00, 0.42, 2.62, 8.96, 4.71, -5.98, 2.00, 2.80, 0.02037694734685538
No.1001: 1.01, 1.02, 0.00, 0.42, 2.62, 8.96, 4.71, -5.98, 2.00, 2.80, 0.02037694734685538
No.1002: 1.01, 1.02, 0.00, 0.42, 2.62, 8.96, 4.71, -5.98, 2.00, 2.80, 0.02037694734685538
No.1003: 1.01, 1.02, 0.00, 0.42, 2.62, 8.96, 4.71, -5.98, 2.00, 2.80, 0.02037694734685538
No.1004: 1.01, 1.02, 0.00, 0.42, 2.62, 8.96, 4.71, -5.98, 2.00, 2.80, 0.02037694734685538
No.1005: 1.01, 1.02, 0.00, 0.42, 2.62, 8.96, 4.71, -5.98, 2.00, 2.80, 0.02037694734685538
No.1006: 1.01, 1.02, 0.00, 0.42, 2.62, 8.96, 4.71, -5.98, 2.00, 2.80, 0.02037694734685538
No.1007: 1.01, 1.02, 0.00, 0.42, 2.62, 8.96, 4.71, -5.98, 2.00, 2.80, 0.02037694734685538
No.1008: 1.01, 1.02, 0.00, 0.42, 2.62, 8.96, 4.71, -5.98, 2.00, 2.80, 0.02037694734685538
No.1009: 1.01, 1.02, 0.00, 0.42, 2.62, 8.96, 4.71, -5.98, 2.00, 2.80, 0.02037694734685538
No.1010: 1.01, 1.02, 0.00, 0.42, 2.62, 8.96, 4.71, -5.98, 2.00, 2.80, 0.02037694734685538
No.1011: 1.01, 1.02, 0.00, 0.42, 2.62, 8.96, 4.71, -5.98, 2.00, 2.80, 0.02037694734685538
No.1012: 1.01, 1.02, 0.00, 0.42, 2.62, 8.96, 4.71, -5.98, 2.00, 2.80, 0.02037694734685538
No.1013: 1.01, 1.02, 0.00, 0.42, 2.62, 8.96, 4.71, -5.98, 2.00, 2.80, 0.02037694734685538
No.1014: 1.01, 1.02, 0.00, 0.42, 2.62, 8.96, 4.71, -5.98, 2.00, 2.80, 0.02037694734685538
No.1015: 1.01, 1.02, 0.00, 0.42, 2.62, 8.96, 4.71, -5.98, 2.00, 2.80, 0.02037694734685538
No.1016: 1.01, 1.02, 0.00, 0.42, 2.62, 8.96, 4.71, -5.98, 2.00, 2.80, 0.02037694734685538
No.1017: 1.01, 1.02, 0.00, 0.42, 2.62, 8.96, 4.71, -5.98, 2.00, 2.80, 0.02037694734685538
No.1018: 1.01, 1.02, 0.00, 0.42, 2.62, 8.96, 4.71, -5.98, 2.00, 2.80, 0.02037694734685538
No.1019: 1.01, 1.02, 0.00, 0.42, 2.62, 8.96, 4.71, -5.98, 2.00, 2.80, 0.02037694734685538
No.1020: 1.01, 1.02, 0.00, 0.42, 2.62, 8.96, 4.71, -5.98, 2.00, 2.80, 0.02037694734685538
No.1021: 1.01, 1.02, 0.00, 0.42, 2.62, 8.96, 4.71, -5.98, 2.00, 2.80, 0.02037694734685538
No.1022: 1.01, 1.02, 0.00, 0.42, 2.62, 8.96, 4.71, -5.98, 2.00, 2.80, 0.02037694734685538
No.1023: 1.01, 1.02, 0.00, 0.42, 2.62, 8.96, 4.71, -5.98, 2.00, 2.80, 0.02037694734685538
No.1024: 1.01, 1.02, 0.00, 0.42, 2.62, 8.96, 4.71, -5.98, 2.00, 2.80, 0.02037694734685538
No.1025: 1.01, 1.02, 0.00, 0.42, 2.62, 8.96, 4.71, -5.98, 2.00, 2.80, 0.02037694734685538
No.1026: 1.01, 1.02, 0.00, 0.42, 2.62, 8.96, 4.71, -5.98, 2.00, 2.80, 0.02037694734685538
No.1027: 1.01, 1.02, 0.00, 0.42, 2.62, 8.96, 4.71, -5.98, 2.00, 2.80, 0.02037694734685538
No.413: 1.01, 1.02, 0.00, 0.42, 2.62, 8.96, 4.71, -5.98, 2.00, 2.80, 0.02037694734685538
No.414: 1.01, 1.02, 0.00, 0.42, 2.62, 8.96, 4.71, -5.98, 2.00, 2.80, 0.02037694734685538
No.427: 1.01, 1.02, 0.00, 0.42, 2.62, 8.96, 4.71, -5.98, 2.00, 2.80, 0.02037694734685538
No.430: 1.01, 1.02, 0.00, 0.42, 2.62, 8.96, 4.71, -5.98, 2.00, 2.80, 0.02037694734685538
No.441: 1.01, 1.02, 0.00, 0.42, 2.62, 8.96, 4.71, -5.98, 2.00, 2.80, 0.02037694734685538
No.444: 1.01, 1.02, 0.00, 0.42, 2.62, 8.96, 4.71, -5.98, 2.00, 2.80, 0.02037694734685538
No.445: 1.01, 1.02, 0.00, 0.42, 2.62, 8.96, 4.71, -5.98, 2.00, 2.80, 0.02037694734685538
No.456: 1.01, 1.02, 0.00, 0.42, 2.62, 8.96, 4.71, -5.98, 2.00, 2.80, 0.02037694734685538
No.457: 1.01, 1.02, 0.00, 0.42, 2.62, 8.96, 4.71, -5.98, 2.00, 2.80, 0.02037694734685538
No.468: 1.01, 1.02, 0.00, 0.42, 2.62, 8.96, 4.71, -5.98, 2.00, 2.80, 0.02037694734685538
No.469: 1.01, 1.02, 0.00, 0.42, 2.62, 8.96, 4.71, -5.98, 2.00, 2.80, 0.02037694734685538
No.480: 1.01, 1.02, 0.00, 0.42, 2.62, 8.96, 4.71, -5.98, 2.00, 2.80, 0.02037694734685538
No.481: 1.01, 1.02, 0.00, 0.42, 2.62, 8.96, 4.71, -5.98, 2.00, 2.80, 0.02037694734685538
No.492: 1.01, 1.02, 0.00, 0.42, 2.62, 8.96, 4.71, -5.98, 2.00, 2.80, 0.02037694734685538
No.493: 1.01, 1.02, 0.00, 0.42, 2.62, 8.96, 4.71, -5.98, 2.00, 2.80, 0.02037694734685538
No.504: 1.01, 1.02, 0.00, 0.42, 2.62, 8.96, 4.71, -5.98, 2.00, 2.80, 0.02037694734685538
No.505: 1.01, 1.02, 0.00, 0.42, 2.62, 8.96, 4.71, -5.98, 2.00, 2.80, 0.02037694734685538
No.516: 1.01, 1.02, 0.00, 0.42, 2.62, 8.96, 4.71, -5.98, 2.00, 2.80, 0.02037694734685538
No.517: 1.01, 1.02, 0.00, 0.42, 2.62, 8.96, 4.71, -5.98, 2.00, 2.80, 0.02037694734685538
No.528: 1.01, 1.02, 0.00, 0.42, 2.62, 8.96, 4.71, -5.98, 2.00, 2.80, 0.02037694734685538
No.529: 1.01, 1.02, 0.00, 0.42, 2.62, 8.96, 4.71, -5.98, 2.00, 2.80, 0.02037694734685538
No.537: 1.01, 1.02, 0.00, 0.42, 2.62, 8.96, 4.71, -5.98, 2.00, 2.80, 0.02037694734685538
No.539: 1.01, 1.02, 0.00, 0.42, 2.62, 8.96, 4.71, -5.98, 2.00, 2.80, 0.02037694734685538
No.542: 1.01, 1.02, 0.00, 0.42, 2.62, 8.96, 4.71, -5.98, 2.00, 2.80, 0.02037694734685538
No.544: 1.01, 1.02, 0.00, 0.42, 2.62, 8.96, 4.71, -5.98, 2.00, 2.80, 0.02037694734685538
No.545: 1.01, 1.02, 0.00, 0.42, 2.62, 8.96, 4.71, -5.98, 2.00, 2.80, 0.02037694734685538
No.548: 1.01, 1.02, 0.00, 0.42, 2.62, 8.96, 4.71, -5.98, 2.00, 2.80, 0.02037694734685538
No.549: 1.01, 1.02, 0.00, 0.42, 2.62, 8.96, 4.71, -5.98, 2.00, 2.80, 0.02037694734685538
No.550: 1.01, 1.02, 0.00, 0.42, 2.62, 8.96, 4.71, -5.98, 2.00, 2.80, 0.02037694734685538
No.551: 1.01, 1.02, 0.00, 0.42, 2.62, 8.96, 4.71, -5.98, 2.00, 2.80, 0.02037694734685538
No.552: 1.01, 1.02, 0.00, 0.42, 2.62, 8.96, 4.71, -5.98, 2.00, 2.80, 0.02037694734685538
No.553: 1.01, 1.02, 0.00, 0.42, 2.62, 8.96, 4.71, -5.98, 2.00, 2.80, 0.02037694734685538
No.554: 1.01, 1.02, 0.00, 0.42, 2.62, 8.96, 4.71, -5.98, 2.00, 2.80, 0.02037694734685538
No.555: 1.01, 1.02, 0.00, 0.42, 2.62, 8.96, 4.71, -5.98, 2.00, 2.80, 0.02037694734685538
No.560: 1.01, 1.02, 0.00, 0.42, 2.62, 8.96, 4.71, -5.98, 2.00, 2.80, 0.02037694734685538
No.561: 1.01, 1.02, 0.00, 0.42, 2.62, 8.96, 4.71, -5.98, 2.00, 2.80, 0.02037694734685538
No.562: 1.01, 1.02, 0.00, 0.42, 2.62, 8.96, 4.71, -5.98, 2.00, 2.80, 0.02037694734685538
No.563: 1.01, 1.02, 0.00, 0.42, 2.62, 8.96, 4.71, -5.98, 2.00, 2.80, 0.02037694734685538
No.564: 1.01, 1.02, 0.00, 0.42, 2.62, 8.96, 4.71, -5.98, 2.00, 2.80, 0.02037694734685538
No.565: 1.01, 1.02, 0.00, 0.42, 2.62, 8.96, 4.71, -5.98, 2.00, 2.80, 0.02037694734685538
No.566: 1.01, 1.02, 0.00, 0.42, 2.62, 8.96, 4.71, -5.98, 2.00, 2.80, 0.02037694734685538
No.567: 1.01, 1.02, 0.00, 0.42, 2.62, 8.96, 4.71, -5.98, 2.00, 2.80, 0.02037694734685538
No.568: 1.01, 1.02, 0.00, 0.42, 2.62, 8.96, 4.71, -5.98, 2.00, 2.80, 0.02037694734685538
No.572: 1.01, 1.02, 0.00, 0.42, 2.62, 8.96, 4.71, -5.98, 2.00, 2.80, 0.02037694734685538
No.573: 1.01, 1.02, 0.00, 0.42, 2.62, 8.96, 4.71, -5.98, 2.00, 2.80, 0.02037694734685538
No.574: 1.01, 1.02, 0.00, 0.42, 2.62, 8.96, 4.71, -5.98, 2.00, 2.80, 0.02037694734685538
No.575: 1.01, 1.02, 0.00, 0.42, 2.62, 8.96, 4.71, -5.98, 2.00, 2.80, 0.02037694734685538
No.576: 1.01, 1.02, 0.00, 0.42, 2.62, 8.96, 4.71, -5.98, 2.00, 2.80, 0.02037694734685538
No.577: 1.01, 1.02, 0.00, 0.42, 2.62, 8.96, 4.71, -5.98, 2.00, 2.80, 0.02037694734685538
No.578: 1.01, 1.02, 0.00, 0.42, 2.62, 8.96, 4.71, -5.98, 2.00, 2.80, 0.02037694734685538
No.579: 1.01, 1.02, 0.00, 0.42, 2.62, 8.96, 4.71, -5.98, 2.00, 2.80, 0.02037694734685538
No.580: 1.01, 1.02, 0.00, 0.42, 2.62, 8.96, 4.71, -5.98, 2.00, 2.80, 0.02037694734685538
No.583: 1.01, 1.02, 0.00, 0.42, 2.62, 8.96, 4.71, -5.98, 2.00, 2.80, 0.02037694734685538
No.585: 1.01, 1.02, 0.00, 0.42, 2.62, 8.96, 4.71, -5.98, 2.00, 2.80, 0.02037694734685538
No.586: 1.01, 1.02, 0.00, 0.42, 2.62, 8.96, 4.71, -5.98, 2.00, 2.80, 0.02037694734685538
No.587: 1.01, 1.02, 0.00, 0.42, 2.62, 8.96, 4.71, -5.98, 2.00, 2.80, 0.02037694734685538
No.588: 1.01, 1.02, 0.00, 0.42, 2.62, 8.96, 4.71, -5.98, 2.00, 2.80, 0.02037694734685538
No.589: 1.01, 1.02, 0.00, 0.42, 2.62, 8.96, 4.71, -5.98, 2.00, 2.80, 0.02037694734685538
No.590: 1.01, 1.02, 0.00, 0.42, 2.62, 8.96, 4.71, -5.98, 2.00, 2.80, 0.02037694734685538
No.591: 1.01, 1.02, 0.00, 0.42, 2.62, 8.96, 4.71, -5.98, 2.00, 2.80, 0.02037694734685538
No.592: 1.01, 1.02, 0.00, 0.42, 2.62, 8.96, 4.71, -5.98, 2.00, 2.80, 0.02037694734685538
No.593: 1.01, 1.02, 0.00, 0.42, 2.62, 8.96, 4.71, -5.98, 2.00, 2.80, 0.02037694734685538
No.594: 1.01, 1.02, 0.00, 0.42, 2.62, 8.96, 4.71, -5.98, 2.00, 2.80, 0.02037694734685538
No.595: 1.01, 1.02, 0.00, 0.42, 2.62, 8.96, 4.71, -5.98, 2.00, 2.80, 0.02037694734685538
No.596: 1.01, 1.02, 0.00, 0.42, 2.62, 8.96, 4.71, -5.98, 2.00, 2.80, 0.02037694734685538
No.597: 1.01, 1.02, 0.00, 0.42, 2.62, 8.96, 4.71, -5.98, 2.00, 2.80, 0.02037694734685538
No.598: 1.01, 1.02, 0.00, 0.42, 2.62, 8.96, 4.71, -5.98, 2.00, 2.80, 0.02037694734685538
No.599: 1.01, 1.02, 0.00, 0.42, 2.62, 8.96, 4.71, -5.98, 2.00, 2.80, 0.02037694734685538
No.600: 1.01, 1.02, 0.00, 0.42, 2.62, 8.96, 4.71, -5.98, 2.00, 2.80, 0.02037694734685538
No.601: 1.01, 1.02, 0.00, 0.42, 2.62, 8.96, 4.71, -5.98, 2.00, 2.80, 0.02037694734685538
No.602: 1.01, 1.02, 0.00, 0.42, 2.62, 8.96, 4.71, -5.98, 2.00, 2.80, 0.02037694734685538
No.603: 1.01, 1.02, 0.00, 0.42, 2.62, 8.96, 4.71, -5.98, 2.00, 2.80, 0.02037694734685538
No.604: 1.01, 1.02, 0.00, 0.42, 2.62, 8.96, 4.71, -5.98, 2.00, 2.80, 0.02037694734685538
No.605: 1.01, 1.02, 0.00, 0.42, 2.62, 8.96, 4.71, -5.98, 2.00, 2.80, 0.02037694734685538
No.606: 1.01, 1.02, 0.00, 0.42, 2.62, 8.96, 4.71, -5.98, 2.00, 2.80, 0.02037694734685538
No.607: 1.01, 1.02, 0.00, 0.42, 2.62, 8.96, 4.71, -5.98, 2.00, 2.80, 0.02037694734685538
No.608: 1.01, 1.02, 0.00, 0.42, 2.62, 8.96, 4.71, -5.98, 2.00, 2.80, 0.02037694734685538
No.609: 1.01, 1.02, 0.00, 0.42, 2.62, 8.96, 4.71, -5.98, 2.00, 2.80, 0.02037694734685538
No.610: 1.01, 1.02, 0.00, 0.42, 2.62, 8.96, 4.71, -5.98, 2.00, 2.80, 0.02037694734685538
No.611: 1.01, 1.02, 0.00, 0.42, 2.62, 8.96, 4.71, -5.98, 2.00, 2.80, 0.02037694734685538
No.612: 1.01, 1.02, 0.00, 0.42, 2.62, 8.96, 4.71, -5.98, 2.00, 2.80, 0.02037694734685538
No.613: 1.01, 1.02, 0.00, 0.42, 2.62, 8.96, 4.71, -5.98, 2.00, 2.80, 0.02037694734685538
No.614: 1.01, 1.02, 0.00, 0.42, 2.62, 8.96, 4.71, -5.98, 2.00, 2.80, 0.02037694734685538
No.615: 1.01, 1.02, 0.00, 0.42, 2.62, 8.96, 4.71, -5.98, 2.00, 2.80, 0.02037694734685538
No.616: 1.01, 1.02, 0.00, 0.42, 2.62, 8.96, 4.71, -5.98, 2.00, 2.80, 0.02037694734685538
No.617: 1.01, 1.02, 0.00, 0.42, 2.62, 8.96, 4.71, -5.98, 2.00, 2.80, 0.02037694734685538
No.618: 1.01, 1.02, 0.00, 0.42, 2.62, 8.96, 4.71, -5.98, 2.00, 2.80, 0.02037694734685538
No.619: 1.01, 1.02, 0.00, 0.42, 2.62, 8.96, 4.71, -5.98, 2.00, 2.80, 0.02037694734685538
No.620: 1.01, 1.02, 0.00, 0.42, 2.62, 8.96, 4.71, -5.98, 2.00, 2.80, 0.02037694734685538
No.621: 1.01, 1.02, 0.00, 0.42, 2.62, 8.96, 4.71, -5.98, 2.00, 2.80, 0.02037694734685538
No.622: 1.01, 1.02, 0.00, 0.42, 2.62, 8.96, 4.71, -5.98, 2.00, 2.80, 0.02037694734685538
No.623: 1.01, 1.02, 0.00, 0.42, 2.62, 8.96, 4.71, -5.98, 2.00, 2.80, 0.02037694734685538
No.624: 1.01, 1.02, 0.00, 0.42, 2.62, 8.96, 4.71, -5.98, 2.00, 2.80, 0.02037694734685538
No.625: 1.01, 1.02, 0.00, 0.42, 2.62, 8.96, 4.71, -5.98, 2.00, 2.80, 0.02037694734685538
No.626: 1.01, 1.02, 0.00, 0.42, 2.62, 8.96, 4.71, -5.98, 2.00, 2.80, 0.02037694734685538
No.627: 1.01, 1.02, 0.00, 0.42, 2.62, 8.96, 4.71, -5.98, 2.00, 2.80, 0.02037694734685538
No.628: 1.01, 1.02, 0.00, 0.42, 2.62, 8.96, 4.71, -5.98, 2.00, 2.80, 0.02037694734685538
No.629: 1.01, 1.02, 0.00, 0.42, 2.62, 8.96, 4.71, -5.98, 2.00, 2.80, 0.02037694734685538
No.630: 1.01, 1.02, 0.00, 0.42, 2.62, 8.96, 4.71, -5.98, 2.00, 2.80, 0.02037694734685538
No.631: 1.01, 1.02, 0.00, 0.42, 2.62, 8.96, 4.71, -5.98, 2.00, 2.80, 0.02037694734685538
No.632: 1.01, 1.02, 0.00, 0.42, 2.62, 8.96, 4.71, -5.98, 2.00, 2.80, 0.02037694734685538
No.633: 1.01, 1.02, 0.00, 0.42, 2.62, 8.96, 4.71, -5.98, 2.00, 2.80, 0.02037694734685538
No.634: 1.01, 1.02, 0.00, 0.42, 2.62, 8.96, 4.71, -5.98, 2.00, 2.80, 0.02037694734685538
No.635: 1.01, 1.02, 0.00, 0.42, 2.62, 8.96, 4.71, -5.98, 2.00, 2.80, 0.02037694734685538
No.636: 1.01, 1.02, 0.00, 0.42, 2.62, 8.96, 4.71, -5.98, 2.00, 2.80, 0.02037694734685538
No.637: 1.01, 1.02, 0.00, 0.42, 2.62, 8.96, 4.71, -5.98, 2.00, 2.80, 0.02037694734685538
No.638: 1.01, 1.02, 0.00, 0.42, 2.62, 8.96, 4.71, -5.98, 2.00, 2.80, 0.02037694734685538
No.639: 1.01, 1.02, 0.00, 0.42, 2.62, 8.96, 4.71, -5.98, 2.00, 2.80, 0.02037694734685538
No.640: 1.01, 1.02, 0.00, 0.42, 2.62, 8.96, 4.71, -5.98, 2.00, 2.80, 0.02037694734685538
No.641: 1.01, 1.02, 0.00, 0.42, 2.62, 8.96, 4.71, -5.98, 2.00, 2.80, 0.02037694734685538
No.642: 1.01, 1.02, 0.00, 0.42, 2.62, 8.96, 4.71, -5.98, 2.00, 2.80, 0.02037694734685538
No.643: 1.01, 1.02, 0.00, 0.42, 2.62, 8.96, 4.71, -5.98, 2.00, 2.80, 0.02037694734685538
No.644: 1.01, 1.02, 0.00, 0.42, 2.62, 8.96, 4.71, -5.98, 2.00, 2.80, 0.02037694734685538
No.645: 1.01, 1.02, 0.00, 0.42, 2.62, 8.96, 4.71, -5.98, 2.00, 2.80, 0.02037694734685538
No.646: 1.01, 1.02, 0.00, 0.42, 2.62, 8.96, 4.71, -5.98, 2.00, 2.80, 0.02037694734685538
No.647: 1.01, 1.02, 0.00, 0.42, 2.62, 8.96, 4.71, -5.98, 2.00, 2.80, 0.02037694734685538
No.648: 1.01, 1.02, 0.00, 0.42, 2.62, 8.96, 4.71, -5.98, 2.00, 2.80, 0.02037694734685538
No.649: 1.01, 1.02, 0.00, 0.42, 2.62, 8.96, 4.71, -5.98, 2.00, 2.80, 0.02037694734685538
No.650: 1.01, 1.02, 0.00, 0.42, 2.62, 8.96, 4.71, -5.98, 2.00, 2.80, 0.02037694734685538
No.651: 1.01, 1.02, 0.00, 0.42, 2.62, 8.96, 4.71, -5.98, 2.00, 2.80, 0.02037694734685538
No.652: 1.01, 1.02, 0.00, 0.42, 2.62, 8.96, 4.71, -5.98, 2.00, 2.80, 0.02037694734685538
No.653: 1.01, 1.02, 0.00, 0.42, 2.62, 8.96, 4.71, -5.98, 2.00, 2.80, 0.02037694734685538
No.654: 1.01, 1.02, 0.00, 0.42, 2.62, 8.96, 4.71, -5.98, 2.00, 2.80, 0.02037694734685538
No.655: 1.01, 1.02, 0.00, 0.42, 2.62, 8.96, 4.71, -5.98, 2.00, 2.80, 0.02037694734685538
No.656: 1.01, 1.02, 0.00, 0.42, 2.62, 8.96, 4.71, -5.98, 2.00, 2.80, 0.02037694734685538
No.657: 1.01, 1.02, 0.00, 0.42, 2.62, 8.96, 4.71, -5.98, 2.00, 2.80, 0.02037694734685538
No.658: 1.01, 1.02, 0.00, 0.42, 2.62, 8.96, 4.71, -5.98, 2.00, 2.80, 0.02037694734685538
No.659: 1.01, 1.02, 0.00, 0.42, 2.62, 8.96, 4.71, -5.98, 2.00, 2.80, 0.02037694734685538
No.660: 1.01, 1.02, 0.00, 0.42, 2.62, 8.96, 4.71, -5.98, 2.00, 2.80, 0.02037694734685538
No.661: 1.01, 1.02, 0.00, 0.42, 2.62, 8.96, 4.71, -5.98, 2.00, 2.80, 0.02037694734685538
No.662: 1.01, 1.02, 0.00, 0.42, 2.62, 8.96, 4.71, -5.98, 2.00, 2.80, 0.02037694734685538
No.663: 1.01, 1.02, 0.00, 0.42, 2.62, 8.96, 4.71, -5.98, 2.00, 2.80, 0.02037694734685538
No.664: 1.01, 1.02, 0.00, 0.42, 2.62, 8.96, 4.71, -5.98, 2.00, 2.80, 0.02037694734685538
No.665: 1.01, 1.02, 0.00, 0.42, 2.62, 8.96, 4.71, -5.98, 2.00, 2.80, 0.02037694734685538
No.666: 1.01, 1.02, 0.00, 0.42, 2.62, 8.96, 4.71, -5.98, 2.00, 2.80, 0.02037694734685538
No.667: 1.01, 1.02, 0.00, 0.42, 2.62, 8.96, 4.71, -5.98, 2.00, 2.80, 0.02037694734685538
No.668: 1.01, 1.02, 0.00, 0.42, 2.62, 8.96, 4.71, -5.98, 2.00, 2.80, 0.02037694734685538
No.669: 1.01, 1.02, 0.00, 0.42, 2.62, 8.96, 4.71, -5.98, 2.00, 2.80, 0.02037694734685538
No.670: 1.01, 1.02, 0.00, 0.42, 2.62, 8.96, 4.71, -5.98, 2.00, 2.80, 0.02037694734685538
No.671: 1.01, 1.02, 0.00, 0.42, 2.62, 8.96, 4.71, -5.98, 2.00, 2.80, 0.02037694734685538
No.672: 1.01, 1.02, 0.00, 0.42, 2.62, 8.96, 4.71, -5.98, 2.00, 2.80, 0.02037694734685538
No.673: 1.01, 1.02, 0.00, 0.42, 2.62, 8.96, 4.71, -5.98, 2.00, 2.80, 0.02037694734685538
No.674: 1.01, 1.02, 0.00, 0.42, 2.62, 8.96, 4.71, -5.98, 2.00, 2.80, 0.02037694734685538
No.675: 1.01, 1.02, 0.00, 0.42, 2.62, 8.96, 4.71, -5.98, 2.00, 2.80, 0.02037694734685538
No.676: 1.01, 1.02, 0.00, 0.42, 2.62, 8.96, 4.71, -5.98, 2.00, 2.80, 0.02037694734685538
No.677: 1.01, 1.02, 0.00, 0.42, 2.62, 8.96, 4.71, -5.98, 2.00, 2.80, 0.02037694734685538
No.678: 1.01, 1.02, 0.00, 0.42, 2.62, 8.96, 4.71, -5.98, 2.00, 2.80, 0.02037694734685538
No.679: 1.01, 1.02, 0.00, 0.42, 2.62, 8.96, 4.71, -5.98, 2.00, 2.80, 0.02037694734685538
No.680: 1.01, 1.02, 0.00, 0.42, 2.62, 8.96, 4.71, -5.98, 2.00, 2.80, 0.02037694734685538
No.681: 1.01, 1.02, 0.00, 0.42, 2.62, 8.96, 4.71, -5.98, 2.00, 2.80, 0.02037694734685538
No.682: 1.01, 1.02, 0.00, 0.42, 2.62, 8.96, 4.71, -5.98, 2.00, 2.80, 0.02037694734685538
No.683: 1.01, 1.02, 0.00, 0.42, 2.62, 8.96, 4.71, -5.98, 2.00, 2.80, 0.02037694734685538
No.684: 1.01, 1.02, 0.00, 0.42, 2.62, 8.96, 4.71, -5.98, 2.00, 2.80, 0.02037694734685538
No.685: 1.01, 1.02, 0.00, 0.42, 2.62, 8.96, 4.71, -5.98, 2.00, 2.80, 0.02037694734685538
No.686: 1.01, 1.02, 0.00, 0.42, 2.62, 8.96, 4.71, -5.98, 2.00, 2.80, 0.02037694734685538
No.687: 1.01, 1.02, 0.00, 0.42, 2.62, 8.96, 4.71, -5.98, 2.00, 2.80, 0.02037694734685538
No.688: 1.01, 1.02, 0.00, 0.42, 2.62, 8.96, 4.71, -5.98, 2.00, 2.80, 0.02037694734685538
No.689: 1.01, 1.02, 0.00, 0.42, 2.62, 8.96, 4.71, -5.98, 2.00, 2.80, 0.02037694734685538
No.690: 1.01, 1.02, 0.00, 0.42, 2.62, 8.96, 4.71, -5.98, 2.00, 2.80, 0.02037694734685538
No.691: 1.01, 1.02, 0.00, 0.42, 2.62, 8.96, 4.71, -5.98, 2.00, 2.80, 0.02037694734685538
No.692: 1.01, 1.02, 0.00, 0.42, 2.62, 8.96, 4.71, -5.98, 2.00, 2.80, 0.02037694734685538
No.693: 1.01, 1.02, 0.00, 0.42, 2.62, 8.96, 4.71, -5.98, 2.00, 2.80, 0.02037694734685538
No.694: 1.01, 1.02, 0.00, 0.42, 2.62, 8.96, 4.71, -5.98, 2.00, 2.80, 0.02037694734685538
No.695: 1.01, 1.02, 0.00, 0.42, 2.62, 8.96, 4.71, -5.98, 2.00, 2.80, 0.02037694734685538
No.696: 1.01, 1.02, 0.00, 0.42, 2.62, 8.96, 4.71, -5.98, 2.00, 2.80, 0.02037694734685538
No.697: 1.01, 1.02, 0.00, 0.42, 2.62, 8.96, 4.71, -5.98, 2.00, 2.80, 0.02037694734685538
No.698: 1.01, 1.02, 0.00, 0.42, 2.62, 8.96, 4.71, -5.98, 2.00, 2.80, 0.02037694734685538
No.699: 1.01, 1.02, 0.00, 0.42, 2.62, 8.96, 4.71, -5.98, 2.00, 2.80, 0.02037694734685538
No.700: 1.01, 1.02, 0.00, 0.42, 2.62, 8.96, 4.71, -5.98, 2.00, 2.80, 0.02037694734685538
No.701: 1.01, 1.02, 0.00, 0.42, 2.62, 8.96, 4.71, -5.98, 2.00, 2.80, 0.02037694734685538
No.702: 1.01, 1.02, 0.00, 0.42, 2.62, 8.96, 4.71, -5.98, 2.00, 2.80, 0.02037694734685538
No.703: 1.01, 1.02, 0.00, 0.42, 2.62, 8.96, 4.71, -5.98, 2.00, 2.80, 0.02037694734685538
No.704: 1.01, 1.02, 0.00, 0.42, 2.62, 8.96, 4.71, -5.98, 2.00, 2.80, 0.02037694734685538
No.705: 1.01, 1.02, 0.00, 0.42, 2.62, 8.96, 4.71, -5.98, 2.00, 2.80, 0.02037694734685538
No.706: 1.01, 1.02, 0.00, 0.42, 2.62, 8.96, 4.71, -5.98, 2.00, 2.80, 0.02037694734685538
No.707: 1.01, 1.02, 0.00, 0.42, 2.62, 8.96, 4.71, -5.98, 2.00, 2.80, 0.02037694734685538
No.708: 1.01, 1.02, 0.00, 0.42, 2.62, 8.96, 4.71, -5.98, 2.00, 2.80, 0.02037694734685538
No.709: 1.01, 1.02, 0.00, 0.42, 2.62, 8.96, 4.71, -5.98, 2.00, 2.80, 0.02037694734685538
No.710: 1.01, 1.02, 0.00, 0.42, 2.62, 8.96, 4.71, -5.98, 2.00, 2.80, 0.02037694734685538
No.711: 1.01, 1.02, 0.00, 0.42, 2.62, 8.96, 4.71, -5.98, 2.00, 2.80, 0.02037694734685538
No.712: 1.01, 1.02, 0.00, 0.42, 2.62, 8.96, 4.71, -5.98, 2.00, 2.80, 0.02037694734685538
No.713: 1.01, 1.02, 0.00, 0.42, 2.62, 8.96, 4.71, -5.98, 2.00, 2.80, 0.02037694734685538
No.714: 1.01, 1.02, 0.00, 0.42, 2.62, 8.96, 4.71, -5.98, 2.00, 2.80, 0.02037694734685538
No.715: 1.01, 1.02, 0.00, 0.42, 2.62, 8.96, 4.71, -5.98, 2.00, 2.80, 0.02037694734685538
No.716: 1.01, 1.02, 0.00, 0.42, 2.62, 8.96, 4.71, -5.98, 2.00, 2.80, 0.02037694734685538
No.717: 1.01, 1.02, 0.00, 0.42, 2.62, 8.96, 4.71, -5.98, 2.00, 2.80, 0.02037694734685538
No.718: 1.01, 1.02, 0.00, 0.42, 2.62, 8.96, 4.71, -5.98, 2.00, 2.80, 0.02037694734685538
No.719: 1.01, 1.02, 0.00, 0.42, 2.62, 8.96, 4.71, -5.98, 2.00, 2.80, 0.02037694734685538
No.720: 1.01, 1.02, 0.00, 0.42, 2.62, 8.96, 4.71, -5.98, 2.00, 2.80, 0.02037694734685538
No.721: 1.01, 1.02, 0.00, 0.42, 2.62, 8.96, 4.71, -5.98, 2.00, 2.80, 0.02037694734685538
No.722: 1.01, 1.02, 0.00, 0.42, 2.62, 8.96, 4.71, -5.98, 2.00, 2.80, 0.02037694734685538
No.723: 1.01, 1.02, 0.00, 0.42, 2.62, 8.96, 4.71, -5.98, 2.00, 2.80, 0.02037694734685538
No.724: 1.01, 1.02, 0.00, 0.42, 2.62, 8.96, 4.71, -5.98, 2.00, 2.80, 0.02037694734685538
No.725: 1.01, 1.02, 0.00, 0.42, 2.62, 8.96, 4.71, -5.98, 2.00, 2.80, 0.02037694734685538
No.726: 1.01, 1.02, 0.00, 0.42, 2.62, 8.96, 4.71, -5.98, 2.00, 2.80, 0.02037694734685538
No.727: 1.01, 1.02, 0.00, 0.42, 2.62, 8.96, 4.71, -5.98, 2.00, 2.80, 0.02037694734685538
No.728: 1.01, 1.02, 0.00, 0.42, 2.62, 8.96, 4.71, -5.98, 2.00, 2.80, 0.02037694734685538
No.729: 1.01, 1.02, 0.00, 0.42, 2.62, 8.96, 4.71, -5.98, 2.00, 2.80, 0.02037694734685538
No.730: 1.01, 1.02, 0.00, 0.42, 2.62, 8.96, 4.71, -5.98, 2.00, 2.80, 0.02037694734685538
No.731: 1.01, 1.02, 0.00, 0.42, 2.62, 8.96, 4.71, -5.98, 2.00, 2.80, 0.02037694734685538
No.732: 1.01, 1.02, 0.00, 0.42, 2.62, 8.96, 4.71, -5.98, 2.00, 2.80, 0.02037694734685538
No.733: 1.01, 1.02, 0.00, 0.42, 2.62, 8.96, 4.71, -5.98, 2.00, 2.80, 0.02037694734685538
No.734: 1.01, 1.02, 0.00, 0.42, 2.62, 8.96, 4.71, -5.98, 2.00, 2.80, 0.02037694734685538
No.735: 1.01, 1.02, 0.00, 0.42, 2.62, 8.96, 4.71, -5.98, 2.00, 2.80, 0.02037694734685538
No.736: 1.01, 1.02, 0.00, 0.42, 2.62, 8.96, 4.71, -5.98, 2.00, 2.80, 0.02037694734685538
No.737: 1.01, 1.02, 0.00, 0.42, 2.62, 8.96, 4.71, -5.98, 2.00, 2.80, 0.02037694734685538
No.738: 1.01, 1.02, 0.00, 0.42, 2.62, 8.96, 4.71, -5.98, 2.00, 2.80, 0.02037694734685538
No.739: 1.01, 1.02, 0.00, 0.42, 2.62, 8.96, 4.71, -5.98, 2.00, 2.80, 0.02037694734685538
No.740: 1.01, 1.02, 0.00, 0.42, 2.62, 8.96, 4.71, -5.98, 2.00, 2.80, 0.02037694734685538
No.741: 1.01, 1.02, 0.00, 0.42, 2.62, 8.96, 4.71, -5.98, 2.00, 2.80, 0.02037694734685538
No.742: 1.01, 1.02, 0.00, 0.42, 2.62, 8.96, 4.71, -5.98, 2.00, 2.80, 0.02037694734685538
No.743: 1.01, 1.02, 0.00, 0.42, 2.62, 8.96, 4.71, -5.98, 2.00, 2.80, 0.02037694734685538
No.744: 1.01, 1.02, 0.00, 0.42, 2.62, 8.96, 4.71, -5.98, 2.00, 2.80, 0.02037694734685538
No.745: 1.01, 1.02, 0.00, 0.42, 2.62, 8.96, 4.71, -5.98, 2.00, 2.80, 0.02037694734685538
No.746: 1.01, 1.02, 0.00, 0.42, 2.62, 8.96, 4.71, -5.98, 2.00, 2.80, 0.02037694734685538
No.747: 1.01, 1.02, 0.00, 0.42, 2.62, 8.96, 4.71, -5.98, 2.00, 2.80, 0.02037694734685538
No.748: 1.01, 1.02, 0.00, 0.42, 2.62, 8.96, 4.71, -5.98, 2.00, 2.80, 0.02037694734685538
No.749: 1.01, 1.02, 0.00, 0.42, 2.62, 8.96, 4.71, -5.98, 2.00, 2.80, 0.02037694734685538
No.750: 1.01, 1.02, 0.00, 0.42, 2.62, 8.96, 4.71, -5.98, 2.00, 2.80, 0.02037694734685538
No.751: 1.01, 1.02, 0.00, 0.42, 2.62, 8.96, 4.71, -5.98, 2.00, 2.80, 0.02037694734685538
No.752: 1.01, 1.02, 0.00, 0.42, 2.62, 8.96, 4.71, -5.98, 2.00, 2.80, 0.02037694734685538
No.753: 1.01, 1.02, 0.00, 0.42, 2.62, 8.96, 4.71, -5.98, 2.00, 2.80, 0.02037694734685538
No.754: 1.01, 1.02, 0.00, 0.42, 2.62, 8.96, 4.71, -5.98, 2.00, 2.80, 0.02037694734685538
No.755: 1.01, 1.02, 0.00, 0.42, 2.62, 8.96, 4.71, -5.98, 2.00, 2.80, 0.02037694734685538
No.756: 1.01, 1.02, 0.00, 0.42, 2.62, 8.96, 4.71, -5.98, 2.00, 2.80, 0.02037694734685538
No.757: 1.01, 1.02, 0.00, 0.42, 2.62, 8.96, 4.71, -5.98, 2.00, 2.80, 0.02037694734685538
No.758: 1.01, 1.02, 0.00, 0.42, 2.62, 8.96, 4.71, -5.98, 2.00, 2.80, 0.02037694734685538
No.759: 1.01, 1.02, 0.00, 0.42, 2.62, 8.96, 4.71, -5.98, 2.00, 2.80, 0.02037694734685538
No.760: 1.01, 1.02, 0.00, 0.42, 2.62, 8.96, 4.71, -5.98, 2.00, 2.80, 0.02037694734685538
No.761: 1.01, 1.02, 0.00, 0.42, 2.62, 8.96, 4.71, -5.98, 2.00, 2.80, 0.02037694734685538
No.762: 1.01, 1.02, 0.00, 0.42, 2.62, 8.96, 4.71, -5.98, 2.00, 2.80, 0.02037694734685538
No.763: 1.01, 1.02, 0.00, 0.42, 2.62, 8.96, 4.71, -5.98, 2.00, 2.80, 0.02037694734685538
No.764: 1.01, 1.02, 0.00, 0.42, 2.62, 8.96, 4.71, -5.98, 2.00, 2.80, 0.02037694734685538
No.765: 1.01, 1.02, 0.00, 0.42, 2.62, 8.96, 4.71, -5.98, 2.00, 2.80, 0.02037694734685538
No.766: 1.01, 1.02, 0.00, 0.42, 2.62, 8.96, 4.71, -5.98, 2.00, 2.80, 0.02037694734685538
No.767: 1.01, 1.02, 0.00, 0.42, 2.62, 8.96, 4.71, -5.98, 2.00, 2.80, 0.02037694734685538
No.768: 1.01, 1.02, 0.00, 0.42, 2.62, 8.96, 4.71, -5.98, 2.00, 2.80, 0.02037694734685538
No.769: 1.01, 1.02, 0.00, 0.42, 2.62, 8.96, 4.71, -5.98, 2.00, 2.80, 0.02037694734685538
No.770: 1.01, 1.02, 0.00, 0.42, 2.62, 8.96, 4.71, -5.98, 2.00, 2.80, 0.02037694734685538
No.771: 1.01, 1.02, 0.00, 0.42, 2.62, 8.96, 4.71, -5.98, 2.00, 2.80, 0.02037694734685538
No.772: 1.01, 1.02, 0.00, 0.42, 2.62, 8.96, 4.71, -5.98, 2.00, 2.80, 0.02037694734685538
No.773: 1.01, 1.02, 0.00, 0.42, 2.62, 8.96, 4.71, -5.98, 2.00, 2.80, 0.02037694734685538
No.774: 1.01, 1.02, 0.00, 0.42, 2.62, 8.96, 4.71, -5.98, 2.00, 2.80, 0.02037694734685538
No.775: 1.01, 1.02, 0.00, 0.42, 2.62, 8.96, 4.71, -5.98, 2.00, 2.80, 0.02037694734685538
No.776: 1.01, 1.02, 0.00, 0.42, 2.62, 8.96, 4.71, -5.98, 2.00, 2.80, 0.02037694734685538
No.777: 1.01, 1.02, 0.00, 0.42, 2.62, 8.96, 4.71, -5.98, 2.00, 2.80, 0.02037694734685538
No.778: 1.01, 1.02, 0.00, 0.42, 2.62, 8.96, 4.71, -5.98, 2.00, 2.80, 0.02037694734685538
No.779: 1.01, 1.02, 0.00, 0.42, 2.62, 8.96, 4.71, -5.98, 2.00, 2.80, 0.02037694734685538
No.780: 1.01, 1.02, 0.00, 0.42, 2.62, 8.96, 4.71, -5.98, 2.00, 2.80, 0.02037694734685538
No.781: 1.01, 1.02, 0.00, 0.42, 2.62, 8.96, 4.71, -5.98, 2.00, 2.80, 0.02037694734685538
No.782: 1.01, 1.02, 0.00, 0.42, 2.62, 8.96, 4.71, -5.98, 2.00, 2.80, 0.02037694734685538
No.783: 1.01, 1.02, 0.00, 0.42, 2.62, 8.96, 4.71, -5.98, 2.00, 2.80, 0.02037694734685538
No.784: 1.01, 1.02, 0.00, 0.42, 2.62, 8.96, 4.71, -5.98, 2.00, 2.80, 0.02037694734685538
No.785: 1.01, 1.02, 0.00, 0.42, 2.62, 8.96, 4.71, -5.98, 2.00, 2.80, 0.02037694734685538
No.786: 1.01, 1.02, 0.00, 0.42, 2.62, 8.96, 4.71, -5.98, 2.00, 2.80, 0.02037694734685538
No.787: 1.01, 1.02, 0.00, 0.42, 2.62, 8.96, 4.71, -5.98, 2.00, 2.80, 0.02037694734685538
No.788: 1.01, 1.02, 0.00, 0.42, 2.62, 8.96, 4.71, -5.98, 2.00, 2.80, 0.02037694734685538
No.789: 1.01, 1.02, 0.00, 0.42, 2.62, 8.96, 4.71, -5.98, 2.00, 2.80, 0.02037694734685538
No.790: 1.01, 1.02, 0.00, 0.42, 2.62, 8.96, 4.71, -5.98, 2.00, 2.80, 0.02037694734685538
No.791: 1.01, 1.02, 0.00, 0.42, 2.62, 8.96, 4.71, -5.98, 2.00, 2.80, 0.02037694734685538
No.792: 1.01, 1.02, 0.00, 0.42, 2.62, 8.96, 4.71, -5.98, 2.00, 2.80, 0.02037694734685538
No.793: 1.01, 1.02, 0.00, 0.42, 2.62, 8.96, 4.71, -5.98, 2.00, 2.80, 0.02037694734685538
No.794: 1.01, 1.02, 0.00, 0.42, 2.62, 8.96, 4.71, -5.98, 2.00, 2.80, 0.02037694734685538
No.795: 1.01, 1.02, 0.00, 0.42, 2.62, 8.96, 4.71, -5.98, 2.00, 2.80, 0.02037694734685538
No.796: 1.01, 1.02, 0.00, 0.42, 2.62, 8.96, 4.71, -5.98, 2.00, 2.80, 0.02037694734685538
No.797: 1.01, 1.02, 0.00, 0.42, 2.62, 8.96, 4.71, -5.98, 2.00, 2.80, 0.02037694734685538
No.798: 1.01, 1.02, 0.00, 0.42, 2.62, 8.96, 4.71, -5.98, 2.00, 2.80, 0.02037694734685538
No.799: 1.01, 1.02, 0.00, 0.42, 2.62, 8.96, 4.71, -5.98, 2.00, 2.80, 0.02037694734685538
No.800: 1.01, 1.02, 0.00, 0.42, 2.62, 8.96, 4.71, -5.98, 2.00, 2.80, 0.02037694734685538
No.801: 1.01, 1.02, 0.00, 0.42, 2.62, 8.96, 4.71, -5.98, 2.00, 2.80, 0.02037694734685538
No.802: 1.01, 1.02, 0.00, 0.42, 2.62, 8.96, 4.71, -5.98, 2.00, 2.80, 0.02037694734685538
No.803: 1.01, 1.02, 0.00, 0.42, 2.62, 8.96, 4.71, -5.98, 2.00, 2.80, 0.02037694734685538
No.804: 1.01, 1.02, 0.00, 0.42, 2.62, 8.96, 4.71, -5.98, 2.00, 2.80, 0.02037694734685538
No.805: 1.01, 1.02, 0.00, 0.42, 2.62, 8.96, 4.71, -5.98, 2.00, 2.80, 0.02037694734685538
No.806: 1.01, 1.02, 0.00, 0.42, 2.62, 8.96, 4.71, -5.98, 2.00, 2.80, 0.02037694734685538
No.807: 1.01, 1.02, 0.00, 0.42, 2.62, 8.96, 4.71, -5.98, 2.00, 2.80, 0.02037694734685538
No.808: 1.01, 1.02, 0.00, 0.42, 2.62, 8.96, 4.71, -5.98, 2.00, 2.80, 0.02037694734685538
No.809: 1.01, 1.02, 0.00, 0.42, 2.62, 8.96, 4.71, -5.98, 2.00, 2.80, 0.02037694734685538
No.810: 1.01, 1.02, 0.00, 0.42, 2.62, 8.96, 4.71, -5.98, 2.00, 2.80, 0.02037694734685538
No.811: 1.01, 1.02, 0.00, 0.42, 2.62, 8.96, 4.71, -5.98, 2.00, 2.80, 0.02037694734685538
No.812: 1.01, 1.02, 0.00, 0.42, 2.62, 8.96, 4.71, -5.98, 2.00, 2.80, 0.02037694734685538
No.813: 1.01, 1.02, 0.00, 0.42, 2.62, 8.96, 4.71, -5.98, 2.00, 2.80, 0.02037694734685538
No.814: 1.01, 1.02, 0.00, 0.42, 2.62, 8.96, 4.71, -5.98, 2.00, 2.80, 0.02037694734685538
No.815: 1.01, 1.02, 0.00, 0.42, 2.62, 8.96, 4.71, -5.98, 2.00, 2.80, 0.02037694734685538
No.816: 1.01, 1.02, 0.00, 0.42, 2.62, 8.96, 4.71, -5.98, 2.00, 2.80, 0.02037694734685538
No.817: 1.01, 1.02, 0.00, 0.42, 2.62, 8.96, 4.71, -5.98, 2.00, 2.80, 0.02037694734685538
No.818: 1.01, 1.02, 0.00, 0.42, 2.62, 8.96, 4.71, -5.98, 2.00, 2.80, 0.02037694734685538
No.819: 1.01, 1.02, 0.00, 0.42, 2.62, 8.96, 4.71, -5.98, 2.00, 2.80, 0.02037694734685538
No.820: 1.01, 1.02, 0.00, 0.42, 2.62, 8.96, 4.71, -5.98, 2.00, 2.80, 0.02037694734685538
No.821: 1.01, 1.02, 0.00, 0.42, 2.62, 8.96, 4.71, -5.98, 2.00, 2.80, 0.02037694734685538
No.822: 1.01, 1.02, 0.00, 0.42, 2.62, 8.96, 4.71, -5.98, 2.00, 2.80, 0.02037694734685538
No.823: 1.01, 1.02, 0.00, 0.42, 2.62, 8.96, 4.71, -5.98, 2.00, 2.80, 0.02037694734685538
No.824: 1.01, 1.02, 0.00, 0.42, 2.62, 8.96, 4.71, -5.98, 2.00, 2.80, 0.02037694734685538
No.825: 1.01, 1.02, 0.00, 0.42, 2.62, 8.96, 4.71, -5.98, 2.00, 2.80, 0.02037694734685538
No.826: 1.01, 1.02, 0.00, 0.42, 2.62, 8.96, 4.71, -5.98, 2.00, 2.80, 0.02037694734685538
No.827: 1.01, 1.02, 0.00, 0.42, 2.62, 8.96, 4.71, -5.98, 2.00, 2.80, 0.02037694734685538
No.828: 1.01, 1.02, 0.00, 0.42, 2.62, 8.96, 4.71, -5.98, 2.00, 2.80, 0.02037694734685538
No.829: 1.01, 1.02, 0.00, 0.42, 2.62, 8.96, 4.71, -5.98, 2.00, 2.80, 0.02037694734685538
No.830: 1.01, 1.02, 0.00, 0.42, 2.62, 8.96, 4.71, -5.98, 2.00, 2.80, 0.02037694734685538
No.831: 1.01, 1.02, 0.00, 0.42, 2.62, 8.96, 4.71, -5.98, 2.00, 2.80, 0.02037694734685538
No.832: 1.01, 1.02, 0.00, 0.42, 2.62, 8.96, 4.71, -5.98, 2.00, 2.80, 0.02037694734685538
No.833: 1.01, 1.02, 0.00, 0.42, 2.62, 8.96, 4.71, -5.98, 2.00, 2.80, 0.02037694734685538
No.834: 1.01, 1.02, 0.00, 0.42, 2.62, 8.96, 4.71, -5.98, 2.00, 2.80, 0.02037694734685538
No.835: 1.01, 1.02, 0.00, 0.42, 2.62, 8.96, 4.71, -5.98, 2.00, 2.80, 0.02037694734685538
No.836: 1.01, 1.02, 0.00, 0.42, 2.62, 8.96, 4.71, -5.98, 2.00, 2.80, 0.02037694734685538
No.837: 1.01, 1.02, 0.00, 0.42, 2.62, 8.96, 4.71, -5.98, 2.00, 2.80, 0.02037694734685538
No.838: 1.01, 1.02, 0.00, 0.42, 2.62, 8.96, 4.71, -5.98, 2.00, 2.80, 0.02037694734685538
No.839: 1.01, 1.02, 0.00, 0.42, 2.62, 8.96, 4.71, -5.98, 2.00, 2.80, 0.02037694734685538
No.840: 1.01, 1.02, 0.00, 0.42, 2.62, 8.96, 4.71, -5.98, 2.00, 2.80, 0.02037694734685538
No.841: 1.01, 1.02, 0.00, 0.42, 2.62, 8.96, 4.71, -5.98, 2.00, 2.80, 0.02037694734685538
No.842: 1.01, 1.02, 0.00, 0.42, 2.62, 8.96, 4.71, -5.98, 2.00, 2.80, 0.02037694734685538
No.843: 1.01, 1.02, 0.00, 0.42, 2.62, 8.96, 4.71, -5.98, 2.00, 2.80, 0.02037694734685538
No.844: 1.01, 1.02, 0.00, 0.42, 2.62, 8.96, 4.71, -5.98, 2.00, 2.80, 0.02037694734685538
No.845: 1.01, 1.02, 0.00, 0.42, 2.62, 8.96, 4.71, -5.98, 2.00, 2.80, 0.02037694734685538
No.846: 1.01, 1.02, 0.00, 0.42, 2.62, 8.96, 4.71, -5.98, 2.00, 2.80, 0.02037694734685538
No.847: 1.01, 1.02, 0.00, 0.42, 2.62, 8.96, 4.71, -5.98, 2.00, 2.80, 0.02037694734685538
No.848: 1.01, 1.02, 0.00, 0.42, 2.62, 8.96, 4.71, -5.98, 2.00, 2.80, 0.02037694734685538
No.849: 1.01, 1.02, 0.00, 0.42, 2.62, 8.96, 4.71, -5.98, 2.00, 2.80, 0.02037694734685538
No.850: 1.01, 1.02, 0.00, 0.42, 2.62, 8.96, 4.71, -5.98, 2.00, 2.80, 0.02037694734685538
No.851: 1.01, 1.02, 0.00, 0.42, 2.62, 8.96, 4.71, -5.98, 2.00, 2.80, 0.02037694734685538
No.852: 1.01, 1.02, 0.00, 0.42, 2.62, 8.96, 4.71, -5.98, 2.00, 2.80, 0.02037694734685538
No.853: 1.01, 1.02, 0.00, 0.42, 2.62, 8.96, 4.71, -5.98, 2.00, 2.80, 0.02037694734685538
No.854: 1.01, 1.02, 0.00, 0.42, 2.62, 8.96, 4.71, -5.98, 2.00, 2.80, 0.02037694734685538
No.855: 1.01, 1.02, 0.00, 0.42, 2.62, 8.96, 4.71, -5.98, 2.00, 2.80, 0.02037694734685538
No.856: 1.01, 1.02, 0.00, 0.42, 2.62, 8.96, 4.71, -5.98, 2.00, 2.80, 0.02037694734685538
No.857: 1.01, 1.02, 0.00, 0.42, 2.62, 8.96, 4.71, -5.98, 2.00, 2.80, 0.02037694734685538
No.858: 1.01, 1.02, 0.00, 0.42, 2.62, 8.96, 4.71, -5.98, 2.00, 2.80, 0.02037694734685538
No.859: 1.01, 1.02, 0.00, 0.42, 2.62, 8.96, 4.71, -5.98, 2.00, 2.80, 0.02037694734685538
No.860: 1.01, 1.02, 0.00, 0.42, 2.62, 8.96, 4.71, -5.98, 2.00, 2.80, 0.02037694734685538
No.861: 1.01, 1.02, 0.00, 0.42, 2.62, 8.96, 4.71, -5.98, 2.00, 2.80, 0.02037694734685538
No.862: 1.01, 1.02, 0.00, 0.42, 2.62, 8.96, 4.71, -5.98, 2.00, 2.80, 0.02037694734685538
No.863: 1.01, 1.02, 0.00, 0.42, 2.62, 8.96, 4.71, -5.98, 2.00, 2.80, 0.02037694734685538
No.864: 1.01, 1.02, 0.00, 0.42, 2.62, 8.96, 4.71, -5.98, 2.00, 2.80, 0.02037694734685538
No.865: 1.01, 1.02, 0.00, 0.42, 2.62, 8.96, 4.71, -5.98, 2.00, 2.80, 0.02037694734685538
No.866: 1.01, 1.02, 0.00, 0.42, 2.62, 8.96, 4.71, -5.98, 2.00, 2.80, 0.02037694734685538
No.867: 1.01, 1.02, 0.00, 0.42, 2.62, 8.96, 4.71, -5.98, 2.00, 2.80, 0.02037694734685538
No.868: 1.01, 1.02, 0.00, 0.42, 2.62, 8.96, 4.71, -5.98, 2.00, 2.80, 0.02037694734685538
No.869: 1.01, 1.02, 0.00, 0.42, 2.62, 8.96, 4.71, -5.98, 2.00, 2.80, 0.02037694734685538
No.870: 1.01, 1.02, 0.00, 0.42, 2.62, 8.96, 4.71, -5.98, 2.00, 2.80, 0.02037694734685538
No.871: 1.01, 1.02, 0.00, 0.42, 2.62, 8.96, 4.71, -5.98, 2.00, 2.80, 0.02037694734685538
No.872: 1.01, 1.02, 0.00, 0.42, 2.62, 8.96, 4.71, -5.98, 2.00, 2.80, 0.02037694734685538
No.873: 1.01, 1.02, 0.00, 0.42, 2.62, 8.96, 4.71, -5.98, 2.00, 2.80, 0.02037694734685538
No.874: 1.01, 1.02, 0.00, 0.42, 2.62, 8.96, 4.71, -5.98, 2.00, 2.80, 0.02037694734685538
No.875: 1.01, 1.02, 0.00, 0.42, 2.62, 8.96, 4.71, -5.98, 2.00, 2.80, 0.02037694734685538
No.876: 1.01, 1.02, 0.00, 0.42, 2.62, 8.96, 4.71, -5.98, 2.00, 2.80, 0.02037694734685538
No.877: 1.01, 1.02, 0.00, 0.42, 2.62, 8.96, 4.71, -5.98, 2.00, 2.80, 0.02037694734685538
No.878: 1.01, 1.02, 0.00, 0.42, 2.62, 8.96, 4.71, -5.98, 2.00, 2.80, 0.02037694734685538
No.879: 1.01, 1.02, 0.00, 0.42, 2.62, 8.96, 4.71, -5.98, 2.00, 2.80, 0.02037694734685538
No.880: 1.01, 1.02, 0.00, 0.42, 2.62, 8.96, 4.71, -5.98, 2.00, 2.80, 0.02037694734685538
No.881: 1.01, 1.02, 0.00, 0.42, 2.62, 8.96, 4.71, -5.98, 2.00, 2.80, 0.02037694734685538
No.882: 1.01, 1.02, 0.00, 0.42, 2.62, 8.96, 4.71, -5.98, 2.00, 2.80, 0.02037694734685538
No.883: 1.01, 1.02, 0.00, 0.42, 2.62, 8.96, 4.71, -5.98, 2.00, 2.80, 0.02037694734685538
No.884: 1.01, 1.02, 0.00, 0.42, 2.62, 8.96, 4.71, -5.98, 2.00, 2.80, 0.02037694734685538
No.885: 1.01, 1.02, 0.00, 0.42, 2.62, 8.96, 4.71, -5.98, 2.00, 2.80, 0.02037694734685538
No.886: 1.01, 1.02, 0.00, 0.42, 2.62, 8.96, 4.71, -5.98, 2.00, 2.80, 0.02037694734685538
No.887: 1.01, 1.02, 0.00, 0.42, 2.62, 8.96, 4.71, -5.98, 2.00, 2.80, 0.02037694734685538
No.888: 1.01, 1.02, 0.00, 0.42, 2.62, 8.96, 4.71, -5.98, 2.00, 2.80, 0.02037694734685538
No.889: 1.01, 1.02, 0.00, 0.42, 2.62, 8.96, 4.71, -5.98, 2.00, 2.80, 0.02037694734685538
No.890: 1.01, 1.02, 0.00, 0.42, 2.62, 8.96, 4.71, -5.98, 2.00, 2.80, 0.02037694734685538
No.891: 1.01, 1.02, 0.00, 0.42, 2.62, 8.96, 4.71, -5.98, 2.00, 2.80, 0.02037694734685538
No.892: 1.01, 1.02, 0.00, 0.42, 2.62, 8.96, 4.71, -5.98, 2.00, 2.80, 0.02037694734685538
No.893: 1.01, 1.02, 0.00, 0.42, 2.62, 8.96, 4.71, -5.98, 2.00, 2.80, 0.02037694734685538
No.894: 1.01, 1.02, 0.00, 0.42, 2.62, 8.96, 4.71, -5.98, 2.00, 2.80, 0.02037694734685538
No.895: 1.01, 1.02, 0.00, 0.42, 2.62, 8.96, 4.71, -5.98, 2.00, 2.80, 0.02037694734685538
No.896: 1.01, 1.02, 0.00, 0.42, 2.62, 8.96, 4.71, -5.98, 2.00, 2.80, 0.02037694734685538
No.897: 1.01, 1.02, 0.00, 0.42, 2.62, 8.96, 4.71, -5.98, 2.00, 2.80, 0.02037694734685538
No.898: 1.01, 1.02, 0.00, 0.42, 2.62, 8.96, 4.71, -5.98, 2.00, 2.80, 0.02037694734685538
No.899: 1.01, 1.02, 0.00, 0.42, 2.62, 8.96, 4.71, -5.98, 2.00, 2.80, 0.02037694734685538
No.900: 1.01, 1.02, 0.00, 0.42, 2.62, 8.96, 4.71, -5.98, 2.00, 2.80, 0.02037694734685538
No.901: 1.01, 1.02, 0.00, 0.42, 2.62, 8.96, 4.71, -5.98, 2.00, 2.80, 0.02037694734685538
No.902: 1.01, 1.02, 0.00, 0.42, 2.62, 8.96, 4.71, -5.98, 2.00, 2.80, 0.02037694734685538
No.903: 1.01, 1.02, 0.00, 0.42, 2.62, 8.96, 4.71, -5.98, 2.00, 2.80, 0.02037694734685538
No.904: 1.01, 1.02, 0.00, 0.42, 2.62, 8.96, 4.71, -5.98, 2.00, 2.80, 0.02037694734685538
No.905: 1.01, 1.02, 0.00, 0.42, 2.62, 8.96, 4.71, -5.98, 2.00, 2.80, 0.02037694734685538
No.906: 1.01, 1.02, 0.00, 0.42, 2.62, 8.96, 4.71, -5.98, 2.00, 2.80, 0.02037694734685538
No.907: 1.01, 1.02, 0.00, 0.42, 2.62, 8.96, 4.71, -5.98, 2.00, 2.80, 0.02037694734685538
No.908: 1.01, 1.02, 0.00, 0.42, 2.62, 8.96, 4.71, -5.98, 2.00, 2.80, 0.02037694734685538
No.909: 1.01, 1.02, 0.00, 0.42, 2.62, 8.96, 4.71, -5.98, 2.00, 2.80, 0.02037694734685538
No.910: 1.01, 1.02, 0.00, 0.42, 2.62, 8.96, 4.71, -5.98, 2.00, 2.80, 0.02037694734685538
No.911: 1.01, 1.02, 0.00, 0.42, 2.62, 8.96, 4.71, -5.98, 2.00, 2.80, 0.02037694734685538
No.912: 1.01, 1.02, 0.00, 0.42, 2.62, 8.96, 4.71, -5.98, 2.00, 2.80, 0.02037694734685538
No.913: 1.01, 1.02, 0.00, 0.42, 2.62, 8.96, 4.71, -5.98, 2.00, 2.80, 0.02037694734685538
No.914: 1.01, 1.02, 0.00, 0.42, 2.62, 8.96, 4.71, -5.98, 2.00, 2.80, 0.02037694734685538
No.915: 1.01, 1.02, 0.00, 0.42, 2.62, 8.96, 4.71, -5.98, 2.00, 2.80, 0.02037694734685538
No.916: 1.01, 1.02, 0.00, 0.42, 2.62, 8.96, 4.71, -5.98, 2.00, 2.80, 0.02037694734685538
No.917: 1.01, 1.02, 0.00, 0.42, 2.62, 8.96, 4.71, -5.98, 2.00, 2.80, 0.02037694734685538
No.918: 1.01, 1.02, 0.00, 0.42, 2.62, 8.96, 4.71, -5.98, 2.00, 2.80, 0.02037694734685538
No.919: 1.01, 1.02, 0.00, 0.42, 2.62, 8.96, 4.71, -5.98, 2.00, 2.80, 0.02037694734685538
No.920: 1.01, 1.02, 0.00, 0.42, 2.62, 8.96, 4.71, -5.98, 2.00, 2.80, 0.02037694734685538
No.921: 1.01, 1.02, 0.00, 0.42, 2.62, 8.96, 4.71, -5.98, 2.00, 2.80, 0.02037694734685538
No.922: 1.01, 1.02, 0.00, 0.42, 2.62, 8.96, 4.71, -5.98, 2.00, 2.80, 0.02037694734685538
No.923: 1.01, 1.02, 0.00, 0.42, 2.62, 8.96, 4.71, -5.98, 2.00, 2.80, 0.02037694734685538
No.924: 1.01, 1.02, 0.00, 0.42, 2.62, 8.96, 4.71, -5.98, 2.00, 2.80, 0.02037694734685538
No.925: 1.01, 1.02, 0.00, 0.42, 2.62, 8.96, 4.71, -5.98, 2.00, 2.80, 0.02037694734685538
No.926: 1.01, 1.02, 0.00, 0.42, 2.62, 8.96, 4.71, -5.98, 2.00, 2.80, 0.02037694734685538
No.927: 1.01, 1.02, 0.00, 0.42, 2.62, 8.96, 4.71, -5.98, 2.00, 2.80, 0.02037694734685538
No.928: 1.01, 1.02, 0.00, 0.42, 2.62, 8.96, 4.71, -5.98, 2.00, 2.80, 0.02037694734685538
No.929: 1.01, 1.02, 0.00, 0.42, 2.62, 8.96, 4.71, -5.98, 2.00, 2.80, 0.02037694734685538
No.930: 1.01, 1.02, 0.00, 0.42, 2.62, 8.96, 4.71, -5.98, 2.00, 2.80, 0.02037694734685538
No.931: 1.01, 1.02, 0.00, 0.42, 2.62, 8.96, 4.71, -5.98, 2.00, 2.80, 0.02037694734685538
No.932: 1.01, 1.02, 0.00, 0.42, 2.62, 8.96, 4.71, -5.98, 2.00, 2.80, 0.02037694734685538
No.933: 1.01, 1.02, 0.00, 0.42, 2.62, 8.96, 4.71, -5.98, 2.00, 2.80, 0.02037694734685538
No.934: 1.01, 1.02, 0.00, 0.42, 2.62, 8.96, 4.71, -5.98, 2.00, 2.80, 0.02037694734685538
No.935: 1.01, 1.02, 0.00, 0.42, 2.62, 8.96, 4.71, -5.98, 2.00, 2.80, 0.02037694734685538
No.936: 1.01, 1.02, 0.00, 0.42, 2.62, 8.96, 4.71, -5.98, 2.00, 2.80, 0.02037694734685538
No.937: 1.01, 1.02, 0.00, 0.42, 2.62, 8.96, 4.71, -5.98, 2.00, 2.80, 0.02037694734685538
No.938: 1.01, 1.02, 0.00, 0.42, 2.62, 8.96, 4.71, -5.98, 2.00, 2.80, 0.02037694734685538
No.939: 1.01, 1.02, 0.00, 0.42, 2.62, 8.96, 4.71, -5.98, 2.00, 2.80, 0.02037694734685538
No.940: 1.01, 1.02, 0.00, 0.42, 2.62, 8.96, 4.71, -5.98, 2.00, 2.80, 0.02037694734685538
No.941: 1.01, 1.02, 0.00, 0.42, 2.62, 8.96, 4.71, -5.98, 2.00, 2.80, 0.02037694734685538
No.942: 1.01, 1.02, 0.00, 0.42, 2.62, 8.96, 4.71, -5.98, 2.00, 2.80, 0.02037694734685538
No.943: 1.01, 1.02, 0.00, 0.42, 2.62, 8.96, 4.71, -5.98, 2.00, 2.80, 0.02037694734685538
No.944: 1.01, 1.02, 0.00, 0.42, 2.62, 8.96, 4.71, -5.98, 2.00, 2.80, 0.02037694734685538
No.945: 1.01, 1.02, 0.00, 0.42, 2.62, 8.96, 4.71, -5.98, 2.00, 2.80, 0.02037694734685538
No.946: 1.01, 1.02, 0.00, 0.42, 2.62, 8.96, 4.71, -5.98, 2.00, 2.80, 0.02037694734685538
No.947: 1.01, 1.02, 0.00, 0.42, 2.62, 8.96, 4.71, -5.98, 2.00, 2.80, 0.02037694734685538
No.948: 1.01, 1.02, 0.00, 0.42, 2.62, 8.96, 4.71, -5.98, 2.00, 2.80, 0.02037694734685538
No.949: 1.01, 1.02, 0.00, 0.42, 2.62, 8.96, 4.71, -5.98, 2.00, 2.80, 0.02037694734685538
No.950: 1.01, 1.02, 0.00, 0.42, 2.62, 8.96, 4.71, -5.98, 2.00, 2.80, 0.02037694734685538
No.951: 1.01, 1.02, 0.00, 0.42, 2.62, 8.96, 4.71, -5.98, 2.00, 2.80, 0.02037694734685538
No.952: 1.01, 1.02, 0.00, 0.42, 2.62, 8.96, 4.71, -5.98, 2.00, 2.80, 0.02037694734685538
No.953: 1.01, 1.02, 0.00, 0.42, 2.62, 8.96, 4.71, -5.98, 2.00, 2.80, 0.02037694734685538
No.954: 1.01, 1.02, 0.00, 0.42, 2.62, 8.96, 4.71, -5.98, 2.00, 2.80, 0.02037694734685538
No.955: 1.01, 1.02, 0.00, 0.42, 2.62, 8.96, 4.71, -5.98, 2.00, 2.80, 0.02037694734685538
No.956: 1.01, 1.02, 0.00, 0.42, 2.62, 8.96, 4.71, -5.98, 2.00, 2.80, 0.02037694734685538
No.957: 1.01, 1.02, 0.00, 0.42, 2.62, 8.96, 4.71, -5.98, 2.00, 2.80, 0.02037694734685538
No.958: 1.01, 1.02, 0.00, 0.42, 2.62, 8.96, 4.71, -5.98, 2.00, 2.80, 0.02037694734685538
No.959: 1.01, 1.02, 0.00, 0.42, 2.62, 8.96, 4.71, -5.98, 2.00, 2.80, 0.02037694734685538
No.960: 1.01, 1.02, 0.00, 0.42, 2.62, 8.96, 4.71, -5.98, 2.00, 2.80, 0.02037694734685538
No.961: 1.01, 1.02, 0.00, 0.42, 2.62, 8.96, 4.71, -5.98, 2.00, 2.80, 0.02037694734685538
No.962: 1.01, 1.02, 0.00, 0.42, 2.62, 8.96, 4.71, -5.98, 2.00, 2.80, 0.02037694734685538
No.963: 1.01, 1.02, 0.00, 0.42, 2.62, 8.96, 4.71, -5.98, 2.00, 2.80, 0.02037694734685538
No.964: 1.01, 1.02, 0.00, 0.42, 2.62, 8.96, 4.71, -5.98, 2.00, 2.80, 0.02037694734685538
No.965: 1.01, 1.02, 0.00, 0.42, 2.62, 8.96, 4.71, -5.98, 2.00, 2.80, 0.02037694734685538
No.966: 1.01, 1.02, 0.00, 0.42, 2.62, 8.96, 4.71, -5.98, 2.00, 2.80, 0.02037694734685538
No.967: 1.01, 1.02, 0.00, 0.42, 2.62, 8.96, 4.71, -5.98, 2.00, 2.80, 0.02037694734685538
No.968: 1.01, 1.02, 0.00, 0.42, 2.62, 8.96, 4.71, -5.98, 2.00, 2.80, 0.02037694734685538
No.969: 1.01, 1.02, 0.00, 0.42, 2.62, 8.96, 4.71, -5.98, 2.00, 2.80, 0.02037694734685538
No.970: 1.01, 1.02, 0.00, 0.42, 2.62, 8.96, 4.71, -5.98, 2.00, 2.80, 0.02037694734685538
No.971: 1.01, 1.02, 0.00, 0.42, 2.62, 8.96, 4.71, -5.98, 2.00, 2.80, 0.02037694734685538
No.972: 1.01, 1.02, 0.00, 0.42, 2.62, 8.96, 4.71, -5.98, 2.00, 2.80, 0.02037694734685538
No.973: 1.01, 1.02, 0.00, 0.42, 2.62, 8.96, 4.71, -5.98, 2.00, 2.80, 0.02037694734685538
No.974: 1.01, 1.02, 0.00, 0.42, 2.62, 8.96, 4.71, -5.98, 2.00, 2.80, 0.02037694734685538
No.975: 1.01, 1.02, 0.00, 0.42, 2.62, 8.96, 4.71, -5.98, 2.00, 2.80, 0.02037694734685538
No.976: 1.01, 1.02, 0.00, 0.42, 2.62, 8.96, 4.71, -5.98, 2.00, 2.80, 0.02037694734685538
No.977: 1.01, 1.02, 0.00, 0.42, 2.62, 8.96, 4.71, -5.98, 2.00, 2.80, 0.02037694734685538
No.978: 1.01, 1.02, 0.00, 0.42, 2.62, 8.96, 4.71, -5.98, 2.00, 2.80, 0.02037694734685538
No.979: 1.01, 1.02, 0.00, 0.42, 2.62, 8.96, 4.71, -5.98, 2.00, 2.80, 0.02037694734685538
No.980: 1.01, 1.02, 0.00, 0.42, 2.62, 8.96, 4.71, -5.98, 2.00, 2.80, 0.02037694734685538
No.981: 1.01, 1.02, 0.00, 0.42, 2.62, 8.96, 4.71, -5.98, 2.00, 2.80, 0.02037694734685538
No.982: 1.01, 1.02, 0.00, 0.42, 2.62, 8.96, 4.71, -5.98, 2.00, 2.80, 0.02037694734685538
No.983: 1.01, 1.02, 0.00, 0.42, 2.62, 8.96, 4.71, -5.98, 2.00, 2.80, 0.02037694734685538
No.984: 1.01, 1.02, 0.00, 0.42, 2.62, 8.96, 4.71, -5.98, 2.00, 2.80, 0.02037694734685538
No.985: 1.01, 1.02, 0.00, 0.42, 2.62, 8.96, 4.71, -5.98, 2.00, 2.80, 0.02037694734685538
No.986: 1.01, 1.02, 0.00, 0.42, 2.62, 8.96, 4.71, -5.98, 2.00, 2.80, 0.02037694734685538
No.987: 1.01, 1.02, 0.00, 0.42, 2.62, 8.96, 4.71, -5.98, 2.00, 2.80, 0.02037694734685538
No.988: 1.01, 1.02, 0.00, 0.42, 2.62, 8.96, 4.71, -5.98, 2.00, 2.80, 0.02037694734685538
No.989: 1.01, 1.02, 0.00, 0.42, 2.62, 8.96, 4.71, -5.98, 2.00, 2.80, 0.02037694734685538
No.990: 1.01, 1.02, 0.00, 0.42, 2.62, 8.96, 4.71, -5.98, 2.00, 2.80, 0.02037694734685538
No.991: 1.01, 1.02, 0.00, 0.42, 2.62, 8.96, 4.71, -5.98, 2.00, 2.80, 0.02037694734685538
No.992: 1.01, 1.02, 0.00, 0.42, 2.62, 8.96, 4.71, -5.98, 2.00, 2.80, 0.02037694734685538
No.993: 1.01, 1.02, 0.00, 0.42, 2.62, 8.96, 4.71, -5.98, 2.00, 2.80, 0.02037694734685538
No.994: 1.01, 1.02, 0.00, 0.42, 2.62, 8.96, 4.71, -5.98, 2.00, 2.80, 0.02037694734685538
No.995: 1.01, 1.02, 0.00, 0.42, 2.62, 8.96, 4.71, -5.98, 2.00, 2.80, 0.02037694734685538
No.996: 1.01, 1.02, 0.00, 0.42, 2.62, 8.96, 4.71, -5.98, 2.00, 2.80, 0.02037694734685538
No.997: 1.01, 1.02, 0.00, 0.42, 2.62, 8.96, 4.71, -5.98, 2.00, 2.80, 0.02037694734685538
No.998: 1.01, 1.02, 0.00, 0.42, 2.62, 8.96, 4.71, -5.98, 2.00, 2.80, 0.02037694734685538
No.999: 1.01, 1.02, 0.00, 0.42, 2.62, 8.96, 4.71, -5.98, 2.00, 2.80, 0.02037694734685538
No.412: 1.01, 1.02, 0.00, 0.42, 2.62, 8.97, 4.71, -5.97, 2.00, 2.80, 0.020379186077739586
No.417: 1.01, 1.02, 0.00, 0.42, 2.62, 8.97, 4.71, -5.97, 2.00, 2.80, 0.020379186077739586
No.431: 1.01, 1.02, 0.00, 0.42, 2.62, 8.97, 4.71, -5.97, 2.00, 2.80, 0.020379186077739586
No.446: 1.01, 1.02, 0.00, 0.42, 2.62, 8.97, 4.71, -5.97, 2.00, 2.80, 0.020379186077739586
No.458: 1.01, 1.02, 0.00, 0.42, 2.62, 8.97, 4.71, -5.97, 2.00, 2.80, 0.020379186077739586
No.407: 1.01, 1.02, 0.00, 0.42, 2.62, 8.97, 4.72, -5.98, 2.00, 2.80, 0.02038237435516686
No.418: 1.01, 1.02, 0.00, 0.42, 2.62, 8.97, 4.72, -5.98, 2.00, 2.80, 0.02038237435516686
No.432: 1.01, 1.02, 0.00, 0.42, 2.62, 8.97, 4.72, -5.98, 2.00, 2.80, 0.02038237435516686
No.447: 1.01, 1.02, 0.00, 0.42, 2.62, 8.97, 4.72, -5.98, 2.00, 2.80, 0.02038237435516686
No.459: 1.01, 1.02, 0.00, 0.42, 2.62, 8.97, 4.72, -5.98, 2.00, 2.80, 0.02038237435516686
No.471: 1.01, 1.02, 0.00, 0.42, 2.62, 8.97, 4.72, -5.98, 2.00, 2.80, 0.02038237435516686
No.482: 1.01, 1.02, 0.00, 0.42, 2.62, 8.97, 4.72, -5.98, 2.00, 2.80, 0.02038237435516686
No.494: 1.01, 1.02, 0.00, 0.42, 2.62, 8.97, 4.72, -5.98, 2.00, 2.80, 0.02038237435516686
No.506: 1.01, 1.02, 0.00, 0.42, 2.62, 8.97, 4.72, -5.98, 2.00, 2.80, 0.02038237435516686
No.315: 1.01, 1.02, 0.00, 0.42, 2.62, 8.98, 4.71, -5.98, 2.00, 2.80, 0.020390051387162066
No.388: 1.01, 1.02, 0.00, 0.42, 2.62, 8.98, 4.71, -5.98, 2.00, 2.80, 0.020390051387162066
No.399: 1.01, 1.02, 0.00, 0.42, 2.62, 8.98, 4.71, -5.98, 2.00, 2.80, 0.020390051387162066
No.419: 1.01, 1.02, 0.00, 0.42, 2.62, 8.98, 4.71, -5.98, 2.00, 2.80, 0.020390051387162066
No.433: 1.01, 1.02, 0.00, 0.42, 2.62, 8.98, 4.71, -5.98, 2.00, 2.80, 0.020390051387162066
No.434: 1.01, 1.02, 0.00, 0.42, 2.62, 8.98, 4.71, -5.98, 2.00, 2.80, 0.020390051387162066
No.449: 1.01, 1.02, 0.00, 0.42, 2.62, 8.98, 4.71, -5.98, 2.00, 2.80, 0.020390051387162066
No.460: 1.01, 1.02, 0.00, 0.42, 2.62, 8.98, 4.71, -5.98, 2.00, 2.80, 0.020390051387162066
No.472: 1.01, 1.02, 0.00, 0.42, 2.62, 8.98, 4.71, -5.98, 2.00, 2.80, 0.020390051387162066
No.483: 1.01, 1.02, 0.00, 0.42, 2.62, 8.98, 4.71, -5.98, 2.00, 2.80, 0.020390051387162066
No.495: 1.01, 1.02, 0.00, 0.42, 2.62, 8.98, 4.71, -5.98, 2.00, 2.80, 0.020390051387162066
No.386: 1.01, 1.02, 0.00, 0.42, 2.62, 8.99, 4.71, -5.98, 2.00, 2.80, 0.02039668301617896
No.400: 1.01, 1.02, 0.00, 0.42, 2.62, 8.99, 4.71, -5.98, 2.00, 2.80, 0.02039668301617896
No.421: 1.01, 1.02, 0.00, 0.42, 2.62, 8.99, 4.71, -5.98, 2.00, 2.80, 0.02039668301617896
No.331: 1.01, 1.02, 0.00, 0.42, 2.62, 8.99, 4.72, -5.99, 2.00, 2.80, 0.020399751313297382
No.337: 1.01, 1.02, 0.00, 0.42, 2.62, 8.99, 4.72, -5.99, 2.00, 2.80, 0.020399751313297382
No.352: 1.01, 1.02, 0.00, 0.42, 2.62, 8.99, 4.72, -5.99, 2.00, 2.80, 0.020399751313297382
No.410: 1.01, 1.02, 0.00, 0.42, 2.63, 8.95, 4.71, -5.98, 2.00, 2.80, 0.020399989020450184
No.382: 1.01, 1.02, 0.00, 0.42, 2.62, 9.00, 4.72, -5.98, 2.00, 2.80, 0.020402340503417257
No.385: 1.01, 1.02, 0.00, 0.42, 2.62, 9.00, 4.72, -5.98, 2.00, 2.80, 0.020402340503417257
No.277: 1.01, 1.02, 0.00, 0.41, 2.62, 8.97, 4.73, -6.01, 2.00, 2.80, 0.020402686482098566
No.360: 1.01, 1.02, 0.00, 0.41, 2.62, 8.99, 4.71, -5.98, 2.00, 2.80, 0.020404243954931484
No.368: 1.01, 1.02, 0.00, 0.41, 2.62, 8.99, 4.71, -5.98, 2.00, 2.80, 0.020404243954931484
No.358: 1.01, 1.02, 0.00, 0.41, 2.62, 8.98, 4.73, -6.00, 2.00, 2.80, 0.020405803377163554
No.369: 1.01, 1.02, 0.00, 0.41, 2.62, 8.98, 4.73, -6.00, 2.00, 2.80, 0.020405803377163554
No.422: 1.01, 1.02, 0.00, 0.42, 2.63, 8.96, 4.71, -5.98, 2.00, 2.80, 0.020406451368064755
No.435: 1.01, 1.02, 0.00, 0.42, 2.63, 8.96, 4.71, -5.98, 2.00, 2.80, 0.020406451368064755
No.450: 1.01, 1.02, 0.00, 0.42, 2.63, 8.96, 4.71, -5.98, 2.00, 2.80, 0.020406451368064755
No.461: 1.01, 1.02, 0.00, 0.42, 2.63, 8.96, 4.71, -5.98, 2.00, 2.80, 0.020406451368064755
No.473: 1.01, 1.02, 0.00, 0.42, 2.63, 8.96, 4.71, -5.98, 2.00, 2.80, 0.020406451368064755
No.484: 1.01, 1.02, 0.00, 0.42, 2.63, 8.96, 4.71, -5.98, 2.00, 2.80, 0.020406451368064755
No.496: 1.01, 1.02, 0.00, 0.42, 2.63, 8.96, 4.71, -5.98, 2.00, 2.80, 0.020406451368064755
No.508: 1.01, 1.02, 0.00, 0.42, 2.63, 8.96, 4.71, -5.98, 2.00, 2.80, 0.020406451368064755
No.519: 1.01, 1.02, 0.00, 0.42, 2.63, 8.96, 4.71, -5.98, 2.00, 2.80, 0.020406451368064755
No.530: 1.01, 1.02, 0.00, 0.42, 2.63, 8.96, 4.71, -5.98, 2.00, 2.80, 0.020406451368064755
No.538: 1.01, 1.02, 0.00, 0.42, 2.63, 8.96, 4.71, -5.98, 2.00, 2.80, 0.020406451368064755
No.540: 1.01, 1.02, 0.00, 0.42, 2.63, 8.96, 4.71, -5.98, 2.00, 2.80, 0.020406451368064755
No.547: 1.01, 1.02, 0.00, 0.42, 2.63, 8.96, 4.71, -5.98, 2.00, 2.80, 0.020406451368064755
No.556: 1.01, 1.02, 0.00, 0.42, 2.63, 8.96, 4.71, -5.98, 2.00, 2.80, 0.020406451368064755
No.557: 1.01, 1.02, 0.00, 0.42, 2.63, 8.96, 4.71, -5.98, 2.00, 2.80, 0.020406451368064755
No.559: 1.01, 1.02, 0.00, 0.42, 2.63, 8.96, 4.71, -5.98, 2.00, 2.80, 0.020406451368064755
No.569: 1.01, 1.02, 0.00, 0.42, 2.63, 8.96, 4.71, -5.98, 2.00, 2.80, 0.020406451368064755
No.571: 1.01, 1.02, 0.00, 0.42, 2.63, 8.96, 4.71, -5.98, 2.00, 2.80, 0.020406451368064755
No.581: 1.01, 1.02, 0.00, 0.42, 2.63, 8.96, 4.71, -5.98, 2.00, 2.80, 0.020406451368064755
No.510: 1.01, 1.02, 0.00, 0.42, 2.63, 8.97, 4.71, -5.97, 2.00, 2.80, 0.020408431478641974
No.310: 1.01, 1.02, 0.00, 0.41, 2.62, 9.00, 4.72, -5.98, 2.00, 2.80, 0.020411637619727845
No.322: 1.01, 1.02, 0.00, 0.41, 2.62, 9.00, 4.72, -5.98, 2.00, 2.80, 0.020411637619727845
No.364: 1.01, 1.02, 0.00, 0.42, 2.63, 8.97, 4.71, -5.98, 2.00, 2.80, 0.020412966875704087
No.370: 1.01, 1.02, 0.00, 0.42, 2.63, 8.97, 4.71, -5.98, 2.00, 2.80, 0.020412966875704087
No.379: 1.01, 1.02, 0.00, 0.42, 2.63, 8.97, 4.71, -5.98, 2.00, 2.80, 0.020412966875704087
No.389: 1.01, 1.02, 0.00, 0.42, 2.63, 8.97, 4.71, -5.98, 2.00, 2.80, 0.020412966875704087
No.392: 1.01, 1.02, 0.00, 0.42, 2.63, 8.97, 4.71, -5.98, 2.00, 2.80, 0.020412966875704087
No.402: 1.01, 1.02, 0.00, 0.42, 2.63, 8.97, 4.71, -5.98, 2.00, 2.80, 0.020412966875704087
No.403: 1.01, 1.02, 0.00, 0.42, 2.63, 8.97, 4.71, -5.98, 2.00, 2.80, 0.020412966875704087
No.423: 1.01, 1.02, 0.00, 0.42, 2.63, 8.97, 4.71, -5.98, 2.00, 2.80, 0.020412966875704087
No.424: 1.01, 1.02, 0.00, 0.42, 2.63, 8.97, 4.71, -5.98, 2.00, 2.80, 0.020412966875704087
No.436: 1.01, 1.02, 0.00, 0.42, 2.63, 8.97, 4.71, -5.98, 2.00, 2.80, 0.020412966875704087
No.437: 1.01, 1.02, 0.00, 0.42, 2.63, 8.97, 4.71, -5.98, 2.00, 2.80, 0.020412966875704087
No.451: 1.01, 1.02, 0.00, 0.42, 2.63, 8.97, 4.71, -5.98, 2.00, 2.80, 0.020412966875704087
No.462: 1.01, 1.02, 0.00, 0.42, 2.63, 8.97, 4.71, -5.98, 2.00, 2.80, 0.020412966875704087
No.474: 1.01, 1.02, 0.00, 0.42, 2.63, 8.97, 4.71, -5.98, 2.00, 2.80, 0.020412966875704087
No.485: 1.01, 1.02, 0.00, 0.42, 2.63, 8.97, 4.71, -5.98, 2.00, 2.80, 0.020412966875704087
No.497: 1.01, 1.02, 0.00, 0.42, 2.63, 8.97, 4.71, -5.98, 2.00, 2.80, 0.020412966875704087
No.509: 1.01, 1.02, 0.00, 0.42, 2.63, 8.97, 4.71, -5.98, 2.00, 2.80, 0.020412966875704087
No.520: 1.01, 1.02, 0.00, 0.42, 2.63, 8.97, 4.71, -5.98, 2.00, 2.80, 0.020412966875704087
No.521: 1.01, 1.02, 0.00, 0.42, 2.63, 8.97, 4.71, -5.98, 2.00, 2.80, 0.020412966875704087
No.532: 1.01, 1.02, 0.00, 0.42, 2.63, 8.97, 4.71, -5.98, 2.00, 2.80, 0.020412966875704087
No.342: 1.01, 1.02, 0.00, 0.42, 2.63, 8.98, 4.71, -5.97, 2.00, 2.80, 0.02041503827836901
No.353: 1.01, 1.02, 0.00, 0.42, 2.63, 8.98, 4.71, -5.97, 2.00, 2.80, 0.02041503827836901
No.371: 1.01, 1.02, 0.00, 0.42, 2.63, 8.98, 4.71, -5.97, 2.00, 2.80, 0.02041503827836901
No.390: 1.01, 1.02, 0.00, 0.42, 2.63, 8.98, 4.71, -5.97, 2.00, 2.80, 0.02041503827836901
No.404: 1.01, 1.02, 0.00, 0.42, 2.63, 8.98, 4.71, -5.97, 2.00, 2.80, 0.02041503827836901
No.425: 1.01, 1.02, 0.00, 0.42, 2.63, 8.98, 4.71, -5.97, 2.00, 2.80, 0.02041503827836901
No.440: 1.01, 1.02, 0.00, 0.42, 2.63, 8.98, 4.71, -5.97, 2.00, 2.80, 0.02041503827836901
No.443: 1.01, 1.02, 0.00, 0.42, 2.63, 8.98, 4.71, -5.97, 2.00, 2.80, 0.02041503827836901
No.453: 1.01, 1.02, 0.00, 0.42, 2.63, 8.98, 4.71, -5.97, 2.00, 2.80, 0.02041503827836901
No.463: 1.01, 1.02, 0.00, 0.42, 2.63, 8.98, 4.71, -5.97, 2.00, 2.80, 0.02041503827836901
No.475: 1.01, 1.02, 0.00, 0.42, 2.63, 8.98, 4.71, -5.97, 2.00, 2.80, 0.02041503827836901
No.486: 1.01, 1.02, 0.00, 0.42, 2.63, 8.98, 4.71, -5.97, 2.00, 2.80, 0.02041503827836901
No.498: 1.01, 1.02, 0.00, 0.42, 2.63, 8.98, 4.71, -5.97, 2.00, 2.80, 0.02041503827836901
No.372: 1.01, 1.02, 0.00, 0.42, 2.63, 8.98, 4.72, -5.98, 2.00, 2.80, 0.02041799715912562
No.391: 1.01, 1.02, 0.00, 0.42, 2.63, 8.98, 4.72, -5.98, 2.00, 2.80, 0.02041799715912562
No.378: 1.01, 1.02, 0.00, 0.41, 2.63, 8.97, 4.71, -5.98, 2.00, 2.80, 0.02041905488986355
No.438: 1.01, 1.02, 0.00, 0.42, 2.63, 8.98, 4.71, -5.98, 2.00, 2.80, 0.02041953554673305
No.363: 1.01, 1.02, 0.00, 0.41, 2.63, 8.98, 4.72, -5.98, 2.00, 2.80, 0.02042581856005752
No.276: 1.01, 1.02, 0.00, 0.41, 2.63, 8.98, 4.73, -6.00, 2.00, 2.80, 0.020433461822595922
No.324: 1.01, 1.02, 0.00, 0.41, 2.63, 9.00, 4.72, -5.97, 2.00, 2.80, 0.020435809570952267
No.334: 1.01, 1.02, 0.00, 0.41, 2.63, 9.00, 4.70, -5.98, 2.00, 2.80, 0.02043936540422784
No.340: 1.01, 1.02, 0.00, 0.41, 2.63, 9.00, 4.70, -5.98, 2.00, 2.80, 0.02043936540422784
No.354: 1.01, 1.02, 0.00, 0.41, 2.63, 9.00, 4.70, -5.98, 2.00, 2.80, 0.02043936540422784
No.373: 1.01, 1.02, 0.00, 0.41, 2.63, 9.00, 4.70, -5.98, 2.00, 2.80, 0.02043936540422784
No.242: 1.01, 1.02, 0.00, 0.42, 2.64, 8.98, 4.71, -5.96, 2.00, 2.80, 0.020440251624077116
No.280: 1.01, 1.02, 0.00, 0.42, 2.64, 8.98, 4.71, -5.96, 2.00, 2.80, 0.020440251624077116
No.297: 1.01, 1.02, 0.00, 0.41, 2.64, 8.96, 4.70, -5.98, 2.00, 2.80, 0.020442086920909774
No.323: 1.01, 1.02, 0.00, 0.41, 2.64, 8.96, 4.70, -5.98, 2.00, 2.80, 0.020442086920909774
No.341: 1.01, 1.02, 0.00, 0.41, 2.64, 8.96, 4.70, -5.98, 2.00, 2.80, 0.020442086920909774
No.381: 1.01, 1.02, 0.00, 0.41, 2.63, 9.01, 4.71, -5.97, 2.00, 2.80, 0.02044219721102304
No.309: 1.01, 1.02, 0.00, 0.41, 2.63, 9.01, 4.72, -5.97, 2.00, 2.80, 0.02044264370043467
No.295: 1.01, 1.02, 0.00, 0.42, 2.64, 8.98, 4.71, -5.97, 2.00, 2.80, 0.020444868679321434
No.325: 1.01, 1.02, 0.00, 0.42, 2.64, 8.98, 4.71, -5.97, 2.00, 2.80, 0.020444868679321434
No.355: 1.01, 1.02, 0.00, 0.41, 2.64, 8.97, 4.70, -5.98, 2.00, 2.80, 0.020448613242350425
No.374: 1.01, 1.02, 0.00, 0.41, 2.64, 8.97, 4.70, -5.98, 2.00, 2.80, 0.020448613242350425
No.380: 1.01, 1.02, 0.00, 0.41, 2.63, 9.02, 4.71, -5.97, 2.00, 2.80, 0.020449058910345493
No.292: 1.01, 1.02, 0.00, 0.41, 2.64, 8.98, 4.73, -5.97, 2.00, 2.80, 0.020450698576324224
No.296: 1.01, 1.02, 0.00, 0.41, 2.64, 8.98, 4.73, -5.97, 2.00, 2.80, 0.020450698576324224
No.326: 1.01, 1.02, 0.00, 0.41, 2.64, 8.98, 4.73, -5.97, 2.00, 2.80, 0.020450698576324224
No.356: 1.01, 1.02, 0.00, 0.41, 2.63, 9.03, 4.72, -5.96, 2.00, 2.80, 0.02045327010267758
No.332: 1.01, 1.02, 0.00, 0.42, 2.64, 9.01, 4.70, -5.95, 2.00, 2.80, 0.020457871769711845
No.306: 1.01, 1.02, 0.00, 0.41, 2.64, 9.00, 4.71, -5.96, 2.00, 2.80, 0.020460032125787984
No.328: 1.01, 1.02, 0.00, 0.41, 2.63, 9.04, 4.72, -5.96, 2.00, 2.80, 0.02046029864016157
No.345: 1.01, 1.02, 0.00, 0.41, 2.63, 9.04, 4.72, -5.96, 2.00, 2.80, 0.02046029864016157
No.281: 1.01, 1.02, 0.00, 0.41, 2.65, 8.96, 4.70, -5.97, 2.00, 2.80, 0.02046732655932962
No.298: 1.01, 1.02, 0.00, 0.41, 2.63, 9.05, 4.72, -5.96, 2.00, 2.80, 0.02046737981128671
No.346: 1.01, 1.02, 0.00, 0.41, 2.64, 9.00, 4.71, -5.98, 2.00, 2.80, 0.02046772606529808
No.271: 1.01, 1.02, 0.00, 0.41, 2.65, 8.96, 4.69, -5.97, 2.00, 2.80, 0.020468959034105897
No.282: 1.01, 1.02, 0.00, 0.41, 2.63, 9.06, 4.72, -5.95, 2.00, 2.80, 0.02047156037371442
No.318: 1.01, 1.02, 0.00, 0.41, 2.64, 9.01, 4.71, -5.98, 2.00, 2.80, 0.020474486509197507
No.329: 1.01, 1.02, 0.00, 0.41, 2.64, 9.01, 4.71, -5.98, 2.00, 2.80, 0.020474486509197507
No.307: 1.01, 1.02, 0.00, 0.41, 2.64, 9.01, 4.69, -5.98, 2.00, 2.80, 0.02047651131034512
No.330: 1.01, 1.02, 0.00, 0.41, 2.64, 9.01, 4.69, -5.98, 2.00, 2.80, 0.02047651131034512
No.241: 1.01, 1.02, 0.00, 0.42, 2.65, 8.99, 4.71, -5.96, 2.00, 2.80, 0.020477106302313124
No.272: 1.01, 1.02, 0.00, 0.41, 2.63, 9.07, 4.71, -5.95, 2.00, 2.80, 0.020477750217981577
No.314: 1.01, 1.02, 0.00, 0.41, 2.64, 9.02, 4.71, -5.98, 2.00, 2.80, 0.02048129873677324
No.223: 1.01, 1.02, 0.00, 0.41, 2.63, 9.09, 4.72, -5.94, 2.00, 2.80, 0.020490679650794014
No.286: 1.01, 1.02, 0.00, 0.41, 2.65, 9.02, 4.71, -5.97, 2.00, 2.80, 0.0205064647875382
No.299: 1.01, 1.02, 0.00, 0.41, 2.65, 9.02, 4.71, -5.97, 2.00, 2.80, 0.0205064647875382
No.253: 1.02, 1.02, 0.00, 0.41, 2.66, 9.06, 4.66, -5.94, 2.00, 2.80, 0.020510272255390035
No.312: 1.01, 1.02, 0.00, 0.41, 2.65, 9.02, 4.70, -5.98, 2.00, 2.80, 0.020511752971292953
No.225: 1.02, 1.02, 0.00, 0.41, 2.66, 9.06, 4.65, -5.94, 2.00, 2.80, 0.02051295535115525
No.265: 1.01, 1.01, 0.00, 0.41, 2.64, 9.02, 4.68, -5.99, 2.00, 2.80, 0.020513104349345293
No.231: 1.02, 1.02, 0.00, 0.41, 2.66, 9.07, 4.66, -5.94, 2.00, 2.80, 0.02051723643515068
No.266: 1.01, 1.02, 0.00, 0.41, 2.65, 9.03, 4.70, -5.98, 2.00, 2.80, 0.020518585306158566
No.300: 1.01, 1.02, 0.00, 0.41, 2.65, 9.03, 4.70, -5.98, 2.00, 2.80, 0.020518585306158566
No.249: 1.01, 1.01, 0.00, 0.41, 2.64, 9.03, 4.68, -5.99, 2.00, 2.80, 0.020519891910795233
No.254: 1.01, 1.01, 0.00, 0.41, 2.64, 9.03, 4.68, -5.99, 2.00, 2.80, 0.020519891910795233
No.255: 1.01, 1.02, 0.00, 0.41, 2.65, 9.03, 4.69, -5.98, 2.00, 2.80, 0.020520274878744204
No.275: 1.01, 1.02, 0.00, 0.41, 2.66, 9.00, 4.70, -5.97, 2.00, 2.80, 0.020523949275092556
No.287: 1.01, 1.02, 0.00, 0.41, 2.65, 9.04, 4.70, -5.98, 2.00, 2.80, 0.020525470520889946
No.308: 1.01, 1.02, 0.00, 0.41, 2.66, 9.00, 4.71, -5.98, 2.00, 2.80, 0.02052687256580341
No.247: 1.01, 1.02, 0.00, 0.41, 2.65, 9.04, 4.69, -5.98, 2.00, 2.80, 0.02052713630020458
No.285: 1.01, 1.02, 0.00, 0.41, 2.66, 9.00, 4.70, -5.98, 2.00, 2.80, 0.020528591719507203
No.301: 1.01, 1.02, 0.00, 0.41, 2.66, 9.00, 4.70, -5.98, 2.00, 2.80, 0.020528591719507203
No.256: 1.01, 1.02, 0.00, 0.41, 2.66, 9.03, 4.71, -5.96, 2.00, 2.80, 0.020538780112700456
No.267: 1.01, 1.02, 0.00, 0.41, 2.66, 9.03, 4.71, -5.96, 2.00, 2.80, 0.020538780112700456
No.240: 1.01, 1.02, 0.00, 0.41, 2.66, 9.04, 4.71, -5.96, 2.00, 2.80, 0.020545754895487513
No.288: 1.00, 1.01, 0.00, 0.41, 2.64, 9.00, 4.73, -5.99, 2.00, 2.80, 0.020547375101098504
No.257: 1.01, 1.02, 0.00, 0.42, 2.66, 9.05, 4.69, -5.98, 2.00, 2.80, 0.020565889013964205
No.268: 1.01, 1.02, 0.00, 0.42, 2.66, 9.05, 4.69, -5.98, 2.00, 2.80, 0.020565889013964205
No.234: 1.01, 1.02, 0.00, 0.42, 2.66, 9.06, 4.69, -5.98, 2.00, 2.80, 0.020572802345201317
No.274: 1.00, 1.01, 0.00, 0.41, 2.65, 9.00, 4.73, -5.99, 2.00, 2.80, 0.020575547987976044
No.210: 1.01, 1.02, 0.00, 0.41, 2.68, 9.03, 4.71, -5.91, 2.00, 2.80, 0.02057785960804305
No.208: 1.01, 1.02, 0.00, 0.42, 2.66, 9.06, 4.68, -6.00, 2.00, 2.80, 0.020588711026188446
No.211: 1.01, 1.02, 0.00, 0.41, 2.69, 9.02, 4.72, -5.90, 2.00, 2.80, 0.020595717195852938
No.258: 1.01, 1.01, 0.00, 0.41, 2.67, 9.02, 4.70, -5.98, 2.00, 2.80, 0.020596528432280246
No.269: 1.01, 1.01, 0.00, 0.41, 2.67, 9.02, 4.70, -5.98, 2.00, 2.80, 0.020596528432280246
No.215: 1.01, 1.02, 0.00, 0.41, 2.68, 9.01, 4.67, -5.96, 2.00, 2.80, 0.020597318242091
No.270: 1.01, 1.01, 0.00, 0.41, 2.67, 9.05, 4.68, -5.94, 2.00, 2.80, 0.020602978025403413
No.188: 1.01, 1.02, 0.00, 0.41, 2.68, 9.01, 4.67, -5.97, 2.00, 2.80, 0.020602987880601564
No.235: 1.01, 1.01, 0.00, 0.41, 2.67, 9.03, 4.70, -5.99, 2.00, 2.80, 0.02060779242099982
No.259: 1.01, 1.01, 0.00, 0.41, 2.67, 9.06, 4.68, -5.94, 2.00, 2.80, 0.02061008374044413
No.214: 1.01, 1.02, 0.00, 0.42, 2.67, 9.06, 4.69, -5.99, 2.00, 2.80, 0.02061135450619076
No.228: 1.01, 1.01, 0.00, 0.41, 2.68, 9.02, 4.70, -5.99, 2.00, 2.80, 0.02063196633921925
No.197: 1.01, 1.02, 0.00, 0.41, 2.67, 9.12, 4.68, -5.95, 2.00, 2.80, 0.020634563058436133
No.203: 1.01, 1.02, 0.00, 0.42, 2.67, 9.13, 4.65, -5.91, 2.00, 2.80, 0.02063535981421199
No.190: 1.01, 1.02, 0.00, 0.41, 2.67, 9.13, 4.68, -5.95, 2.00, 2.80, 0.02064196845519269
No.218: 1.01, 1.01, 0.00, 0.41, 2.68, 9.06, 4.67, -5.94, 2.00, 2.80, 0.02064279102674168
No.236: 1.01, 1.01, 0.00, 0.41, 2.68, 9.06, 4.67, -5.94, 2.00, 2.80, 0.02064279102674168
No.185: 1.01, 1.01, 0.00, 0.41, 2.68, 9.07, 4.66, -5.94, 2.00, 2.80, 0.02065251866235919
No.198: 1.01, 1.01, 0.00, 0.41, 2.68, 9.07, 4.66, -5.94, 2.00, 2.80, 0.02065251866235919
No.206: 1.02, 1.02, 0.00, 0.41, 2.69, 9.14, 4.67, -5.95, 2.00, 2.80, 0.02066511739288434
No.199: 1.01, 1.01, 0.00, 0.41, 2.67, 9.15, 4.69, -5.93, 2.00, 2.80, 0.020671932891204357
No.134: 1.01, 1.01, 0.00, 0.41, 2.67, 9.16, 4.70, -5.93, 2.00, 2.80, 0.020679459772040207
No.220: 1.01, 1.01, 0.00, 0.41, 2.68, 9.14, 4.70, -5.93, 2.00, 2.80, 0.020693405817466617
No.175: 1.02, 1.01, 0.00, 0.41, 2.69, 9.09, 4.61, -5.98, 2.00, 2.80, 0.020694254878549506
No.183: 1.01, 1.01, 0.00, 0.41, 2.69, 9.07, 4.71, -5.99, 2.00, 2.80, 0.020695840939423425
No.219: 1.01, 1.02, 0.00, 0.41, 2.69, 9.12, 4.67, -5.94, 2.00, 2.80, 0.020696849465192298
No.192: 1.01, 1.01, 0.00, 0.41, 2.66, 9.18, 4.66, -6.00, 2.00, 2.80, 0.020697667533611103
No.200: 1.01, 1.01, 0.00, 0.41, 2.69, 9.07, 4.70, -5.99, 2.00, 2.80, 0.02069800885264575
No.204: 1.00, 1.02, 0.00, 0.41, 2.68, 9.12, 4.72, -5.94, 2.00, 2.80, 0.02070664859704378
No.173: 1.01, 1.01, 0.00, 0.42, 2.69, 9.06, 4.67, -6.01, 2.00, 2.80, 0.02071916706352855
No.158: 1.01, 1.02, 0.00, 0.41, 2.73, 9.00, 4.67, -5.90, 2.00, 2.80, 0.02072278724932608
No.133: 1.01, 1.01, 0.00, 0.41, 2.69, 9.16, 4.69, -5.93, 2.00, 2.80, 0.020739759736492162
No.157: 1.01, 1.01, 0.00, 0.41, 2.72, 9.01, 4.68, -6.02, 2.00, 2.80, 0.020784080433281227
No.148: 1.01, 1.00, 0.00, 0.42, 2.73, 9.01, 4.65, -5.98, 2.00, 2.80, 0.020837179847298815
No.144: 1.00, 1.01, 0.00, 0.41, 2.73, 9.06, 4.74, -5.94, 2.00, 2.80, 0.02083767811429362
No.163: 1.01, 1.00, 0.00, 0.42, 2.73, 9.02, 4.65, -5.98, 2.00, 2.80, 0.020843775670255266
No.149: 1.01, 1.01, 0.01, 0.41, 2.73, 9.11, 4.63, -5.91, 2.00, 2.80, 0.02085051629977304
No.88: 1.01, 1.00, 0.00, 0.42, 2.74, 8.99, 4.64, -5.99, 2.00, 2.80, 0.020877890801729224
No.139: 1.01, 1.01, 0.01, 0.41, 2.74, 9.10, 4.62, -5.91, 2.00, 2.80, 0.02088563551241802
No.136: 1.01, 1.00, 0.00, 0.41, 2.75, 9.12, 4.67, -5.88, 2.00, 2.80, 0.020907070191144482
No.150: 1.01, 1.00, 0.00, 0.41, 2.75, 9.12, 4.67, -5.88, 2.00, 2.80, 0.020907070191144482
No.182: 1.01, 1.01, 0.00, 0.41, 2.74, 9.14, 4.64, -5.94, 2.00, 2.80, 0.020917398569478888
No.151: 1.02, 1.01, 0.00, 0.41, 2.76, 9.14, 4.68, -5.95, 2.00, 2.80, 0.020919621362029777
No.167: 1.01, 1.00, 0.00, 0.41, 2.73, 9.17, 4.66, -5.96, 2.00, 2.80, 0.02092301120693141
No.87: 1.01, 1.00, 0.00, 0.42, 2.75, 9.01, 4.63, -5.98, 2.00, 2.80, 0.020930434340727076
No.137: 1.02, 1.01, 0.00, 0.41, 2.77, 9.13, 4.68, -5.95, 2.00, 2.80, 0.020948521607315484
No.152: 1.01, 1.00, 0.00, 0.41, 2.74, 9.17, 4.66, -5.96, 2.00, 2.80, 0.020957860850600876
No.169: 1.01, 1.01, 0.00, 0.41, 2.75, 9.13, 4.63, -5.95, 2.00, 2.80, 0.02096137357632986
No.129: 1.01, 1.00, 0.00, 0.41, 2.74, 9.17, 4.65, -5.96, 2.00, 2.80, 0.020963019985963866
No.118: 1.00, 0.99, 0.00, 0.42, 2.73, 9.14, 4.60, -5.91, 2.00, 2.80, 0.020987980753563767
No.153: 1.00, 1.00, 0.01, 0.41, 2.77, 9.04, 4.68, -5.94, 2.00, 2.80, 0.02100580882676026
No.154: 1.01, 1.01, 0.00, 0.41, 2.76, 9.13, 4.62, -5.95, 2.00, 2.80, 0.021008075473866374
No.91: 1.01, 1.00, 0.00, 0.41, 2.75, 9.21, 4.66, -5.96, 2.00, 2.80, 0.021023902016386785
No.86: 1.01, 1.00, 0.00, 0.41, 2.75, 9.23, 4.66, -5.95, 2.00, 2.80, 0.021033679288614746
No.125: 1.00, 1.00, 0.01, 0.42, 2.78, 9.02, 4.67, -5.94, 2.00, 2.80, 0.021046357339565235
No.143: 1.01, 1.01, 0.00, 0.41, 2.77, 9.13, 4.62, -5.95, 2.00, 2.80, 0.02104737521388966
No.130: 1.01, 0.99, 0.00, 0.41, 2.75, 9.19, 4.66, -6.00, 2.00, 2.80, 0.021051025069962644
No.119: 1.01, 0.99, 0.01, 0.42, 2.74, 9.16, 4.60, -6.00, 2.00, 2.80, 0.02105218551649315
No.131: 1.01, 1.00, 0.00, 0.42, 2.77, 9.22, 4.65, -5.86, 2.00, 2.80, 0.02105638506599559
No.85: 1.01, 1.00, 0.00, 0.41, 2.76, 9.22, 4.64, -5.95, 2.00, 2.80, 0.02107366905054783
No.126: 1.02, 0.99, 0.01, 0.41, 2.77, 9.18, 4.58, -5.93, 2.00, 2.80, 0.021075194964393335
No.141: 1.01, 1.01, 0.00, 0.41, 2.77, 9.13, 4.60, -5.96, 2.00, 2.80, 0.021075616214084415
No.117: 1.00, 0.99, 0.01, 0.41, 2.79, 9.03, 4.68, -5.93, 2.00, 2.80, 0.02108328097310258
No.111: 1.02, 0.99, 0.01, 0.41, 2.77, 9.20, 4.57, -5.92, 2.00, 2.80, 0.021090901906569134
No.93: 1.01, 1.00, 0.00, 0.42, 2.78, 9.08, 4.56, -5.90, 2.00, 2.80, 0.02110379897152505
No.103: 1.01, 0.99, 0.00, 0.42, 2.76, 9.22, 4.66, -6.00, 2.00, 2.80, 0.021119993433063377
No.95: 1.02, 0.99, 0.01, 0.41, 2.77, 9.23, 4.56, -5.92, 2.00, 2.80, 0.021122438334794044
No.82: 1.01, 1.00, 0.00, 0.41, 2.82, 9.12, 4.64, -5.82, 2.00, 2.80, 0.02113327507657744
No.105: 1.01, 1.00, 0.00, 0.41, 2.81, 9.12, 4.63, -5.87, 2.00, 2.80, 0.021137945210960046
No.83: 1.01, 0.99, 0.00, 0.41, 2.82, 9.13, 4.65, -5.80, 2.00, 2.80, 0.0211425429378006
No.76: 1.01, 1.01, 0.00, 0.42, 2.79, 9.08, 4.55, -5.89, 2.00, 2.80, 0.02114743268252685
No.127: 1.01, 1.01, 0.00, 0.41, 2.78, 9.13, 4.58, -5.97, 2.00, 2.80, 0.021149460025637376
No.60: 1.01, 1.01, 0.01, 0.41, 2.82, 9.06, 4.56, -5.83, 2.00, 2.80, 0.021163678504253384
No.102: 1.00, 1.00, 0.00, 0.42, 2.78, 9.28, 4.65, -5.83, 2.00, 2.80, 0.021184449116122387
No.84: 1.02, 0.99, 0.01, 0.41, 2.78, 9.26, 4.55, -5.91, 2.00, 2.80, 0.02118721215976646
No.63: 1.02, 1.04, 0.00, 0.41, 2.82, 9.05, 4.52, -5.89, 2.00, 2.80, 0.02122865260192071
No.114: 1.00, 1.01, 0.00, 0.41, 2.79, 9.14, 4.57, -5.96, 2.00, 2.80, 0.021263361736924717
No.67: 1.02, 1.00, 0.01, 0.41, 2.82, 8.94, 4.55, -6.03, 2.00, 2.80, 0.02126990056853188
No.99: 1.00, 1.02, 0.00, 0.41, 2.79, 9.16, 4.57, -5.96, 2.00, 2.80, 0.021277027273213595
No.98: 1.02, 1.01, 0.00, 0.41, 2.84, 9.14, 4.64, -5.96, 2.00, 2.80, 0.021278530014295523
No.62: 1.02, 1.00, 0.01, 0.41, 2.82, 8.93, 4.55, -6.05, 2.00, 2.80, 0.02129034925945872
No.80: 1.03, 1.01, 0.00, 0.41, 2.81, 9.20, 4.50, -5.94, 2.00, 2.80, 0.021302748378200134
No.78: 1.02, 1.01, 0.00, 0.41, 2.85, 9.15, 4.64, -5.96, 2.00, 2.80, 0.02132956247917396
No.79: 1.00, 1.02, 0.00, 0.41, 2.80, 9.18, 4.56, -5.96, 2.00, 2.80, 0.021351566816023397
No.116: 1.01, 0.98, 0.00, 0.42, 2.83, 9.12, 4.57, -5.98, 2.00, 2.80, 0.02142766972943851
No.100: 1.01, 0.98, 0.00, 0.42, 2.84, 9.14, 4.56, -5.98, 2.00, 2.80, 0.021502546402524834
No.53: 1.00, 1.02, 0.01, 0.42, 2.88, 8.97, 4.59, -5.91, 2.00, 2.80, 0.02152198875445202
No.52: 1.00, 1.02, 0.01, 0.42, 2.88, 8.97, 4.58, -5.92, 2.00, 2.80, 0.02155424542079758
No.59: 1.02, 1.01, 0.01, 0.42, 2.90, 8.95, 4.53, -5.89, 2.00, 2.80, 0.021572763261652028
No.55: 1.01, 1.02, 0.01, 0.42, 2.85, 8.93, 4.41, -5.87, 2.00, 2.80, 0.02160644345642649
No.81: 1.01, 0.98, 0.00, 0.42, 2.86, 9.15, 4.55, -5.98, 2.00, 2.80, 0.021621238974811226
No.71: 1.01, 1.00, 0.01, 0.41, 2.87, 9.26, 4.52, -5.87, 2.00, 2.80, 0.021639245027316328
No.73: 1.01, 1.01, 0.00, 0.41, 2.88, 9.06, 4.48, -5.89, 2.00, 2.80, 0.021643999660775275
No.72: 1.00, 1.02, 0.00, 0.42, 2.89, 8.99, 4.56, -5.92, 2.00, 2.80, 0.021654812713052144
No.56: 1.01, 1.00, 0.01, 0.41, 2.87, 9.28, 4.52, -5.87, 2.00, 2.80, 0.021655218883025403
No.51: 1.00, 1.02, 0.00, 0.42, 2.89, 8.98, 4.56, -5.93, 2.00, 2.80, 0.021663079161961283
No.57: 1.01, 1.01, 0.00, 0.41, 2.89, 9.06, 4.47, -5.89, 2.00, 2.80, 0.021717658593380127
No.50: 1.00, 1.02, 0.00, 0.42, 2.90, 8.98, 4.55, -5.94, 2.00, 2.80, 0.021752737740309894
No.74: 1.01, 1.01, 0.01, 0.42, 2.85, 9.09, 4.46, -6.03, 2.00, 2.80, 0.02182262467298889
No.12: 1.02, 1.02, 0.01, 0.42, 2.85, 9.10, 4.45, -6.05, 2.00, 2.80, 0.021855017417767672
No.36: 1.01, 1.02, 0.01, 0.40, 2.94, 8.97, 4.48, -5.95, 2.00, 2.80, 0.02197293482073903
No.30: 1.01, 1.02, 0.01, 0.40, 2.95, 8.96, 4.49, -5.94, 2.00, 2.80, 0.021983109844479685
No.46: 1.00, 0.98, 0.01, 0.42, 2.93, 9.00, 4.50, -5.96, 2.00, 2.80, 0.022020851955114523
No.15: 1.00, 1.02, 0.01, 0.42, 2.97, 9.13, 4.47, -5.72, 2.00, 2.80, 0.02208109236732832
No.44: 1.00, 1.02, 0.01, 0.42, 2.95, 9.13, 4.46, -5.78, 2.00, 2.80, 0.022089693613949597
No.8: 1.00, 1.00, 0.01, 0.41, 3.00, 9.01, 4.63, -6.00, 2.00, 2.80, 0.022169875211899857
No.19: 1.01, 1.01, 0.01, 0.42, 2.99, 9.01, 4.61, -6.00, 2.00, 2.80, 0.02217035340330483
No.49: 1.01, 1.01, 0.01, 0.42, 2.97, 9.02, 4.43, -6.00, 2.00, 2.80, 0.022549112857814337
No.33: 0.98, 1.02, 0.01, 0.41, 2.96, 9.07, 4.47, -6.03, 2.00, 2.80, 0.022587574573267894
No.20: 1.01, 1.01, 0.01, 0.42, 2.99, 9.01, 4.41, -6.00, 2.00, 2.80, 0.022744788410066972
No.21: 1.01, 1.01, 0.01, 0.42, 2.99, 9.01, 4.41, -6.00, 2.00, 2.80, 0.022744788410066972
No.22: 1.01, 1.01, 0.01, 0.42, 2.99, 9.01, 4.41, -6.00, 2.00, 2.80, 0.022744788410066972
No.23: 1.01, 1.01, 0.01, 0.42, 2.99, 9.01, 4.41, -6.00, 2.00, 2.80, 0.022744788410066972
No.10: 1.00, 1.00, 0.01, 0.41, 3.00, 9.01, 4.41, -6.00, 2.00, 2.80, 0.022748371162977864
No.11: 1.00, 1.00, 0.01, 0.41, 3.00, 9.01, 4.41, -6.00, 2.00, 2.80, 0.022748371162977864
No.1: 1.00, 1.00, 0.01, 0.41, 3.00, 9.01, 4.41, -6.00, 2.00, 2.80, 0.022748371162977864
No.4: 1.00, 1.00, 0.01, 0.41, 3.00, 9.01, 4.41, -6.00, 2.00, 2.80, 0.022748371162977864
No.24: 1.01, 1.05, 0.01, 0.42, 2.99, 9.01, 4.41, -6.00, 2.00, 2.80, 0.02292016507985934
No.3: 1.00, 1.05, 0.01, 0.41, 3.00, 9.01, 4.41, -6.00, 2.00, 2.80, 0.022944291343336563
No.5: 1.00, 1.00, 0.01, 0.44, 3.00, 9.01, 4.41, -6.00, 2.00, 2.80, 0.02301957455436919
No.7: 1.00, 1.00, 0.01, 0.41, 3.00, 9.46, 4.41, -6.00, 2.00, 2.80, 0.02306661854937129
No.14: 0.96, 1.02, 0.01, 0.42, 2.98, 9.11, 4.46, -6.07, 2.00, 2.80, 0.02307847157946579
No.9: 1.00, 1.00, 0.01, 0.41, 3.00, 9.01, 4.41, -6.30, 2.00, 2.80, 0.023468691705666053
No.316: 1.01, 1.02, 0.00, 0.42, 2.61, 8.97, 4.71, -5.98, 2.00, 2.80, 0.025217986270707028
No.377: 1.01, 1.02, 0.00, 0.42, 2.62, 8.93, 4.71, -6.00, 2.00, 2.80, 0.025228636386810915
No.383: 1.01, 1.02, 0.00, 0.42, 2.62, 8.95, 4.72, -5.99, 2.00, 2.80, 0.025235674792193335
No.396: 1.01, 1.02, 0.00, 0.42, 2.62, 8.95, 4.72, -5.99, 2.00, 2.80, 0.025235674792193335
No.406: 1.01, 1.02, 0.00, 0.42, 2.62, 8.95, 4.72, -5.99, 2.00, 2.80, 0.025235674792193335
No.426: 1.01, 1.02, 0.00, 0.42, 2.62, 8.95, 4.72, -5.99, 2.00, 2.80, 0.025235674792193335
No.442: 1.01, 1.02, 0.00, 0.42, 2.62, 8.95, 4.72, -5.99, 2.00, 2.80, 0.025235674792193335
No.543: 1.01, 1.02, 0.00, 0.42, 2.62, 8.95, 4.71, -5.99, 2.00, 2.80, 0.025242979571941042
No.395: 1.01, 1.02, 0.00, 0.42, 2.62, 8.97, 4.73, -5.98, 2.00, 2.80, 0.025244043906841325
No.416: 1.01, 1.02, 0.00, 0.42, 2.62, 8.96, 4.72, -5.99, 2.00, 2.80, 0.025244868631672676
No.429: 1.01, 1.02, 0.00, 0.42, 2.62, 8.96, 4.72, -5.99, 2.00, 2.80, 0.025244868631672676
No.439: 1.01, 1.02, 0.00, 0.42, 2.62, 8.96, 4.72, -5.99, 2.00, 2.80, 0.025244868631672676
No.333: 1.01, 1.02, 0.00, 0.42, 2.62, 8.99, 4.73, -5.96, 2.00, 2.80, 0.02525633027786247
No.420: 1.01, 1.02, 0.00, 0.42, 2.62, 8.97, 4.71, -5.98, 2.00, 2.80, 0.025257468997905482
No.448: 1.01, 1.02, 0.00, 0.42, 2.62, 8.97, 4.71, -5.98, 2.00, 2.80, 0.025257468997905482
No.452: 1.01, 1.02, 0.00, 0.42, 2.62, 8.97, 4.71, -5.98, 2.00, 2.80, 0.025257468997905482
No.454: 1.01, 1.02, 0.00, 0.42, 2.62, 8.97, 4.71, -5.98, 2.00, 2.80, 0.025257468997905482
No.455: 1.01, 1.02, 0.00, 0.42, 2.62, 8.97, 4.71, -5.98, 2.00, 2.80, 0.025257468997905482
No.464: 1.01, 1.02, 0.00, 0.42, 2.62, 8.97, 4.71, -5.98, 2.00, 2.80, 0.025257468997905482
No.465: 1.01, 1.02, 0.00, 0.42, 2.62, 8.97, 4.71, -5.98, 2.00, 2.80, 0.025257468997905482
No.466: 1.01, 1.02, 0.00, 0.42, 2.62, 8.97, 4.71, -5.98, 2.00, 2.80, 0.025257468997905482
No.467: 1.01, 1.02, 0.00, 0.42, 2.62, 8.97, 4.71, -5.98, 2.00, 2.80, 0.025257468997905482
No.470: 1.01, 1.02, 0.00, 0.42, 2.62, 8.97, 4.71, -5.98, 2.00, 2.80, 0.025257468997905482
No.476: 1.01, 1.02, 0.00, 0.42, 2.62, 8.97, 4.71, -5.98, 2.00, 2.80, 0.025257468997905482
No.477: 1.01, 1.02, 0.00, 0.42, 2.62, 8.97, 4.71, -5.98, 2.00, 2.80, 0.025257468997905482
No.478: 1.01, 1.02, 0.00, 0.42, 2.62, 8.97, 4.71, -5.98, 2.00, 2.80, 0.025257468997905482
No.479: 1.01, 1.02, 0.00, 0.42, 2.62, 8.97, 4.71, -5.98, 2.00, 2.80, 0.025257468997905482
No.487: 1.01, 1.02, 0.00, 0.42, 2.62, 8.97, 4.71, -5.98, 2.00, 2.80, 0.025257468997905482
No.488: 1.01, 1.02, 0.00, 0.42, 2.62, 8.97, 4.71, -5.98, 2.00, 2.80, 0.025257468997905482
No.489: 1.01, 1.02, 0.00, 0.42, 2.62, 8.97, 4.71, -5.98, 2.00, 2.80, 0.025257468997905482
No.490: 1.01, 1.02, 0.00, 0.42, 2.62, 8.97, 4.71, -5.98, 2.00, 2.80, 0.025257468997905482
No.491: 1.01, 1.02, 0.00, 0.42, 2.62, 8.97, 4.71, -5.98, 2.00, 2.80, 0.025257468997905482
No.499: 1.01, 1.02, 0.00, 0.42, 2.62, 8.97, 4.71, -5.98, 2.00, 2.80, 0.025257468997905482
No.500: 1.01, 1.02, 0.00, 0.42, 2.62, 8.97, 4.71, -5.98, 2.00, 2.80, 0.025257468997905482
No.501: 1.01, 1.02, 0.00, 0.42, 2.62, 8.97, 4.71, -5.98, 2.00, 2.80, 0.025257468997905482
No.502: 1.01, 1.02, 0.00, 0.42, 2.62, 8.97, 4.71, -5.98, 2.00, 2.80, 0.025257468997905482
No.503: 1.01, 1.02, 0.00, 0.42, 2.62, 8.97, 4.71, -5.98, 2.00, 2.80, 0.025257468997905482
No.507: 1.01, 1.02, 0.00, 0.42, 2.62, 8.97, 4.71, -5.98, 2.00, 2.80, 0.025257468997905482
No.511: 1.01, 1.02, 0.00, 0.42, 2.62, 8.97, 4.71, -5.98, 2.00, 2.80, 0.025257468997905482
No.512: 1.01, 1.02, 0.00, 0.42, 2.62, 8.97, 4.71, -5.98, 2.00, 2.80, 0.025257468997905482
No.513: 1.01, 1.02, 0.00, 0.42, 2.62, 8.97, 4.71, -5.98, 2.00, 2.80, 0.025257468997905482
No.514: 1.01, 1.02, 0.00, 0.42, 2.62, 8.97, 4.71, -5.98, 2.00, 2.80, 0.025257468997905482
No.515: 1.01, 1.02, 0.00, 0.42, 2.62, 8.97, 4.71, -5.98, 2.00, 2.80, 0.025257468997905482
No.518: 1.01, 1.02, 0.00, 0.42, 2.62, 8.97, 4.71, -5.98, 2.00, 2.80, 0.025257468997905482
No.522: 1.01, 1.02, 0.00, 0.42, 2.62, 8.97, 4.71, -5.98, 2.00, 2.80, 0.025257468997905482
No.523: 1.01, 1.02, 0.00, 0.42, 2.62, 8.97, 4.71, -5.98, 2.00, 2.80, 0.025257468997905482
No.524: 1.01, 1.02, 0.00, 0.42, 2.62, 8.97, 4.71, -5.98, 2.00, 2.80, 0.025257468997905482
No.525: 1.01, 1.02, 0.00, 0.42, 2.62, 8.97, 4.71, -5.98, 2.00, 2.80, 0.025257468997905482
No.526: 1.01, 1.02, 0.00, 0.42, 2.62, 8.97, 4.71, -5.98, 2.00, 2.80, 0.025257468997905482
No.527: 1.01, 1.02, 0.00, 0.42, 2.62, 8.97, 4.71, -5.98, 2.00, 2.80, 0.025257468997905482
No.531: 1.01, 1.02, 0.00, 0.42, 2.62, 8.97, 4.71, -5.98, 2.00, 2.80, 0.025257468997905482
No.533: 1.01, 1.02, 0.00, 0.42, 2.62, 8.97, 4.71, -5.98, 2.00, 2.80, 0.025257468997905482
No.534: 1.01, 1.02, 0.00, 0.42, 2.62, 8.97, 4.71, -5.98, 2.00, 2.80, 0.025257468997905482
No.535: 1.01, 1.02, 0.00, 0.42, 2.62, 8.97, 4.71, -5.98, 2.00, 2.80, 0.025257468997905482
No.536: 1.01, 1.02, 0.00, 0.42, 2.62, 8.97, 4.71, -5.98, 2.00, 2.80, 0.025257468997905482
No.546: 1.01, 1.02, 0.00, 0.42, 2.62, 8.97, 4.71, -5.98, 2.00, 2.80, 0.025257468997905482
No.558: 1.01, 1.02, 0.00, 0.42, 2.62, 8.97, 4.71, -5.98, 2.00, 2.80, 0.025257468997905482
No.570: 1.01, 1.02, 0.00, 0.42, 2.62, 8.97, 4.71, -5.98, 2.00, 2.80, 0.025257468997905482
No.582: 1.01, 1.02, 0.00, 0.42, 2.62, 8.97, 4.71, -5.98, 2.00, 2.80, 0.025257468997905482
No.584: 1.01, 1.02, 0.00, 0.42, 2.62, 8.97, 4.71, -5.98, 2.00, 2.80, 0.025257468997905482
No.397: 1.01, 1.02, 0.00, 0.42, 2.62, 8.98, 4.71, -5.96, 2.00, 2.80, 0.025259448774141463
No.376: 1.01, 1.02, 0.00, 0.42, 2.62, 8.98, 4.72, -5.98, 2.00, 2.80, 0.025259705094527244
No.405: 1.01, 1.02, 0.00, 0.42, 2.62, 8.98, 4.72, -5.98, 2.00, 2.80, 0.025259705094527244
No.398: 1.01, 1.02, 0.00, 0.42, 2.62, 8.98, 4.71, -5.97, 2.00, 2.80, 0.02526296646748295
No.409: 1.01, 1.02, 0.00, 0.42, 2.62, 8.98, 4.71, -5.97, 2.00, 2.80, 0.02526296646748295
No.367: 1.01, 1.02, 0.00, 0.42, 2.62, 8.98, 4.72, -5.99, 2.00, 2.80, 0.025263230966684754
No.311: 1.01, 1.02, 0.00, 0.41, 2.62, 8.97, 4.73, -5.97, 2.00, 2.80, 0.02526541004000969
No.335: 1.01, 1.02, 0.00, 0.42, 2.62, 8.99, 4.72, -5.97, 2.00, 2.80, 0.025265498135201358
No.401: 1.01, 1.02, 0.00, 0.42, 2.62, 8.99, 4.72, -5.98, 2.00, 2.80, 0.025268890115145857
No.317: 1.01, 1.02, 0.00, 0.41, 2.62, 8.97, 4.72, -5.97, 2.00, 2.80, 0.025269876505169094
No.319: 1.01, 1.02, 0.00, 0.41, 2.62, 8.98, 4.74, -5.97, 2.00, 2.80, 0.025270720104456454
No.347: 1.01, 1.02, 0.00, 0.41, 2.62, 8.97, 4.73, -6.00, 2.00, 2.80, 0.025273145975804764
No.411: 1.01, 1.02, 0.00, 0.41, 2.62, 8.97, 4.72, -5.99, 2.00, 2.80, 0.025275374086409483
No.313: 1.01, 1.02, 0.00, 0.41, 2.62, 8.98, 4.72, -5.97, 2.00, 2.80, 0.025279037611262226
No.362: 1.01, 1.02, 0.00, 0.41, 2.62, 8.98, 4.72, -5.98, 2.00, 2.80, 0.025281711779014594
No.366: 1.01, 1.02, 0.00, 0.41, 2.62, 8.98, 4.72, -5.98, 2.00, 2.80, 0.025281711779014594
No.321: 1.01, 1.02, 0.00, 0.41, 2.62, 8.98, 4.73, -6.01, 2.00, 2.80, 0.02528511630963061
No.387: 1.01, 1.02, 0.00, 0.41, 2.62, 8.98, 4.72, -6.00, 2.00, 2.80, 0.025287411980325504
No.408: 1.01, 1.02, 0.00, 0.41, 2.62, 8.98, 4.72, -6.00, 2.00, 2.80, 0.025287411980325504
No.541: 1.01, 1.02, 0.00, 0.42, 2.63, 8.96, 4.70, -5.98, 2.00, 2.80, 0.025296346472109925
No.339: 1.01, 1.02, 0.00, 0.41, 2.62, 9.00, 4.72, -5.97, 2.00, 2.80, 0.025297337335557404
No.359: 1.01, 1.02, 0.00, 0.41, 2.62, 9.00, 4.72, -5.97, 2.00, 2.80, 0.025297337335557404
No.278: 1.01, 1.02, 0.00, 0.41, 2.62, 9.00, 4.71, -5.97, 2.00, 2.80, 0.025302120324962485
No.290: 1.01, 1.02, 0.00, 0.41, 2.62, 9.00, 4.71, -5.97, 2.00, 2.80, 0.025302120324962485
No.303: 1.01, 1.02, 0.00, 0.41, 2.62, 9.00, 4.71, -5.98, 2.00, 2.80, 0.025304990360645447
No.338: 1.01, 1.02, 0.00, 0.41, 2.62, 9.00, 4.71, -5.98, 2.00, 2.80, 0.025304990360645447
No.349: 1.01, 1.02, 0.00, 0.41, 2.62, 9.00, 4.71, -5.98, 2.00, 2.80, 0.025304990360645447
No.351: 1.01, 1.02, 0.00, 0.41, 2.62, 9.00, 4.71, -5.98, 2.00, 2.80, 0.025304990360645447
No.361: 1.01, 1.02, 0.00, 0.41, 2.62, 9.00, 4.71, -5.98, 2.00, 2.80, 0.025304990360645447
No.348: 1.01, 1.02, 0.00, 0.41, 2.62, 9.00, 4.70, -5.98, 2.00, 2.80, 0.025310497738202795
No.415: 1.01, 1.02, 0.00, 0.42, 2.63, 8.99, 4.71, -5.97, 2.00, 2.80, 0.02531167413619592
No.428: 1.01, 1.02, 0.00, 0.42, 2.63, 8.99, 4.71, -5.97, 2.00, 2.80, 0.02531167413619592
No.343: 1.01, 1.02, 0.00, 0.41, 2.63, 8.98, 4.73, -5.97, 2.00, 2.80, 0.025311932901725093
No.375: 1.01, 1.02, 0.00, 0.41, 2.62, 9.03, 4.72, -5.97, 2.00, 2.80, 0.02532473407848173
No.350: 1.01, 1.02, 0.00, 0.41, 2.63, 8.99, 4.72, -5.98, 2.00, 2.80, 0.025328763631193543
No.344: 1.01, 1.02, 0.00, 0.42, 2.63, 9.01, 4.70, -5.95, 2.00, 2.80, 0.02532929840177512
No.365: 1.01, 1.02, 0.00, 0.41, 2.63, 8.99, 4.71, -5.98, 2.00, 2.80, 0.025334244394190363
No.384: 1.01, 1.02, 0.00, 0.41, 2.63, 9.00, 4.71, -5.97, 2.00, 2.80, 0.025340074313232173
No.394: 1.01, 1.02, 0.00, 0.41, 2.63, 9.00, 4.71, -5.97, 2.00, 2.80, 0.025340074313232173
No.393: 1.01, 1.02, 0.00, 0.41, 2.63, 8.99, 4.70, -5.98, 2.00, 2.80, 0.02534022071541343
No.336: 1.01, 1.02, 0.00, 0.41, 2.63, 9.00, 4.71, -5.98, 2.00, 2.80, 0.02534323172007216
No.357: 1.01, 1.02, 0.00, 0.41, 2.63, 9.00, 4.71, -5.98, 2.00, 2.80, 0.02534323172007216
No.291: 1.01, 1.02, 0.00, 0.41, 2.64, 8.99, 4.73, -5.97, 2.00, 2.80, 0.025358819023759353
No.294: 1.01, 1.02, 0.00, 0.41, 2.64, 8.99, 4.73, -5.97, 2.00, 2.80, 0.025358819023759353
No.304: 1.01, 1.02, 0.00, 0.41, 2.64, 8.99, 4.73, -5.97, 2.00, 2.80, 0.025358819023759353
No.305: 1.01, 1.03, 0.00, 0.41, 2.64, 9.00, 4.70, -5.96, 2.00, 2.80, 0.0253624936423479
No.327: 1.01, 1.02, 0.00, 0.41, 2.64, 9.00, 4.71, -5.97, 2.00, 2.80, 0.025378566355176754
No.207: 1.01, 1.02, 0.00, 0.41, 2.62, 9.10, 4.72, -5.95, 2.00, 2.80, 0.02538385090041877
No.243: 1.01, 1.02, 0.00, 0.41, 2.65, 8.95, 4.69, -5.97, 2.00, 2.80, 0.025387443541951257
No.260: 1.01, 1.02, 0.00, 0.41, 2.65, 8.95, 4.69, -5.97, 2.00, 2.80, 0.025387443541951257
No.302: 1.01, 1.01, 0.00, 0.41, 2.64, 8.99, 4.73, -5.99, 2.00, 2.80, 0.02538807869344493
No.320: 1.01, 1.02, 0.00, 0.41, 2.64, 9.00, 4.70, -5.98, 2.00, 2.80, 0.02538833991742333
No.284: 1.01, 1.02, 0.00, 0.41, 2.64, 9.02, 4.70, -5.98, 2.00, 2.80, 0.025406009422168224
No.252: 1.01, 1.02, 0.00, 0.41, 2.63, 9.08, 4.71, -5.95, 2.00, 2.80, 0.0254061895193822
No.293: 1.01, 1.01, 0.00, 0.41, 2.64, 9.01, 4.69, -5.99, 2.00, 2.80, 0.025426885000309582
No.283: 1.01, 1.01, 0.00, 0.41, 2.64, 9.02, 4.69, -5.99, 2.00, 2.80, 0.025435642606335362
No.273: 1.01, 1.01, 0.00, 0.41, 2.64, 9.04, 4.70, -5.96, 2.00, 2.80, 0.025437977857775598
No.261: 1.01, 1.01, 0.00, 0.41, 2.64, 9.04, 4.70, -5.97, 2.00, 2.80, 0.025440991431246524
No.263: 1.01, 1.01, 0.00, 0.41, 2.64, 9.04, 4.70, -5.97, 2.00, 2.80, 0.025440991431246524
No.245: 1.01, 1.01, 0.00, 0.41, 2.64, 9.05, 4.70, -5.97, 2.00, 2.80, 0.02544982489904124
No.251: 1.01, 1.01, 0.00, 0.41, 2.64, 9.05, 4.70, -5.97, 2.00, 2.80, 0.02544982489904124
No.213: 1.01, 1.02, 0.00, 0.41, 2.64, 9.10, 4.71, -5.95, 2.00, 2.80, 0.025461257327541446
No.244: 1.01, 1.01, 0.00, 0.41, 2.64, 9.03, 4.67, -6.01, 2.00, 2.80, 0.025465803052731373
No.246: 1.01, 1.02, 0.00, 0.41, 2.65, 9.04, 4.69, -5.99, 2.00, 2.80, 0.02547430730193073
No.227: 1.01, 1.01, 0.00, 0.42, 2.66, 9.03, 4.69, -5.94, 2.00, 2.80, 0.025487387233143633
No.289: 1.01, 1.01, 0.00, 0.41, 2.66, 9.01, 4.71, -5.98, 2.00, 2.80, 0.025489755935304084
No.226: 1.01, 1.02, 0.00, 0.41, 2.66, 9.04, 4.71, -5.97, 2.00, 2.80, 0.025492140280832465
No.230: 1.01, 1.02, 0.00, 0.41, 2.66, 9.04, 4.70, -5.96, 2.00, 2.80, 0.025494744948735888
No.239: 1.01, 1.01, 0.00, 0.42, 2.66, 9.04, 4.69, -5.94, 2.00, 2.80, 0.02549610047747787
No.279: 1.01, 1.01, 0.00, 0.41, 2.66, 9.02, 4.70, -5.98, 2.00, 2.80, 0.02550446349365371
No.248: 1.01, 1.02, 0.00, 0.41, 2.67, 9.04, 4.72, -5.92, 2.00, 2.80, 0.025507038031703608
No.264: 1.01, 1.02, 0.00, 0.41, 2.66, 9.05, 4.67, -5.94, 2.00, 2.80, 0.025516424871277997
No.189: 1.01, 1.02, 0.00, 0.41, 2.67, 8.99, 4.67, -5.97, 2.00, 2.80, 0.025521156858308667
No.233: 1.01, 1.02, 0.00, 0.41, 2.67, 9.02, 4.68, -5.96, 2.00, 2.80, 0.025532875964465733
No.250: 1.01, 1.02, 0.00, 0.41, 2.67, 9.02, 4.68, -5.96, 2.00, 2.80, 0.025532875964465733
No.262: 1.01, 1.02, 0.00, 0.41, 2.67, 9.02, 4.68, -5.96, 2.00, 2.80, 0.025532875964465733
No.232: 1.01, 1.02, 0.00, 0.41, 2.68, 9.04, 4.71, -5.91, 2.00, 2.80, 0.02554752620100716
No.224: 1.01, 1.02, 0.00, 0.41, 2.66, 9.11, 4.67, -5.90, 2.00, 2.80, 0.025551213657359174
No.216: 1.01, 1.02, 0.00, 0.41, 2.67, 9.11, 4.68, -5.94, 2.00, 2.80, 0.025600109691196988
No.229: 1.01, 1.02, 0.00, 0.42, 2.68, 9.09, 4.67, -5.93, 2.00, 2.80, 0.025619164937051846
No.237: 1.01, 1.01, 0.00, 0.41, 2.67, 9.13, 4.70, -5.93, 2.00, 2.80, 0.02562039987821493
No.191: 1.01, 1.02, 0.00, 0.42, 2.67, 9.15, 4.65, -5.91, 2.00, 2.80, 0.02563606639576834
No.217: 1.01, 1.02, 0.00, 0.42, 2.68, 9.12, 4.66, -5.91, 2.00, 2.80, 0.02564292832945363
No.238: 1.01, 1.02, 0.00, 0.41, 2.68, 9.12, 4.68, -5.94, 2.00, 2.80, 0.02564864784616214
No.222: 1.00, 1.02, 0.00, 0.41, 2.68, 9.11, 4.72, -5.93, 2.00, 2.80, 0.02565217209896406
No.221: 1.01, 1.01, 0.00, 0.41, 2.69, 9.06, 4.70, -5.98, 2.00, 2.80, 0.025659214632670003
No.201: 1.01, 1.01, 0.00, 0.41, 2.66, 9.16, 4.66, -6.00, 2.00, 2.80, 0.025660077497571213
No.205: 1.01, 1.02, 0.00, 0.41, 2.68, 9.15, 4.68, -5.91, 2.00, 2.80, 0.02566055774605339
No.174: 1.01, 1.01, 0.00, 0.41, 2.69, 9.06, 4.71, -6.00, 2.00, 2.80, 0.025661284820940877
No.193: 1.00, 1.02, 0.00, 0.41, 2.68, 9.13, 4.72, -5.93, 2.00, 2.80, 0.02566981493198896
No.194: 1.01, 1.02, 0.00, 0.41, 2.68, 9.17, 4.68, -5.90, 2.00, 2.80, 0.02567331970439319
No.195: 1.00, 1.01, 0.00, 0.42, 2.68, 9.09, 4.68, -5.95, 2.00, 2.80, 0.025678375003788945
No.184: 1.02, 1.02, 0.00, 0.41, 2.69, 9.15, 4.67, -5.94, 2.00, 2.80, 0.025681536566945724
No.171: 1.02, 1.02, 0.00, 0.41, 2.69, 9.15, 4.67, -5.95, 2.00, 2.80, 0.0256868011836163
No.196: 1.00, 1.01, 0.00, 0.42, 2.68, 9.10, 4.68, -5.95, 2.00, 2.80, 0.025686987269172817
No.172: 1.01, 1.00, 0.00, 0.41, 2.69, 9.06, 4.66, -5.94, 2.00, 2.80, 0.025687159357963667
No.179: 1.01, 1.01, 0.00, 0.42, 2.69, 9.07, 4.67, -6.00, 2.00, 2.80, 0.02569793081839282
No.161: 1.01, 1.02, 0.00, 0.41, 2.72, 9.02, 4.67, -5.90, 2.00, 2.80, 0.025719137355722864
No.178: 1.02, 1.01, 0.00, 0.41, 2.69, 9.10, 4.62, -5.98, 2.00, 2.80, 0.025722426268664975
No.186: 1.01, 1.02, 0.00, 0.41, 2.72, 9.03, 4.68, -5.91, 2.00, 2.80, 0.02572383679135246
No.162: 1.01, 1.01, 0.00, 0.41, 2.71, 9.03, 4.68, -6.01, 2.00, 2.80, 0.02575271837232808
No.187: 1.01, 1.01, 0.00, 0.41, 2.71, 9.04, 4.68, -6.00, 2.00, 2.80, 0.025754720811111905
No.177: 1.01, 1.01, 0.00, 0.41, 2.71, 9.05, 4.68, -5.99, 2.00, 2.80, 0.025756883335490626
No.145: 1.01, 1.01, 0.00, 0.41, 2.72, 8.99, 4.68, -6.03, 2.00, 2.80, 0.025778358522332016
No.176: 1.01, 1.01, 0.00, 0.42, 2.70, 9.16, 4.64, -5.91, 2.00, 2.80, 0.025790582510956492
No.140: 1.02, 0.99, 0.00, 0.41, 2.72, 9.13, 4.73, -5.90, 2.00, 2.80, 0.02579880373630106
No.170: 1.00, 1.01, 0.00, 0.41, 2.72, 9.08, 4.73, -5.94, 2.00, 2.80, 0.025800743864105326
No.180: 1.01, 1.00, 0.00, 0.42, 2.72, 9.04, 4.66, -5.97, 2.00, 2.80, 0.02580823178744447
No.147: 1.00, 1.01, 0.00, 0.41, 2.73, 9.07, 4.73, -5.94, 2.00, 2.80, 0.025832687012882133
No.142: 1.02, 0.99, 0.00, 0.41, 2.73, 9.13, 4.70, -5.91, 2.00, 2.80, 0.02584869505780552
No.89: 1.02, 1.03, 0.00, 0.41, 2.74, 9.09, 4.62, -5.88, 2.00, 2.80, 0.0258522135434366
No.160: 1.00, 1.01, 0.00, 0.41, 2.73, 9.08, 4.71, -5.94, 2.00, 2.80, 0.02585599039979401
No.164: 1.01, 1.01, 0.01, 0.41, 2.73, 9.11, 4.64, -5.91, 2.00, 2.80, 0.025890185717137512
No.202: 1.01, 1.01, 0.00, 0.41, 2.73, 9.12, 4.64, -5.95, 2.00, 2.80, 0.02591483581876368
No.165: 1.01, 1.00, 0.00, 0.41, 2.74, 9.13, 4.67, -5.89, 2.00, 2.80, 0.02591534717716199
No.212: 1.01, 1.01, 0.00, 0.41, 2.74, 9.08, 4.65, -5.95, 2.00, 2.80, 0.02591742574971714
No.166: 1.02, 1.01, 0.00, 0.41, 2.75, 9.14, 4.68, -5.94, 2.00, 2.80, 0.025931037341367997
No.181: 1.01, 1.00, 0.00, 0.41, 2.73, 9.17, 4.67, -5.95, 2.00, 2.80, 0.02593753536802143
No.135: 1.01, 1.01, 0.01, 0.41, 2.74, 9.09, 4.61, -5.90, 2.00, 2.80, 0.025944098248811696
No.159: 1.02, 1.00, 0.01, 0.41, 2.74, 9.10, 4.59, -5.94, 2.00, 2.80, 0.025969214810545576
No.123: 1.00, 0.99, 0.00, 0.42, 2.73, 9.12, 4.60, -5.92, 2.00, 2.80, 0.026005031495263065
No.168: 1.00, 1.00, 0.01, 0.41, 2.76, 9.05, 4.68, -5.94, 2.00, 2.80, 0.026008556895518176
No.108: 1.01, 1.00, 0.00, 0.41, 2.74, 9.19, 4.66, -5.96, 2.00, 2.80, 0.026009681931444557
No.155: 1.01, 0.99, 0.00, 0.41, 2.74, 9.19, 4.67, -5.99, 2.00, 2.80, 0.026031393574970196
No.146: 1.01, 1.00, 0.00, 0.42, 2.76, 9.19, 4.65, -5.89, 2.00, 2.80, 0.026059408216237236
No.156: 1.01, 1.00, 0.00, 0.42, 2.76, 9.22, 4.65, -5.87, 2.00, 2.80, 0.02606937499518113
No.124: 1.01, 1.00, 0.00, 0.42, 2.74, 9.14, 4.60, -6.00, 2.00, 2.80, 0.026078914351150777
No.120: 1.01, 0.99, 0.00, 0.41, 2.75, 9.21, 4.67, -6.00, 2.00, 2.80, 0.02609556100774721
No.138: 1.01, 1.00, 0.00, 0.41, 2.77, 9.17, 4.68, -5.98, 2.00, 2.80, 0.026119362994492565
No.113: 1.01, 1.00, 0.00, 0.42, 2.77, 9.25, 4.65, -5.85, 2.00, 2.80, 0.026122426361646384
No.121: 1.01, 1.00, 0.01, 0.41, 2.77, 9.09, 4.58, -5.90, 2.00, 2.80, 0.026124367006261508
No.101: 1.00, 0.99, 0.01, 0.41, 2.79, 9.03, 4.68, -5.92, 2.00, 2.80, 0.026124385348508875
No.122: 1.01, 1.00, 0.01, 0.41, 2.77, 9.10, 4.59, -5.91, 2.00, 2.80, 0.026126724402974387
No.132: 1.01, 0.99, 0.00, 0.42, 2.76, 9.18, 4.65, -6.00, 2.00, 2.80, 0.026139156496590633
No.110: 1.01, 0.99, 0.00, 0.42, 2.76, 9.20, 4.66, -6.00, 2.00, 2.80, 0.02614252193376849
No.77: 1.01, 1.00, 0.00, 0.43, 2.77, 9.10, 4.56, -5.88, 2.00, 2.80, 0.026165745855457213
No.107: 1.00, 1.00, 0.01, 0.41, 2.79, 9.07, 4.66, -5.93, 2.00, 2.80, 0.026172575519606483
No.92: 1.01, 1.00, 0.00, 0.41, 2.81, 9.11, 4.64, -5.83, 2.00, 2.80, 0.026186401839279515
No.109: 1.01, 1.00, 0.00, 0.42, 2.78, 9.07, 4.57, -5.91, 2.00, 2.80, 0.026187134794665588
No.112: 1.01, 1.00, 0.00, 0.41, 2.80, 9.11, 4.63, -5.88, 2.00, 2.80, 0.026189960199426286
No.61: 1.01, 1.01, 0.01, 0.41, 2.81, 9.06, 4.58, -5.81, 2.00, 2.80, 0.026209890399920475
No.104: 1.01, 1.00, 0.01, 0.42, 2.75, 9.18, 4.60, -6.05, 2.00, 2.80, 0.02621309738775484
No.64: 1.01, 1.00, 0.00, 0.42, 2.78, 9.09, 4.55, -5.89, 2.00, 2.80, 0.026214109366261812
No.94: 1.01, 1.01, 0.01, 0.41, 2.82, 9.05, 4.57, -5.84, 2.00, 2.80, 0.026294526136934608
No.96: 1.02, 1.00, 0.01, 0.41, 2.81, 8.95, 4.56, -6.02, 2.00, 2.80, 0.026346850766858138
No.115: 1.02, 1.01, 0.00, 0.41, 2.83, 9.12, 4.64, -5.96, 2.00, 2.80, 0.026355809668502907
No.106: 1.02, 1.00, 0.00, 0.42, 2.78, 9.28, 4.54, -5.95, 2.00, 2.80, 0.02637838290850106
No.66: 1.02, 1.04, 0.00, 0.41, 2.82, 9.05, 4.53, -5.88, 2.00, 2.80, 0.026385448449309772
No.97: 1.02, 1.01, 0.00, 0.41, 2.80, 9.18, 4.51, -5.95, 2.00, 2.80, 0.02645169878255051
No.128: 1.01, 0.98, 0.00, 0.42, 2.82, 9.11, 4.57, -5.98, 2.00, 2.80, 0.026485148981967195
No.90: 1.01, 0.99, 0.00, 0.42, 2.84, 9.14, 4.56, -5.96, 2.00, 2.80, 0.02661263636483103
No.68: 1.00, 1.02, 0.01, 0.42, 2.87, 8.98, 4.59, -5.91, 2.00, 2.80, 0.026638745705351338
No.54: 1.03, 1.01, 0.01, 0.42, 2.90, 8.90, 4.55, -5.88, 2.00, 2.80, 0.026670910792588178
No.69: 1.02, 1.01, 0.01, 0.42, 2.89, 8.96, 4.53, -5.88, 2.00, 2.80, 0.026730465352425667
No.70: 1.01, 1.02, 0.01, 0.42, 2.85, 8.94, 4.43, -5.87, 2.00, 2.80, 0.026783606736606257
No.13: 1.02, 1.02, 0.01, 0.42, 2.83, 9.10, 4.45, -6.06, 2.00, 2.80, 0.0269720457134612
No.65: 1.01, 1.02, 0.01, 0.41, 2.91, 8.99, 4.49, -5.94, 2.00, 2.80, 0.027083289626815624
No.75: 1.01, 1.02, 0.01, 0.40, 2.93, 8.98, 4.49, -5.94, 2.00, 2.80, 0.027150507555606912
No.18: 1.00, 1.02, 0.01, 0.42, 2.96, 9.13, 4.47, -5.75, 2.00, 2.80, 0.02729959823424471
No.47: 1.00, 1.01, 0.01, 0.42, 2.92, 8.99, 4.52, -5.95, 2.00, 2.74, 0.02731638546378721
No.45: 1.00, 1.02, 0.01, 0.42, 2.94, 8.71, 4.47, -5.98, 2.00, 2.80, 0.027377440272461268
No.28: 1.00, 1.02, 0.01, 0.42, 2.95, 8.67, 4.48, -5.98, 2.00, 2.80, 0.02739378415435992
No.37: 1.01, 1.01, 0.01, 0.42, 2.98, 9.02, 4.59, -6.01, 2.00, 2.80, 0.027436377609523135
No.58: 0.99, 1.02, 0.01, 0.41, 2.90, 9.18, 4.43, -5.97, 2.00, 2.80, 0.02744191339198369
No.32: 1.04, 1.01, 0.01, 0.42, 2.97, 8.92, 4.44, -5.92, 2.00, 2.80, 0.027498327635042348
No.35: 1.00, 1.02, 0.01, 0.42, 2.96, 8.78, 4.47, -5.98, 2.00, 2.80, 0.02755626528122839
No.16: 1.05, 1.01, 0.01, 0.42, 3.00, 9.03, 4.42, -5.88, 2.00, 2.80, 0.027728051500204142
No.38: 0.98, 1.02, 0.01, 0.41, 2.95, 9.07, 4.46, -6.03, 2.00, 2.80, 0.027790261422778507
No.29: 1.05, 1.01, 0.01, 0.42, 2.98, 8.89, 4.43, -5.89, 2.00, 2.80, 0.027801972867412705
No.31: 0.96, 1.02, 0.01, 0.41, 2.95, 9.10, 4.47, -6.05, 2.00, 2.80, 0.027932435829256166
No.39: 1.01, 1.01, 0.01, 0.42, 2.98, 9.02, 4.41, -6.01, 2.00, 2.80, 0.028010474012904876
No.40: 1.01, 1.01, 0.01, 0.42, 2.98, 9.02, 4.41, -6.01, 2.00, 2.80, 0.028010474012904876
No.41: 1.01, 1.01, 0.01, 0.42, 2.98, 9.02, 4.41, -6.01, 2.00, 2.80, 0.028010474012904876
No.42: 1.01, 1.01, 0.01, 0.42, 2.98, 9.02, 4.41, -6.01, 2.00, 2.80, 0.028010474012904876
No.25: 1.01, 1.01, 0.01, 0.43, 2.99, 9.01, 4.41, -6.00, 2.00, 2.80, 0.02814559628492193
No.27: 0.96, 1.02, 0.01, 0.42, 2.96, 9.11, 4.46, -6.07, 2.00, 2.80, 0.028156589253812377
No.17: 0.97, 1.02, 0.01, 0.42, 2.98, 9.10, 4.45, -6.04, 2.00, 2.80, 0.028203374630276678
No.43: 1.01, 1.05, 0.01, 0.42, 2.98, 9.02, 4.41, -6.01, 2.00, 2.80, 0.028215348068485715
No.26: 1.01, 1.01, 0.01, 0.42, 2.99, 9.42, 4.41, -6.00, 2.00, 2.80, 0.02823666073364527
No.2: 1.05, 1.00, 0.01, 0.41, 3.00, 9.01, 4.41, -6.00, 2.00, 2.80, 0.02876599559397692
No.6: 1.00, 1.00, 0.01, 0.41, 3.16, 9.01, 4.41, -6.00, 2.00, 2.80, 0.029295260355598114
No.48: 1.00, 1.01, 0.01, 0.42, 2.90, 8.98, 4.54, -5.94, 1.97, 2.80, 3588.685517252725
No.209: 1.01, 1.02, 0.00, 0.42, 2.66, 9.05, 4.68, -6.01, 2.00, 2.80, 419443.070412659
No.34: 1.01, 1.01, 0.01, 0.41, 2.98, 9.40, 4.43, -5.98, 2.00, 2.80, 59179134.1562278
#| No.|Asub | b0  | b1  | b2  | b3  | t1  | t2  | t3  |Cmin |Cmax | evalulate_value (min value is recommendation) |
#|iter| x0  | x1  | x2  | x3  | x4  | x5  | x6  | x7  | x8  | x9  | evalulate_value (min value is reccomendation) |
