# 1: Bin number
# 2: r
# 3: g(r)
0	0.00888889	0
1	0.0266667	0
2	0.0444444	0
3	0.0622222	0
4	0.08	0
5	0.0977778	0
6	0.115556	0
7	0.133333	0
8	0.151111	0
9	0.168889	0
10	0.186667	0
11	0.204444	0
12	0.222222	0
13	0.24	0
14	0.257778	0
15	0.275556	0
16	0.293333	0
17	0.311111	0
18	0.328889	0
19	0.346667	0
20	0.364444	0
21	0.382222	0
22	0.4	0
23	0.417778	0
24	0.435556	0
25	0.453333	0
26	0.471111	0
27	0.488889	0
28	0.506667	0
29	0.524444	0
30	0.542222	0
31	0.56	0
32	0.577778	0
33	0.595556	0
34	0.613333	0
35	0.631111	0
36	0.648889	0
37	0.666667	0
38	0.684444	0
39	0.702222	0
40	0.72	0
41	0.737778	0
42	0.755556	0
43	0.773333	0
44	0.791111	0
45	0.808889	0
46	0.826667	0
47	0.844444	0
48	0.862222	0
49	0.88	0
50	0.897778	0
51	0.915556	0
52	0.933333	0
53	0.951111	0
54	0.968889	0
55	0.986667	0
56	1.00444	0
57	1.02222	0
58	1.04	0
59	1.05778	0
60	1.07556	0
61	1.09333	0
62	1.11111	0
63	1.12889	0
64	1.14667	0
65	1.16444	0
66	1.18222	0
67	1.2	0
68	1.21778	0
69	1.23556	0
70	1.25333	0
71	1.27111	0
72	1.28889	0
73	1.30667	0
74	1.32444	0
75	1.34222	0
76	1.36	0
77	1.37778	0
78	1.39556	0
79	1.41333	0
80	1.43111	0
81	1.44889	0
82	1.46667	0
83	1.48444	0
84	1.50222	0
85	1.52	0
86	1.53778	0
87	1.55556	0
88	1.57333	0
89	1.59111	0
90	1.60889	0
91	1.62667	0
92	1.64444	0
93	1.66222	0
94	1.68	0
95	1.69778	0
96	1.71556	0
97	1.73333	0
98	1.75111	0
99	1.76889	0
100	1.78667	0
101	1.80444	0
102	1.82222	0
103	1.84	0
104	1.85778	0
105	1.87556	0
106	1.89333	0
107	1.91111	0
108	1.92889	0
109	1.94667	0
110	1.96444	0
111	1.98222	0
112	2	0
113	2.01778	0
114	2.03556	0
115	2.05333	0
116	2.07111	0
117	2.08889	0
118	2.10667	0
119	2.12444	0
120	2.14222	0
121	2.16	0
122	2.17778	0
123	2.19556	0
124	2.21333	0
125	2.23111	0
126	2.24889	0
127	2.26667	0
128	2.28444	0
129	2.30222	0
130	2.32	0
131	2.33778	0
132	2.35556	0
133	2.37333	0
134	2.39111	0
135	2.40889	0
136	2.42667	0
137	2.44444	0
138	2.46222	0
139	2.48	0
140	2.49778	0
141	2.51556	0
142	2.53333	0
143	2.55111	0
144	2.56889	0
145	2.58667	0
146	2.60444	0
147	2.62222	0
148	2.64	0
149	2.65778	0
150	2.67556	0
151	2.69333	0
152	2.71111	0
153	2.72889	0
154	2.74667	0
155	2.76444	0
156	2.78222	0
157	2.8	0
158	2.81778	0
159	2.83556	0
160	2.85333	0
161	2.87111	0
162	2.88889	0
163	2.90667	0
164	2.92444	0
165	2.94222	0
166	2.96	0
167	2.97778	0
168	2.99556	0
169	3.01333	0
170	3.03111	0
171	3.04889	0
172	3.06667	0
173	3.08444	0
174	3.10222	0
175	3.12	0
176	3.13778	0
177	3.15556	0
178	3.17333	0
179	3.19111	0
180	3.20889	0
181	3.22667	0
182	3.24444	0
183	3.26222	0
184	3.28	0
185	3.29778	0
186	3.31556	0
187	3.33333	0
188	3.35111	0
189	3.36889	0
190	3.38667	0
191	3.40444	0
192	3.42222	0.00789208
193	3.44	0.0234322
194	3.45778	0.0541143
195	3.47556	0.133905
196	3.49333	0.295388
197	3.51111	0.554818
198	3.52889	1.04282
199	3.54667	1.68268
200	3.56444	2.69533
201	3.58222	4.25327
202	3.6	6.22255
203	3.61778	8.04708
204	3.63556	10.0525
205	3.65333	11.4819
206	3.67111	12.8592
207	3.68889	13.9887
208	3.70667	13.3436
209	3.72444	12.4269
210	3.74222	10.9759
211	3.76	8.89469
212	3.77778	7.13054
213	3.79556	5.29953
214	3.81333	3.35608
215	3.83111	2.35836
216	3.84889	1.55671
217	3.86667	0.778942
218	3.88444	0.459422
219	3.90222	0.224588
220	3.92	0.0992476
221	3.93778	0.0566278
222	3.95556	0.0206757
223	3.97333	0.00585461
224	3.99111	0.00870386
225	4.00889	0
226	4.02667	0.00285028
227	4.04444	0.00282527
228	4.06222	0
229	4.08	0
230	4.09778	0
231	4.11556	0
232	4.13333	0
233	4.15111	0
234	4.16889	0
235	4.18667	0
236	4.20444	0
237	4.22222	0
238	4.24	0
239	4.25778	0
240	4.27556	0
241	4.29333	0
242	4.31111	0
243	4.32889	0
244	4.34667	0
245	4.36444	0
246	4.38222	0
247	4.4	0
248	4.41778	0
249	4.43556	0
250	4.45333	0
251	4.47111	0
252	4.48889	0
253	4.50667	0
254	4.52444	0
255	4.54222	0
256	4.56	0
257	4.57778	0
258	4.59556	0
259	4.61333	0
260	4.63111	0
261	4.64889	0
262	4.66667	0
263	4.68444	0
264	4.70222	0
265	4.72	0
266	4.73778	0
267	4.75556	0
268	4.77333	0
269	4.79111	0
270	4.80889	0
271	4.82667	0
272	4.84444	0
273	4.86222	0
274	4.88	0
275	4.89778	0
276	4.91556	0.00191264
277	4.93333	0.00569664
278	4.95111	0.0113116
279	4.96889	0.0131026
280	4.98667	0.0241602
281	5.00444	0.0885743
282	5.02222	0.141084
283	5.04	0.236516
284	5.05778	0.357704
285	5.07556	0.568683
286	5.09333	0.796309
287	5.11111	1.0756
288	5.12889	1.53196
289	5.14667	1.86511
290	5.16444	2.42929
291	5.18222	2.67594
292	5.2	2.91917
293	5.21778	3.19128
294	5.23556	3.10895
295	5.25333	2.88532
296	5.27111	2.58812
297	5.28889	2.22875
298	5.30667	1.81834
299	5.32444	1.43454
300	5.34222	1.03475
301	5.36	0.739957
302	5.37778	0.508159
303	5.39556	0.327019
304	5.41333	0.231828
305	5.43111	0.123774
306	5.44889	0.0638185
307	5.46667	0.038661
308	5.48444	0.0138279
309	5.50222	0.0076326
310	5.52	0.00606681
311	5.53778	0.00301396
312	5.55556	0
313	5.57333	0
314	5.59111	0
315	5.60889	0
316	5.62667	0
317	5.64444	0
318	5.66222	0
319	5.68	0
320	5.69778	0
321	5.71556	0
322	5.73333	0
323	5.75111	0
324	5.76889	0
325	5.78667	0
326	5.80444	0
327	5.82222	0
328	5.84	0
329	5.85778	0
330	5.87556	0
331	5.89333	0
332	5.91111	0
333	5.92889	0
334	5.94667	0
335	5.96444	0
336	5.98222	0
337	6	0
338	6.01778	0.00127616
339	6.03556	0.00126866
340	6.05333	0.00378365
341	6.07111	0.00501536
342	6.08889	0.00747918
343	6.10667	0.0210678
344	6.12444	0.0209457
345	6.14222	0.0759485
346	6.16	0.153457
347	6.17778	0.328158
348	6.19556	0.475571
349	6.21333	0.755368
350	6.23111	1.16647
351	6.24889	1.68296
352	6.26667	2.30654
353	6.28444	3.239
354	6.30222	4.13066
355	6.32	5.05506
356	6.33778	5.96214
357	6.35556	6.61645
358	6.37333	7.42834
359	6.39111	7.64843
360	6.40889	7.66907
361	6.42667	7.24738
362	6.44444	6.79683
363	6.46222	6.01581
364	6.48	4.95709
365	6.49778	3.93174
366	6.51556	3.06555
367	6.53333	2.32673
368	6.55111	1.67448
369	6.56889	1.05709
370	6.58667	0.692406
371	6.60444	0.451352
372	6.62222	0.272942
373	6.64	0.157229
374	6.65778	0.0896641
375	6.67556	0.0373342
376	6.69333	0.025789
377	6.71111	0.0153915
378	6.72889	0.0132689
379	6.74667	0.00203063
380	6.76444	0.00201997
381	6.78222	0.00301409
382	6.8	0
383	6.81778	0
384	6.83556	0
385	6.85333	0
386	6.87111	0
387	6.88889	0
388	6.90667	0
389	6.92444	0
390	6.94222	0
391	6.96	0
392	6.97778	0
393	6.99556	0
394	7.01333	0
395	7.03111	0
396	7.04889	0.00372047
397	7.06667	0.00185089
398	7.08444	0.00828723
399	7.10222	0.0100782
400	7.12	0.0164093
401	7.13778	0.0507973
402	7.15556	0.0758178
403	7.17333	0.132024
404	7.19111	0.21806
405	7.20889	0.307693
406	7.22667	0.500863
407	7.24444	0.68333
408	7.26222	0.992818
409	7.28	1.34549
410	7.29778	1.68605
411	7.31556	1.94729
412	7.33333	2.3684
413	7.35111	2.6845
414	7.36889	2.7405
415	7.38667	2.81033
416	7.40444	2.71888
417	7.42222	2.69413
418	7.44	2.38447
419	7.45778	2.08478
420	7.47556	1.73334
421	7.49333	1.43211
422	7.51111	1.0813
423	7.52889	0.792471
424	7.54667	0.581007
425	7.56444	0.386058
426	7.58222	0.261258
427	7.6	0.154422
428	7.61778	0.0891949
429	7.63556	0.0562802
430	7.65333	0.03156
431	7.67111	0.0133509
432	7.68889	0.00469032
433	7.70667	0.00466871
434	7.72444	0.00464724
435	7.74222	0.000770988
436	7.76	0.000767459
437	7.77778	0
438	7.79556	0
439	7.81333	0
440	7.83111	0
441	7.84889	0
442	7.86667	0
443	7.88444	0.00148685
444	7.90222	0
445	7.92	0.00221029
446	7.93778	0.0022004
447	7.95556	0.0116831
448	7.97333	0.0174466
449	7.99111	0.0296721
