# Time-averaged data for fix f6
# TimeStep c_Mnmsd[1] c_Mnmsd[2] c_Mnmsd[3] c_Mnmsd[4]
41000 0 0 0 0
41005 0.000130567 0.000142488 0.000104575 0.00037763
41010 0.000506893 0.000569568 0.000387092 0.00146355
41015 0.00110166 0.00127402 0.000805274 0.00318096
41020 0.00188405 0.0022388 0.00132798 0.00545083
41025 0.00282172 0.00343614 0.00193888 0.00819675
41030 0.00388171 0.0048275 0.00263633 0.0113455
41035 0.00503057 0.0063644 0.00342945 0.0148244
41040 0.00623423 0.00799039 0.00433184 0.0185565
41045 0.00745813 0.00964402 0.00535426 0.0224564
41050 0.00866843 0.0112632 0.00649838 0.02643
41055 0.00983438 0.0127901 0.00775311 0.0303776
41060 0.0109308 0.0141761 0.00909346 0.0342004
41065 0.0119399 0.0153853 0.0104816 0.0378068
41070 0.0128527 0.0163964 0.0118702 0.0411193
41075 0.0136681 0.0172029 0.0132072 0.0440781
41080 0.0143914 0.0178107 0.0144408 0.0466428
41085 0.0150323 0.018234 0.0155255 0.0487918
41090 0.0156036 0.0184911 0.0164262 0.0505208
41095 0.0161196 0.0186004 0.0171217 0.0518418
41100 0.0165958 0.0185787 0.0176062 0.0527807
41105 0.017047 0.0184409 0.0178881 0.053376
41110 0.0174857 0.0182018 0.0179875 0.053675
41115 0.0179194 0.0178785 0.0179311 0.053729
41120 0.0183478 0.0174925 0.0177476 0.0535879
41125 0.0187615 0.0170706 0.0174627 0.0532948
41130 0.0191423 0.0166429 0.0170963 0.0528816
41135 0.0194654 0.0162412 0.0166623 0.0523689
41140 0.019703 0.0158945 0.01617 0.0517675
41145 0.0198295 0.0156248 0.015628 0.0510823
41150 0.0198273 0.0154431 0.0150463 0.0503166
41155 0.0196908 0.0153481 0.0144389 0.0494778
41160 0.0194299 0.0153265 0.0138253 0.0485816
41165 0.0190701 0.0153538 0.0132304 0.0476543
41170 0.0186503 0.0153976 0.0126827 0.0467306
41175 0.0182185 0.015421 0.0122103 0.0458497
41180 0.0178246 0.0153866 0.0118377 0.0450489
41185 0.0175143 0.0152614 0.0115811 0.0443568
41190 0.0173218 0.0150199 0.0114455 0.0437871
41195 0.0172652 0.0146479 0.0114225 0.0433355
41200 0.017344 0.0141445 0.0114909 0.0429794
41205 0.0175395 0.0135239 0.0116194 0.0426828
41210 0.0178185 0.0128157 0.0117706 0.0424049
41215 0.0181389 0.0120636 0.011908 0.0421105
41220 0.0184566 0.0113212 0.0120008 0.0417786
41225 0.0187321 0.0106459 0.0120295 0.0414074
41230 0.0189344 0.0100906 0.0119878 0.0410128
41235 0.0190445 0.00969494 0.0118828 0.0406222
41240 0.0190552 0.00947848 0.0117327 0.0402663
41245 0.0189707 0.0094375 0.0115637 0.0399719
41250 0.0188052 0.00954645 0.011406 0.0397576
41255 0.01858 0.00976339 0.0112902 0.0396336
41260 0.0183214 0.0100383 0.0112431 0.0396027
41265 0.0180578 0.0103221 0.0112852 0.0396651
41270 0.0178165 0.010575 0.0114292 0.0398208
41275 0.0176204 0.010772 0.0116784 0.0400708
41280 0.0174842 0.0109048 0.0120269 0.0404159
41285 0.0174126 0.0109813 0.0124599 0.0408538
41290 0.0173987 0.0110213 0.0129549 0.0413749
41295 0.0174254 0.0110514 0.0134839 0.0419606
41300 0.017467 0.0110986 0.0140171 0.0425826
41305 0.0174933 0.0111855 0.0145262 0.0432049
41310 0.0174736 0.0113266 0.0149876 0.0437878
41315 0.017381 0.011527 0.0153852 0.0442933
41320 0.0171967 0.0117829 0.015711 0.0446906
41325 0.016913 0.0120836 0.0159645 0.0449612
41330 0.0165353 0.0124153 0.0161516 0.0451023
41335 0.0160823 0.0127637 0.0162817 0.0451277
41340 0.0155836 0.0131162 0.0163661 0.0450659
41345 0.0150757 0.0134628 0.0164167 0.0449553
41350 0.0145974 0.0137954 0.0164445 0.0448374
41355 0.0141842 0.0141068 0.0164586 0.0447496
41360 0.0138634 0.0143894 0.0164648 0.0447176
41365 0.0136508 0.0146362 0.0164636 0.0447506
41370 0.0135488 0.0148408 0.0164491 0.0448387
41375 0.013547 0.0149988 0.016409 0.0449549
41380 0.013624 0.0151088 0.0163266 0.0450594
41385 0.0137514 0.0151721 0.0161843 0.0451078
41390 0.0138989 0.0151924 0.0159684 0.0450597
41395 0.0140391 0.0151755 0.0156736 0.0448883
41400 0.0141522 0.0151292 0.0153066 0.044588
41405 0.0142279 0.0150626 0.0148864 0.0441769
41410 0.0142651 0.0149857 0.0144426 0.0436935
41415 0.0142701 0.014909 0.0140113 0.0431905
41420 0.0142526 0.0148428 0.0136306 0.0427261
41425 0.0142229 0.0147957 0.0133366 0.0423551
41430 0.0141889 0.0147736 0.0131591 0.0421216
41435 0.0141553 0.0147784 0.0131193 0.042053
41440 0.0141235 0.0148063 0.0132265 0.0421562
41445 0.0140923 0.0148476 0.0134769 0.0424168
41450 0.01406 0.014887 0.0138534 0.0428004
41455 0.0140248 0.0149056 0.014327 0.0432574
41460 0.0139864 0.0148848 0.0148606 0.0437318
41465 0.013947 0.01481 0.0154138 0.0441707
41470 0.0139107 0.0146753 0.0159481 0.0445341
41475 0.0138837 0.0144855 0.0164316 0.0448008
41480 0.013873 0.0142562 0.0168408 0.04497
41485 0.013885 0.0140119 0.0171613 0.0450581
41490 0.0139244 0.0137821 0.0173864 0.0450929
41495 0.0139943 0.0135964 0.0175155 0.0451062
41500 0.0140956 0.0134804 0.0175518 0.0451277
41505 0.0142288 0.0134509 0.0175011 0.0451809
41510 0.0143955 0.0135145 0.0173703 0.0452804
41515 0.0145992 0.0136659 0.0171663 0.0454313
41520 0.0148453 0.0138877 0.016895 0.045628
41525 0.0151407 0.0141522 0.0165616 0.0458545
41530 0.0154909 0.0144232 0.0161709 0.046085
41535 0.0158975 0.0146594 0.0157285 0.0462854
41540 0.0163566 0.0148186 0.0152414 0.0464167
41545 0.0168572 0.0148633 0.0147194 0.0464399
41550 0.0173827 0.0147653 0.0141748 0.0463228
41555 0.0179126 0.0145112 0.0136227 0.0460465
41560 0.0184252 0.0141051 0.0130812 0.0456115
41565 0.0188996 0.013569 0.0125711 0.0450398
41570 0.0193161 0.0129408 0.0121152 0.0443721
41575 0.0196566 0.0122683 0.0117359 0.0436608
41580 0.019904 0.0116028 0.0114531 0.0429599
41585 0.0200428 0.0109921 0.0112801 0.042315
41590 0.0200605 0.0104746 0.0112212 0.0417563
41595 0.0199501 0.0100756 0.0112695 0.0412951
41600 0.0197119 0.00980622 0.0114069 0.040925
41605 0.0193555 0.00966383 0.0116064 0.0406257
41610 0.0188993 0.009635 0.0118358 0.0403701
41615 0.0183684 0.00969932 0.0120623 0.0401301
41620 0.0177921 0.00983333 0.0122574 0.0398828
41625 0.0171994 0.0100138 0.0123999 0.039613
41630 0.0166162 0.0102203 0.012478 0.0393145
41635 0.0160633 0.0104364 0.0124901 0.0389898
41640 0.0155559 0.0106509 0.0124436 0.0386503
41645 0.0151055 0.0108578 0.0123532 0.0383165
41650 0.014722 0.0110569 0.0122391 0.038018
41655 0.0144154 0.0112525 0.012124 0.0377919
41660 0.0141964 0.0114528 0.0120307 0.0376799
41665 0.0140746 0.011667 0.0119793 0.037721
41670 0.0140563 0.0119025 0.011985 0.0379438
41675 0.0141406 0.0121623 0.0120555 0.0383584
41680 0.0143168 0.0124433 0.0121908 0.0389508
41685 0.0145629 0.0127358 0.0123831 0.0396818
41690 0.0148465 0.0130251 0.0126191 0.0404907
41695 0.0151271 0.0132938 0.0128818 0.0413027
41700 0.0153607 0.0135253 0.0131543 0.0420403
41705 0.0155051 0.0137069 0.0134214 0.0426334
41710 0.0155251 0.013833 0.0136708 0.0430289
41715 0.015397 0.0139062 0.0138932 0.0431964
41720 0.0151118 0.0139375 0.0140815 0.0431308
41725 0.0146759 0.0139449 0.01423 0.0428507
41730 0.01411 0.0139489 0.0143337 0.0423926
41735 0.0134466 0.0139694 0.0143883 0.0418042
41740 0.0127255 0.0140203 0.0143902 0.041136
41745 0.0119897 0.0141074 0.0143378 0.0404349
41750 0.0112808 0.0142265 0.0142321 0.0397393
41755 0.0106355 0.0143637 0.0140779 0.039077
41760 0.0100829 0.0144982 0.0138837 0.0384648
41765 0.00964287 0.0146053 0.0136621 0.0379103
41770 0.00932575 0.0146601 0.0134285 0.0374143
41775 0.00913245 0.0146418 0.0131997 0.0369739
41780 0.0090558 0.0145359 0.0129925 0.0365841
41785 0.00908197 0.0143369 0.0128207 0.0362396
41790 0.00919209 0.0140488 0.0126938 0.0359346
41795 0.00936397 0.0136843 0.0126139 0.0356621
41800 0.00957412 0.0132635 0.0125754 0.035413
41805 0.00980047 0.0128111 0.0125649 0.0351765
41810 0.0100255 0.0123535 0.0125634 0.0349424
41815 0.0102392 0.0119166 0.0125493 0.0347052
41820 0.0104409 0.0115245 0.0125021 0.0344675
41825 0.0106391 0.0111976 0.0124065 0.0342432
41830 0.0108501 0.0109522 0.0122547 0.034057
41835 0.0110947 0.0107999 0.0120481 0.0339427
41840 0.0113939 0.0107467 0.011798 0.0339386
41845 0.0117649 0.0107933 0.011524 0.0340821
41850 0.0122181 0.0109338 0.0112514 0.0344033
41855 0.0127553 0.011156 0.0110079 0.0349192
41860 0.0133698 0.0114415 0.0108186 0.03563
41865 0.0140483 0.0117665 0.0107029 0.0365177
41870 0.0147732 0.0121034 0.0106709 0.0375475
41875 0.0155259 0.0124235 0.010722 0.0386715
41880 0.0162887 0.0126985 0.0108457 0.0398329
41885 0.0170447 0.0129037 0.011023 0.0409714
41890 0.0177775 0.01302 0.0112296 0.0420271
41895 0.0184689 0.0130354 0.0114397 0.042944
41900 0.019098 0.0129467 0.0116305 0.0436753
41905 0.0196418 0.0127596 0.0117852 0.0441866
41910 0.0200754 0.0124879 0.0118958 0.0444591
41915 0.0203747 0.0121533 0.0119636 0.0444916
41920 0.0205189 0.0117838 0.0119988 0.0443015
41925 0.0204946 0.0114118 0.0120182 0.0439246
41930 0.0202987 0.0110724 0.012043 0.0434141
41935 0.0199411 0.0108 0.0120958 0.0428369
41940 0.0194459 0.0106255 0.0121975 0.0422689
41945 0.0188503 0.0105728 0.0123646 0.0417877
41950 0.0182014 0.0106551 0.0126066 0.0414631
41955 0.0175511 0.010872 0.0129237 0.0413468
41960 0.0169498 0.0112081 0.0133062 0.0414641
41965 0.0164397 0.0116336 0.0137353 0.0418086
41970 0.0160504 0.0121075 0.0141852 0.0423431
41975 0.0157949 0.012582 0.0146275 0.0430045
41980 0.0156691 0.0130093 0.0150348 0.0437132
41985 0.0156527 0.0133464 0.0153842 0.0443833
41990 0.015712 0.0135618 0.01566 0.0449338
41995 0.0158057 0.0136386 0.0158539 0.0452982
42000 0.0158906 0.0135774 0.0159652 0.0454332
42005 0.0159288 0.0133958 0.0159995 0.0453241
42010 0.0158942 0.013126 0.0159677 0.0449879
42015 0.0157762 0.0128116 0.0158842 0.044472
42020 0.0155815 0.0125025 0.015765 0.043849
42025 0.0153324 0.0122491 0.0156252 0.0432067
42030 0.0150622 0.0120959 0.0154767 0.0426349
42035 0.0148087 0.0120753 0.0153264 0.0422104
42040 0.0146078 0.0122021 0.0151745 0.0419843
42045 0.014488 0.0124702 0.015015 0.0419733
42050 0.0144676 0.0128522 0.0148365 0.0421562
42055 0.0145528 0.0133018 0.014624 0.0424786
42060 0.0147405 0.0137606 0.0143626 0.0428636
42065 0.015021 0.0141655 0.0140416 0.0432282
42070 0.0153837 0.0144592 0.013659 0.0435019
42075 0.0158197 0.0145974 0.0132255 0.0436427
42080 0.0163239 0.0145558 0.0127667 0.0436464
42085 0.0168937 0.014331 0.0123217 0.0435464
42090 0.0175267 0.0139408 0.0119385 0.043406
42095 0.0182169 0.0134192 0.0116659 0.0433021
42100 0.0189512 0.012812 0.0115443 0.0433074
42105 0.0197068 0.0121705 0.0115968 0.043474
42110 0.0204504 0.0115464 0.0118247 0.0438215
42115 0.02114 0.0109873 0.0122059 0.0443332
42120 0.021728 0.0105332 0.012697 0.0449582
42125 0.0221669 0.010214 0.0132404 0.0456213
42130 0.0224158 0.0100485 0.0137731 0.0462375
42135 0.0224458 0.0100432 0.0142368 0.0467258
42140 0.0222438 0.0101918 0.0145854 0.0470211
42145 0.0218149 0.0104765 0.0147917 0.0470831
42150 0.0211821 0.0108691 0.0148499 0.0469012
42155 0.0203846 0.011334 0.0147761 0.0464947
42160 0.0194738 0.0118318 0.0146046 0.0459102
42165 0.0185078 0.012322 0.0143829 0.0452127
42170 0.0175446 0.0127667 0.0141637 0.044475
42175 0.0166366 0.0131321 0.0139969 0.0437656
42180 0.0158242 0.0133918 0.0139221 0.0431381
42185 0.0151339 0.0135279 0.0139628 0.0426246
42190 0.014577 0.0135331 0.0141232 0.0422333
42195 0.0141518 0.0134117 0.0143882 0.0419516
42200 0.0138471 0.0131795 0.0147255 0.0417521
42205 0.013647 0.012863 0.0150914 0.0416015
42210 0.0135349 0.0124971 0.0154385 0.0414704
42215 0.0134953 0.012122 0.0157235 0.0413408
42220 0.0135152 0.0117793 0.0159156 0.0412101
42225 0.0135824 0.0115074 0.0160004 0.0410902
42230 0.0136837 0.0113374 0.0159821 0.0410032
42235 0.0138046 0.0112888 0.0158795 0.0409728
42240 0.0139291 0.0113666 0.0157212 0.0410169
42245 0.0140417 0.0115602 0.0155386 0.0411405
42250 0.0141305 0.0118434 0.0153596 0.0413335
42255 0.014189 0.0121785 0.0152044 0.0415719
42260 0.0142181 0.0125218 0.0150823 0.0418223
42265 0.0142257 0.0128306 0.0149918 0.0420481
42270 0.014224 0.0130699 0.0149212 0.042215
42275 0.0142263 0.0132179 0.0148508 0.042295
42280 0.0142433 0.0132679 0.0147567 0.0422679
42285 0.0142795 0.0132291 0.0146155 0.0421242
42290 0.0143333 0.0131244 0.0144089 0.0418666
42295 0.0143978 0.0129872 0.0141273 0.0415123
42300 0.0144638 0.0128569 0.0137725 0.0410931
42305 0.0145236 0.0127724 0.013358 0.040654
42310 0.0145737 0.012765 0.0129074 0.0402461
42315 0.0146153 0.0128525 0.0124505 0.0399182
42320 0.0146539 0.0130343 0.0120181 0.0397063
42325 0.0146973 0.0132927 0.0116387 0.0396287
42330 0.0147526 0.0135956 0.0113363 0.0396846
42335 0.0148246 0.0139022 0.0111287 0.0398555
42340 0.0149139 0.0141694 0.011027 0.0401103
42345 0.015017 0.0143587 0.0110355 0.0404112
42350 0.0151266 0.0144412 0.0111513 0.0407191
42355 0.0152328 0.0144009 0.0113643 0.040998
42360 0.0153244 0.0142365 0.0116581 0.0412189
42365 0.0153907 0.0139605 0.0120109 0.0413621
42370 0.0154231 0.0135975 0.0123977 0.0414184
42375 0.015416 0.0131807 0.0127927 0.0413894
42380 0.0153671 0.012747 0.013172 0.0412861
42385 0.0152777 0.0123331 0.013516 0.0411269
42390 0.0151529 0.0119703 0.0138116 0.0409348
42395 0.0150004 0.0116817 0.0140517 0.0407338
42400 0.0148291 0.0114796 0.0142349 0.0405436
42405 0.0146473 0.0113654 0.0143634 0.040376
42410 0.0144612 0.0113296 0.0144417 0.0402325
42415 0.0142743 0.0113545 0.014475 0.0401038
42420 0.0140875 0.0114171 0.0144691 0.0399736
42425 0.0139006 0.011493 0.0144302 0.0398239
42430 0.0137143 0.0115612 0.0143656 0.0396411
42435 0.0135308 0.011607 0.0142841 0.0394218
42440 0.0133546 0.0116251 0.014196 0.0391756
42445 0.0131921 0.0116193 0.0141128 0.0389242
42450 0.0130502 0.011601 0.0140463 0.0386975
42455 0.0129355 0.0115862 0.0140061 0.0385278
42460 0.0128526 0.0115924 0.0139985 0.0384435
42465 0.0128046 0.0116353 0.0140242 0.0384641
42470 0.0127921 0.0117257 0.0140779 0.0385957
42475 0.0128134 0.0118675 0.0141479 0.0388287
42480 0.0128643 0.0120563 0.0142175 0.0391381
42485 0.012938 0.0122803 0.0142672 0.0394855
42490 0.0130259 0.0125214 0.0142767 0.039824
42495 0.0131182 0.0127586 0.0142288 0.0401057
42500 0.0132061 0.0129715 0.0141113 0.0402888
42505 0.0132825 0.0131432 0.013919 0.0403448
42510 0.013344 0.0132629 0.0136552 0.0402621
42515 0.0133914 0.0133261 0.0133308 0.0400483
42520 0.0134305 0.0133345 0.0129644 0.0397293
42525 0.0134719 0.0132942 0.0125808 0.0393469
42530 0.0135302 0.0132141 0.0122095 0.0389538
42535 0.0136216 0.0131042 0.0118814 0.0386072
42540 0.0137614 0.0129741 0.0116242 0.0383597
42545 0.0139605 0.0128316 0.011458 0.03825
42550 0.0142233 0.0126821 0.0113907 0.0382961
42555 0.0145459 0.0125283 0.0114166 0.0384909
42560 0.0149169 0.01237 0.011517 0.0388039
42565 0.0153183 0.0122047 0.0116629 0.039186
42570 0.0157285 0.0120287 0.0118207 0.039578
42575 0.0161247 0.0118378 0.0119582 0.0399207
42580 0.0164852 0.011629 0.0120512 0.0401654
42585 0.0167918 0.0114018 0.0120884 0.040282
42590 0.0170316 0.0111593 0.012074 0.0402649
42595 0.0171982 0.0109091 0.0120267 0.040134
42600 0.0172926 0.0106632 0.0119765 0.0399324
42605 0.0173239 0.0104391 0.0119582 0.0397212
42610 0.0173078 0.0102583 0.0120051 0.0395713
42615 0.0172649 0.0101454 0.0121416 0.0395519
42620 0.0172168 0.0101242 0.0123789 0.0397198
42625 0.0171834 0.0102143 0.0127118 0.0401095
42630 0.0171795 0.0104277 0.0131197 0.0407269
42635 0.0172127 0.0107656 0.0135684 0.0415467
42640 0.0172823 0.0112163 0.0140149 0.0425135
42645 0.0173793 0.0117541 0.0144134 0.0435468
42650 0.0174873 0.0123402 0.0147218 0.0445493
42655 0.0175852 0.0129254 0.0149082 0.0454187
42660 0.0176495 0.0134549 0.0149554 0.0460598
42665 0.017659 0.0138755 0.0148634 0.046398
42670 0.0175987 0.0141427 0.0146484 0.0463898
42675 0.0174634 0.0142267 0.01434 0.04603
42680 0.0172597 0.0141173 0.0139768 0.0453537
42685 0.0170056 0.0138249 0.013601 0.0444314
42690 0.0167284 0.013379 0.0132528 0.0433602
42695 0.0164602 0.0128242 0.0129665 0.0422509
42700 0.0162331 0.0122146 0.012767 0.0412146
42705 0.0160735 0.0116071 0.0126677 0.0403483
42710 0.0159982 0.0110554 0.0126704 0.0397241
42715 0.0160113 0.0106045 0.0127658 0.0393817
42720 0.0161039 0.0102868 0.0129351 0.0393258
42725 0.0162553 0.0101202 0.0131528 0.0395282
42730 0.0164375 0.0101078 0.0133898 0.039935
42735 0.01662 0.0102396 0.0136165 0.0404761
42740 0.0167753 0.0104957 0.0138055 0.0410765
42745 0.0168828 0.0108493 0.013935 0.0416672
42750 0.0169317 0.011271 0.0139911 0.0421938
42755 0.0169211 0.0117313 0.0139692 0.0426216
42760 0.0168591 0.0122038 0.0138752 0.0429381
42765 0.0167601 0.0126671 0.0137237 0.0431509
42770 0.0166418 0.013106 0.013536 0.0432838
42775 0.0165222 0.0135117 0.013337 0.0433709
42780 0.0164177 0.0138814 0.0131513 0.0434504
42785 0.0163411 0.0142173 0.0130001 0.0435584
42790 0.0163008 0.0145232 0.0128993 0.0437232
42795 0.0163006 0.0148023 0.012858 0.0439609
42800 0.01634 0.0150546 0.0128788 0.0442734
42805 0.0164152 0.0152755 0.0129578 0.0446486
42810 0.0165207 0.0154557 0.013086 0.0450624
42815 0.0166508 0.0155816 0.0132503 0.0454827
42820 0.016801 0.0156374 0.0134344 0.0458727
42825 0.0169684 0.0156072 0.0136195 0.0461952
42830 0.0171524 0.0154786 0.0137856 0.0464166
42835 0.0173534 0.0152456 0.0139128 0.0465118
42840 0.0175721 0.0149117 0.0139836 0.0464674
42845 0.0178078 0.014491 0.0139853 0.0462841
42850 0.0180565 0.0140088 0.0139115 0.0459769
42855 0.0183099 0.0135002 0.0137639 0.0455741
42860 0.0185541 0.013007 0.0135516 0.0451127
42865 0.0187699 0.0125732 0.0132909 0.0446339
42870 0.0189338 0.0122394 0.0130037 0.0441769
42875 0.0190196 0.0120375 0.0127166 0.0437737
42880 0.0190011 0.0119857 0.0124575 0.0434443
42885 0.0188549 0.0120855 0.0122533 0.0431937
42890 0.0185642 0.012321 0.0121264 0.0430116
42895 0.0181215 0.0126616 0.0120919 0.0428751
42900 0.0175312 0.0130661 0.0121556 0.0427528
42905 0.0168105 0.013489 0.0123129 0.0426124
42910 0.0159897 0.0138882 0.01255 0.0424279
42915 0.0151112 0.014231 0.0128455 0.0421878
42920 0.0142268 0.0145 0.0131737 0.0419005
42925 0.0133923 0.0146941 0.0135081 0.0415946
42930 0.0126621 0.0148268 0.0138252 0.0413141
42935 0.0120812 0.0149202 0.0141073 0.0411087
42940 0.0116803 0.0149973 0.0143444 0.041022
42945 0.0114719 0.015075 0.0145354 0.0410822
42950 0.0114501 0.0151591 0.0146884 0.0412976
42955 0.011593 0.0152427 0.0148204 0.0416561
42960 0.0118666 0.0153072 0.0149553 0.0421291
42965 0.01223 0.015327 0.0151207 0.0426777
42970 0.012639 0.0152739 0.0153441 0.043257
42975 0.0130512 0.0151231 0.0156467 0.043821
42980 0.013429 0.0148575 0.0160387 0.0443252
42985 0.0137441 0.0144707 0.0165147 0.0447295
42990 0.0139804 0.0139685 0.0170522 0.0450012
42995 0.0141366 0.0133683 0.017613 0.0451179
43000 0.0142273 0.0126976 0.0181473 0.0450722
43005 0.0142807 0.0119915 0.0186012 0.0448735
43010 0.0143342 0.0112899 0.0189247 0.0445489
43015 0.0144277 0.0106349 0.0190791 0.0441416
43020 0.0145967 0.0100671 0.0190419 0.0437056
43025 0.0148666 0.00962291 0.0188102 0.0432997
43030 0.0152498 0.00933108 0.0184011 0.042982
43035 0.0157446 0.00920915 0.017849 0.0428027
43040 0.0163363 0.00926017 0.0172009 0.0427973
43045 0.0169985 0.00947052 0.0165098 0.0429788
43050 0.0176963 0.00980976 0.0158278 0.0433339
43055 0.0183903 0.0102329 0.0151987 0.0438219
43060 0.0190385 0.0106853 0.0146527 0.0443766
43065 0.0195998 0.0111088 0.0142035 0.0449121
43070 0.0200371 0.0114489 0.0138481 0.0453341
43075 0.0203212 0.0116616 0.0135696 0.0455524
43080 0.0204349 0.0117186 0.013342 0.0454955
43085 0.0203742 0.0116118 0.0131355 0.0451215
43090 0.0201493 0.011353 0.012923 0.0444252
43095 0.0197827 0.0109722 0.0126847 0.0434396
43100 0.0193059 0.0105124 0.0124126 0.0422309
43105 0.0187552 0.0100231 0.0121113 0.0408895
43110 0.0181669 0.00955303 0.0117979 0.0395178
43115 0.0175741 0.00914444 0.0114987 0.0382172
43120 0.0170041 0.00882903 0.0112444 0.0370775
43125 0.016478 0.00862635 0.0110639 0.0361683
43130 0.0160109 0.00854413 0.0109789 0.0355339
43135 0.0156133 0.00858026 0.010999 0.0351926
43140 0.0152919 0.00872537 0.0111204 0.0351376
43145 0.0150501 0.00896553 0.0113269 0.0353425
43150 0.0148884 0.00928465 0.0115941 0.0357672
43155 0.0148048 0.0096664 0.0118948 0.036366
43160 0.0147943 0.0100952 0.0122034 0.037093
43165 0.0148497 0.0105565 0.0124994 0.0379055
43170 0.014961 0.0110367 0.012768 0.0387657
43175 0.0151165 0.0115228 0.0130001 0.0396394
43180 0.0153041 0.0120017 0.0131901 0.0404959
43185 0.0155127 0.01246 0.0133356 0.0413082
43190 0.0157337 0.0128852 0.0134359 0.0420548
43195 0.0159618 0.0132662 0.0134928 0.0427207
43200 0.0161936 0.0135939 0.0135098 0.0432974
43205 0.0164258 0.0138618 0.0134924 0.0437801
43210 0.016652 0.0140651 0.0134475 0.0441645
43215 0.0168603 0.0142005 0.0133827 0.0444435
43220 0.017033 0.0142668 0.0133062 0.044606
43225 0.0171479 0.014265 0.0132253 0.0446382
43230 0.0171818 0.0141998 0.0131458 0.0445274
43235 0.0171154 0.0140805 0.0130709 0.0442669
43240 0.0169385 0.0139218 0.0130004 0.0438606
43245 0.0166531 0.0137425 0.0129302 0.0433258
43250 0.0162758 0.0135643 0.012853 0.042693
43255 0.0158356 0.0134086 0.0127593 0.0420035
43260 0.0153709 0.0132949 0.0126398 0.0413056
43265 0.0149245 0.0132376 0.0124873 0.0406494
43270 0.0145377 0.0132455 0.0122996 0.0400827
43275 0.0142449 0.0133207 0.0120809 0.0396466
43280 0.0140697 0.0134592 0.0118424 0.0393713
43285 0.0140213 0.0136517 0.011602 0.0392749
43290 0.0140946 0.013884 0.0113827 0.0393612
43295 0.0142706 0.0141387 0.0112107 0.0396199
43300 0.014519 0.014396 0.0111121 0.0400271
43305 0.0148013 0.0146354 0.0111096 0.0405463
43310 0.0150748 0.0148373 0.0112188 0.0411309
43315 0.0152969 0.0149847 0.0114454 0.0417271
43320 0.0154297 0.0150654 0.0117838 0.0422789
43325 0.0154448 0.0150725 0.012216 0.0427332
43330 0.0153277 0.0150049 0.0127138 0.0430464
43335 0.0150798 0.0148666 0.0132415 0.0431879
43340 0.0147193 0.0146644 0.0137596 0.0431433
43345 0.0142792 0.0144064 0.0142295 0.0429151
43350 0.0138048 0.0141003 0.0146177 0.0425228
43355 0.0133473 0.0137529 0.0149004 0.0420005
43360 0.0129581 0.0133702 0.0150659 0.0413942
43365 0.0126819 0.012958 0.0151159 0.0407558
43370 0.0125508 0.0125227 0.0150646 0.0401381
43375 0.0125803 0.0120724 0.0149354 0.0395881
43380 0.0127677 0.0116175 0.0147575 0.0391427
43385 0.0130933 0.0111714 0.0145595 0.0388243
43390 0.0135242 0.0107504 0.0143654 0.03864
43395 0.0140195 0.0103725 0.0141899 0.0385819
43400 0.0145359 0.010056 0.0140375 0.0386294
43405 0.0150334 0.0098172 0.0139028 0.0387534
43410 0.0154786 0.00966838 0.0137732 0.0389202
43415 0.0158468 0.00961652 0.0136335 0.0390968
43420 0.0161225 0.00966314 0.01347 0.0392557
43425 0.0162991 0.00980522 0.0132747 0.0393791
43430 0.0163775 0.0100365 0.013047 0.0394609
43435 0.0163657 0.0103486 0.0127933 0.0395076
43440 0.0162786 0.0107316 0.0125255 0.0395357
43445 0.0161368 0.0111736 0.0122578 0.0395682
43450 0.015965 0.0116603 0.0120044 0.0396296
43455 0.0157897 0.0121743 0.0117766 0.0397406
43460 0.015636 0.0126948 0.0115826 0.0399134
43465 0.0155245 0.013199 0.0114271 0.0401506
43470 0.0154688 0.0136631 0.0113122 0.0404441
43475 0.015474 0.0140653 0.0112381 0.0407774
43480 0.0155372 0.0143875 0.0112032 0.0411279
43485 0.0156486 0.0146175 0.0112032 0.0414693
43490 0.0157937 0.0147497 0.0112308 0.0417742
43495 0.015956 0.014785 0.0112743 0.0420154
43500 0.0161198 0.0147305 0.0113192 0.0421695
43505 0.0162722 0.0145978 0.0113495 0.0422195
43510 0.0164057 0.014402 0.0113517 0.0421593
43515 0.0165191 0.0141597 0.0113181 0.0419969
43520 0.0166184 0.013888 0.0112495 0.0417559
43525 0.0167146 0.0136023 0.0111564 0.0414733
43530 0.0168209 0.013316 0.0110582 0.0411951
43535 0.0169487 0.0130396 0.0109801 0.0409685
43540 0.0171043 0.0127808 0.0109495 0.0408347
43545 0.0172859 0.0125451 0.0109918 0.0408228
43550 0.0174831 0.0123358 0.0111267 0.0409456
43555 0.0176785 0.0121546 0.0113655 0.0411986
43560 0.0178498 0.012001 0.0117099 0.0415607
43565 0.017974 0.0118719 0.0121515 0.0419974
43570 0.0180311 0.0117622 0.0126729 0.0424662
43575 0.0180076 0.0116653 0.0132495 0.0429224
43580 0.0178984 0.0115755 0.0138509 0.0433248
43585 0.0177074 0.0114893 0.0144437 0.0436404
43590 0.0174458 0.0114068 0.0149935 0.043846
43595 0.0171295 0.0113318 0.015468 0.0439293
43600 0.0167756 0.011271 0.0158408 0.0438873
43605 0.0163983 0.0112324 0.016095 0.0437257
43610 0.0160071 0.0112241 0.0162263 0.0434574
43615 0.0156058 0.0112522 0.0162442 0.0431022
43620 0.0151931 0.0113204 0.0161715 0.042685
43625 0.0147646 0.0114297 0.0160402 0.0422346
43630 0.0143152 0.011579 0.0158865 0.0417807
43635 0.0138413 0.0117663 0.0157435 0.0413511
43640 0.0133431 0.0119905 0.0156354 0.040969
43645 0.0128264 0.0122513 0.0155737 0.0406514
43650 0.0123036 0.0125487 0.0155553 0.0404076
43655 0.0117948 0.0128799 0.0155644 0.0402391
43660 0.0113266 0.0132366 0.0155766 0.0401398
43665 0.0109311 0.0136012 0.0155642 0.0400966
43670 0.0106422 0.0139463 0.0155022 0.0400906
43675 0.0104914 0.0142352 0.0153728 0.0400994
43680 0.010504 0.0144277 0.0151677 0.0400994
43685 0.0106943 0.0144864 0.0148893 0.0400699
43690 0.011063 0.0143848 0.0145491 0.0399969
43695 0.0115967 0.0141135 0.0141655 0.0398756
43700 0.0122676 0.0136837 0.0137603 0.0397117
43705 0.0130369 0.0131263 0.0133562 0.0395193
43710 0.0138578 0.0124873 0.0129739 0.039319
43715 0.0146805 0.0118221 0.0126311 0.0391336
43720 0.0154561 0.0111876 0.0123409 0.0389846
43725 0.016141 0.0106357 0.0121117 0.0388883
43730 0.0167 0.0102067 0.0119473 0.0388539
43735 0.0171088 0.00992639 0.0118471 0.0388823
43740 0.0173553 0.0098039 0.0118069 0.038966
43745 0.0174398 0.00983207 0.0118193 0.0390912
43750 0.0173745 0.00998945 0.0118748 0.0392388
43755 0.0171815 0.0102437 0.0119621 0.0393873
43760 0.0168905 0.0105555 0.0120691 0.0395151
43765 0.0165353 0.0108836 0.0121837 0.0396025
43770 0.0161512 0.011189 0.0122943 0.0396345
43775 0.0157719 0.0114395 0.012392 0.0396034
43780 0.0154274 0.0116135 0.0124713 0.0395122
43785 0.0151424 0.0117008 0.0125328 0.039376
43790 0.0149348 0.011703 0.0125834 0.0392211
43795 0.0148151 0.0116311 0.0126353 0.0390815
43800 0.0147858 0.0115019 0.0127045 0.0389921
43805 0.0148418 0.0113337 0.012807 0.0389826
43810 0.0149718 0.0111432 0.0129564 0.0390714
43815 0.0151598 0.0109431 0.0131612 0.0392642
43820 0.0153879 0.0107429 0.0134236 0.0395544
43825 0.0156383 0.0105497 0.0137387 0.0399267
43830 0.0158957 0.0103709 0.0140939 0.0403605
43835 0.016148 0.0102151 0.014469 0.0408322
43840 0.0163863 0.0100924 0.0148383 0.041317
43845 0.0166045 0.0100135 0.0151723 0.0417902
43850 0.0167983 0.00998771 0.0154414 0.0422274
43855 0.0169645 0.0100211 0.0156191 0.0426047
43860 0.0170993 0.0101141 0.0156856 0.042899
43865 0.017198 0.0102607 0.0156297 0.0430884
43870 0.0172543 0.0104481 0.0154502 0.0431527
43875 0.0172612 0.0106574 0.0151553 0.0430738
43880 0.0172116 0.0108647 0.0147609 0.0428373
43885 0.017101 0.011044 0.0142882 0.0424332
43890 0.0169293 0.0111699 0.0137605 0.0418597
43895 0.0167034 0.0112211 0.0132014 0.0411258
43900 0.0164373 0.011184 0.0126336 0.0402549
43905 0.0161523 0.0110552 0.0120783 0.0392858
43910 0.0158742 0.0108421 0.0115556 0.038272
43915 0.0156303 0.0105629 0.0110837 0.037277
43920 0.0154456 0.010244 0.0106787 0.0363683
43925 0.0153395 0.00991663 0.0103532 0.0356093
43930 0.0153233 0.0096131 0.0101157 0.0350522
43935 0.0153989 0.00936261 0.00996964 0.0347311
43940 0.015558 0.00918751 0.0099127 0.0346582
43945 0.0157833 0.00910043 0.00993773 0.0348214
43950 0.0160503 0.00910266 0.0100336 0.0351866
43955 0.01633 0.00918437 0.0101872 0.0357016
43960 0.0165922 0.00932665 0.0103854 0.0363043
43965 0.0168088 0.00950505 0.0106164 0.0369303
43970 0.0169566 0.00969377 0.0108705 0.0375209
43975 0.0170195 0.00986985 0.0111402 0.0380295
43980 0.0169897 0.0100165 0.011419 0.0384252
43985 0.0168685 0.010125 0.0117012 0.0386947
43990 0.016666 0.0101949 0.0119805 0.0388414
43995 0.0163996 0.0102332 0.0122505 0.0388832
44000 0.0160922 0.0102528 0.0125045 0.0388495
