No.1000: 1.40, 1.64, 0.88, 1.78, 0.97, 1.51, 8.94, 4.47, 1.72, 2.27, 0.00693042320531637
No.1001: 1.40, 1.64, 0.88, 1.78, 0.97, 1.51, 8.94, 4.47, 1.72, 2.27, 0.00693042320531637
No.1002: 1.40, 1.64, 0.88, 1.78, 0.97, 1.51, 8.94, 4.47, 1.72, 2.27, 0.00693042320531637
No.1003: 1.40, 1.64, 0.88, 1.78, 0.97, 1.51, 8.94, 4.47, 1.72, 2.27, 0.00693042320531637
No.1004: 1.40, 1.64, 0.88, 1.78, 0.97, 1.51, 8.94, 4.47, 1.72, 2.27, 0.00693042320531637
No.1005: 1.40, 1.64, 0.88, 1.78, 0.97, 1.51, 8.94, 4.47, 1.72, 2.27, 0.00693042320531637
No.1006: 1.40, 1.64, 0.88, 1.78, 0.97, 1.51, 8.94, 4.47, 1.72, 2.27, 0.00693042320531637
No.1007: 1.40, 1.64, 0.88, 1.78, 0.97, 1.51, 8.94, 4.47, 1.72, 2.27, 0.00693042320531637
No.1008: 1.40, 1.64, 0.88, 1.78, 0.97, 1.51, 8.94, 4.47, 1.72, 2.27, 0.00693042320531637
No.1009: 1.40, 1.64, 0.88, 1.78, 0.97, 1.51, 8.94, 4.47, 1.72, 2.27, 0.00693042320531637
No.1010: 1.40, 1.64, 0.88, 1.78, 0.97, 1.51, 8.94, 4.47, 1.72, 2.27, 0.00693042320531637
No.1011: 1.40, 1.64, 0.88, 1.78, 0.97, 1.51, 8.94, 4.47, 1.72, 2.27, 0.00693042320531637
No.1012: 1.40, 1.64, 0.88, 1.78, 0.97, 1.51, 8.94, 4.47, 1.72, 2.27, 0.00693042320531637
No.1013: 1.40, 1.64, 0.88, 1.78, 0.97, 1.51, 8.94, 4.47, 1.72, 2.27, 0.00693042320531637
No.1014: 1.40, 1.64, 0.88, 1.78, 0.97, 1.51, 8.94, 4.47, 1.72, 2.27, 0.00693042320531637
No.1015: 1.40, 1.64, 0.88, 1.78, 0.97, 1.51, 8.94, 4.47, 1.72, 2.27, 0.00693042320531637
No.1016: 1.40, 1.64, 0.88, 1.78, 0.97, 1.51, 8.94, 4.47, 1.72, 2.27, 0.00693042320531637
No.1017: 1.40, 1.64, 0.88, 1.78, 0.97, 1.51, 8.94, 4.47, 1.72, 2.27, 0.00693042320531637
No.1018: 1.40, 1.64, 0.88, 1.78, 0.97, 1.51, 8.94, 4.47, 1.72, 2.27, 0.00693042320531637
No.1019: 1.40, 1.64, 0.88, 1.78, 0.97, 1.51, 8.94, 4.47, 1.72, 2.27, 0.00693042320531637
No.1020: 1.40, 1.64, 0.88, 1.78, 0.97, 1.51, 8.94, 4.47, 1.72, 2.27, 0.00693042320531637
No.1021: 1.40, 1.64, 0.88, 1.78, 0.97, 1.51, 8.94, 4.47, 1.72, 2.27, 0.00693042320531637
No.1022: 1.40, 1.64, 0.88, 1.78, 0.97, 1.51, 8.94, 4.47, 1.72, 2.27, 0.00693042320531637
No.1023: 1.40, 1.64, 0.88, 1.78, 0.97, 1.51, 8.94, 4.47, 1.72, 2.27, 0.00693042320531637
No.1024: 1.40, 1.64, 0.88, 1.78, 0.97, 1.51, 8.94, 4.47, 1.72, 2.27, 0.00693042320531637
No.1025: 1.40, 1.64, 0.88, 1.78, 0.97, 1.51, 8.94, 4.47, 1.72, 2.27, 0.00693042320531637
No.1026: 1.40, 1.64, 0.88, 1.78, 0.97, 1.51, 8.94, 4.47, 1.72, 2.27, 0.00693042320531637
No.1027: 1.40, 1.64, 0.88, 1.78, 0.97, 1.51, 8.94, 4.47, 1.72, 2.27, 0.00693042320531637
No.1028: 1.40, 1.64, 0.88, 1.78, 0.97, 1.51, 8.94, 4.47, 1.72, 2.27, 0.00693042320531637
No.1029: 1.40, 1.64, 0.88, 1.78, 0.97, 1.51, 8.94, 4.47, 1.72, 2.27, 0.00693042320531637
No.1030: 1.40, 1.64, 0.88, 1.78, 0.97, 1.51, 8.94, 4.47, 1.72, 2.27, 0.00693042320531637
No.1031: 1.40, 1.64, 0.88, 1.78, 0.97, 1.51, 8.94, 4.47, 1.72, 2.27, 0.00693042320531637
No.1032: 1.40, 1.64, 0.88, 1.78, 0.97, 1.51, 8.94, 4.47, 1.72, 2.27, 0.00693042320531637
No.1033: 1.40, 1.64, 0.88, 1.78, 0.97, 1.51, 8.94, 4.47, 1.72, 2.27, 0.00693042320531637
No.1034: 1.40, 1.64, 0.88, 1.78, 0.97, 1.51, 8.94, 4.47, 1.72, 2.27, 0.00693042320531637
No.1035: 1.40, 1.64, 0.88, 1.78, 0.97, 1.51, 8.94, 4.47, 1.72, 2.27, 0.00693042320531637
No.1036: 1.40, 1.64, 0.88, 1.78, 0.97, 1.51, 8.94, 4.47, 1.72, 2.27, 0.00693042320531637
No.1037: 1.40, 1.64, 0.88, 1.78, 0.97, 1.51, 8.94, 4.47, 1.72, 2.27, 0.00693042320531637
No.1038: 1.40, 1.64, 0.88, 1.78, 0.97, 1.51, 8.94, 4.47, 1.72, 2.27, 0.00693042320531637
No.1039: 1.40, 1.64, 0.88, 1.78, 0.97, 1.51, 8.94, 4.47, 1.72, 2.27, 0.00693042320531637
No.1040: 1.40, 1.64, 0.88, 1.78, 0.97, 1.51, 8.94, 4.47, 1.72, 2.27, 0.00693042320531637
No.1041: 1.40, 1.64, 0.88, 1.78, 0.97, 1.51, 8.94, 4.47, 1.72, 2.27, 0.00693042320531637
No.1042: 1.40, 1.64, 0.88, 1.78, 0.97, 1.51, 8.94, 4.47, 1.72, 2.27, 0.00693042320531637
No.1043: 1.40, 1.64, 0.88, 1.78, 0.97, 1.51, 8.94, 4.47, 1.72, 2.27, 0.00693042320531637
No.1044: 1.40, 1.64, 0.88, 1.78, 0.97, 1.51, 8.94, 4.47, 1.72, 2.27, 0.00693042320531637
No.1045: 1.40, 1.64, 0.88, 1.78, 0.97, 1.51, 8.94, 4.47, 1.72, 2.27, 0.00693042320531637
No.1046: 1.40, 1.64, 0.88, 1.78, 0.97, 1.51, 8.94, 4.47, 1.72, 2.27, 0.00693042320531637
No.1047: 1.40, 1.64, 0.88, 1.78, 0.97, 1.51, 8.94, 4.47, 1.72, 2.27, 0.00693042320531637
No.1048: 1.40, 1.64, 0.88, 1.78, 0.97, 1.51, 8.94, 4.47, 1.72, 2.27, 0.00693042320531637
No.1049: 1.40, 1.64, 0.88, 1.78, 0.97, 1.51, 8.94, 4.47, 1.72, 2.27, 0.00693042320531637
No.1050: 1.40, 1.64, 0.88, 1.78, 0.97, 1.51, 8.94, 4.47, 1.72, 2.27, 0.00693042320531637
No.1051: 1.40, 1.64, 0.88, 1.78, 0.97, 1.51, 8.94, 4.47, 1.72, 2.27, 0.00693042320531637
No.1052: 1.40, 1.64, 0.88, 1.78, 0.97, 1.51, 8.94, 4.47, 1.72, 2.27, 0.00693042320531637
No.1053: 1.40, 1.64, 0.88, 1.78, 0.97, 1.51, 8.94, 4.47, 1.72, 2.27, 0.00693042320531637
No.1054: 1.40, 1.64, 0.88, 1.78, 0.97, 1.51, 8.94, 4.47, 1.72, 2.27, 0.00693042320531637
No.1055: 1.40, 1.64, 0.88, 1.78, 0.97, 1.51, 8.94, 4.47, 1.72, 2.27, 0.00693042320531637
No.1056: 1.40, 1.64, 0.88, 1.78, 0.97, 1.51, 8.94, 4.47, 1.72, 2.27, 0.00693042320531637
No.1057: 1.40, 1.64, 0.88, 1.78, 0.97, 1.51, 8.94, 4.47, 1.72, 2.27, 0.00693042320531637
No.1058: 1.40, 1.64, 0.88, 1.78, 0.97, 1.51, 8.94, 4.47, 1.72, 2.27, 0.00693042320531637
No.1059: 1.40, 1.64, 0.88, 1.78, 0.97, 1.51, 8.94, 4.47, 1.72, 2.27, 0.00693042320531637
No.1060: 1.40, 1.64, 0.88, 1.78, 0.97, 1.51, 8.94, 4.47, 1.72, 2.27, 0.00693042320531637
No.1061: 1.40, 1.64, 0.88, 1.78, 0.97, 1.51, 8.94, 4.47, 1.72, 2.27, 0.00693042320531637
No.1062: 1.40, 1.64, 0.88, 1.78, 0.97, 1.51, 8.94, 4.47, 1.72, 2.27, 0.00693042320531637
No.1063: 1.40, 1.64, 0.88, 1.78, 0.97, 1.51, 8.94, 4.47, 1.72, 2.27, 0.00693042320531637
No.1064: 1.40, 1.64, 0.88, 1.78, 0.97, 1.51, 8.94, 4.47, 1.72, 2.27, 0.00693042320531637
No.1065: 1.40, 1.64, 0.88, 1.78, 0.97, 1.51, 8.94, 4.47, 1.72, 2.27, 0.00693042320531637
No.1066: 1.40, 1.64, 0.88, 1.78, 0.97, 1.51, 8.94, 4.47, 1.72, 2.27, 0.00693042320531637
No.1067: 1.40, 1.64, 0.88, 1.78, 0.97, 1.51, 8.94, 4.47, 1.72, 2.27, 0.00693042320531637
No.1068: 1.40, 1.64, 0.88, 1.78, 0.97, 1.51, 8.94, 4.47, 1.72, 2.27, 0.00693042320531637
No.1069: 1.40, 1.64, 0.88, 1.78, 0.97, 1.51, 8.94, 4.47, 1.72, 2.27, 0.00693042320531637
No.1070: 1.40, 1.64, 0.88, 1.78, 0.97, 1.51, 8.94, 4.47, 1.72, 2.27, 0.00693042320531637
No.1071: 1.40, 1.64, 0.88, 1.78, 0.97, 1.51, 8.94, 4.47, 1.72, 2.27, 0.00693042320531637
No.1072: 1.40, 1.64, 0.88, 1.78, 0.97, 1.51, 8.94, 4.47, 1.72, 2.27, 0.00693042320531637
No.1073: 1.40, 1.64, 0.88, 1.78, 0.97, 1.51, 8.94, 4.47, 1.72, 2.27, 0.00693042320531637
No.1074: 1.40, 1.64, 0.88, 1.78, 0.97, 1.51, 8.94, 4.47, 1.72, 2.27, 0.00693042320531637
No.1075: 1.40, 1.64, 0.88, 1.78, 0.97, 1.51, 8.94, 4.47, 1.72, 2.27, 0.00693042320531637
No.1076: 1.40, 1.64, 0.88, 1.78, 0.97, 1.51, 8.94, 4.47, 1.72, 2.27, 0.00693042320531637
No.1077: 1.40, 1.64, 0.88, 1.78, 0.97, 1.51, 8.94, 4.47, 1.72, 2.27, 0.00693042320531637
No.1078: 1.40, 1.64, 0.88, 1.78, 0.97, 1.51, 8.94, 4.47, 1.72, 2.27, 0.00693042320531637
No.1079: 1.40, 1.64, 0.88, 1.78, 0.97, 1.51, 8.94, 4.47, 1.72, 2.27, 0.00693042320531637
No.1080: 1.40, 1.64, 0.88, 1.78, 0.97, 1.51, 8.94, 4.47, 1.72, 2.27, 0.00693042320531637
No.1081: 1.40, 1.64, 0.88, 1.78, 0.97, 1.51, 8.94, 4.47, 1.72, 2.27, 0.00693042320531637
No.1082: 1.40, 1.64, 0.88, 1.78, 0.97, 1.51, 8.94, 4.47, 1.72, 2.27, 0.00693042320531637
No.1083: 1.40, 1.64, 0.88, 1.78, 0.97, 1.51, 8.94, 4.47, 1.72, 2.27, 0.00693042320531637
No.1084: 1.40, 1.64, 0.88, 1.78, 0.97, 1.51, 8.94, 4.47, 1.72, 2.27, 0.00693042320531637
No.1085: 1.40, 1.64, 0.88, 1.78, 0.97, 1.51, 8.94, 4.47, 1.72, 2.27, 0.00693042320531637
No.1086: 1.40, 1.64, 0.88, 1.78, 0.97, 1.51, 8.94, 4.47, 1.72, 2.27, 0.00693042320531637
No.1087: 1.40, 1.64, 0.88, 1.78, 0.97, 1.51, 8.94, 4.47, 1.72, 2.27, 0.00693042320531637
No.1088: 1.40, 1.64, 0.88, 1.78, 0.97, 1.51, 8.94, 4.47, 1.72, 2.27, 0.00693042320531637
No.1089: 1.40, 1.64, 0.88, 1.78, 0.97, 1.51, 8.94, 4.47, 1.72, 2.27, 0.00693042320531637
No.1090: 1.40, 1.64, 0.88, 1.78, 0.97, 1.51, 8.94, 4.47, 1.72, 2.27, 0.00693042320531637
No.1091: 1.40, 1.64, 0.88, 1.78, 0.97, 1.51, 8.94, 4.47, 1.72, 2.27, 0.00693042320531637
No.1092: 1.40, 1.64, 0.88, 1.78, 0.97, 1.51, 8.94, 4.47, 1.72, 2.27, 0.00693042320531637
No.1093: 1.40, 1.64, 0.88, 1.78, 0.97, 1.51, 8.94, 4.47, 1.72, 2.27, 0.00693042320531637
No.1094: 1.40, 1.64, 0.88, 1.78, 0.97, 1.51, 8.94, 4.47, 1.72, 2.27, 0.00693042320531637
No.603: 1.40, 1.64, 0.88, 1.78, 0.97, 1.51, 8.94, 4.47, 1.72, 2.27, 0.00693042320531637
No.604: 1.40, 1.64, 0.88, 1.78, 0.97, 1.51, 8.94, 4.47, 1.72, 2.27, 0.00693042320531637
No.657: 1.40, 1.64, 0.88, 1.78, 0.97, 1.51, 8.94, 4.47, 1.72, 2.27, 0.00693042320531637
No.659: 1.40, 1.64, 0.88, 1.78, 0.97, 1.51, 8.94, 4.47, 1.72, 2.27, 0.00693042320531637
No.667: 1.40, 1.64, 0.88, 1.78, 0.97, 1.51, 8.94, 4.47, 1.72, 2.27, 0.00693042320531637
No.670: 1.40, 1.64, 0.88, 1.78, 0.97, 1.51, 8.94, 4.47, 1.72, 2.27, 0.00693042320531637
No.671: 1.40, 1.64, 0.88, 1.78, 0.97, 1.51, 8.94, 4.47, 1.72, 2.27, 0.00693042320531637
No.672: 1.40, 1.64, 0.88, 1.78, 0.97, 1.51, 8.94, 4.47, 1.72, 2.27, 0.00693042320531637
No.679: 1.40, 1.64, 0.88, 1.78, 0.97, 1.51, 8.94, 4.47, 1.72, 2.27, 0.00693042320531637
No.680: 1.40, 1.64, 0.88, 1.78, 0.97, 1.51, 8.94, 4.47, 1.72, 2.27, 0.00693042320531637
No.681: 1.40, 1.64, 0.88, 1.78, 0.97, 1.51, 8.94, 4.47, 1.72, 2.27, 0.00693042320531637
No.682: 1.40, 1.64, 0.88, 1.78, 0.97, 1.51, 8.94, 4.47, 1.72, 2.27, 0.00693042320531637
No.683: 1.40, 1.64, 0.88, 1.78, 0.97, 1.51, 8.94, 4.47, 1.72, 2.27, 0.00693042320531637
No.684: 1.40, 1.64, 0.88, 1.78, 0.97, 1.51, 8.94, 4.47, 1.72, 2.27, 0.00693042320531637
No.685: 1.40, 1.64, 0.88, 1.78, 0.97, 1.51, 8.94, 4.47, 1.72, 2.27, 0.00693042320531637
No.686: 1.40, 1.64, 0.88, 1.78, 0.97, 1.51, 8.94, 4.47, 1.72, 2.27, 0.00693042320531637
No.687: 1.40, 1.64, 0.88, 1.78, 0.97, 1.51, 8.94, 4.47, 1.72, 2.27, 0.00693042320531637
No.688: 1.40, 1.64, 0.88, 1.78, 0.97, 1.51, 8.94, 4.47, 1.72, 2.27, 0.00693042320531637
No.689: 1.40, 1.64, 0.88, 1.78, 0.97, 1.51, 8.94, 4.47, 1.72, 2.27, 0.00693042320531637
No.690: 1.40, 1.64, 0.88, 1.78, 0.97, 1.51, 8.94, 4.47, 1.72, 2.27, 0.00693042320531637
No.691: 1.40, 1.64, 0.88, 1.78, 0.97, 1.51, 8.94, 4.47, 1.72, 2.27, 0.00693042320531637
No.692: 1.40, 1.64, 0.88, 1.78, 0.97, 1.51, 8.94, 4.47, 1.72, 2.27, 0.00693042320531637
No.693: 1.40, 1.64, 0.88, 1.78, 0.97, 1.51, 8.94, 4.47, 1.72, 2.27, 0.00693042320531637
No.694: 1.40, 1.64, 0.88, 1.78, 0.97, 1.51, 8.94, 4.47, 1.72, 2.27, 0.00693042320531637
No.695: 1.40, 1.64, 0.88, 1.78, 0.97, 1.51, 8.94, 4.47, 1.72, 2.27, 0.00693042320531637
No.696: 1.40, 1.64, 0.88, 1.78, 0.97, 1.51, 8.94, 4.47, 1.72, 2.27, 0.00693042320531637
No.697: 1.40, 1.64, 0.88, 1.78, 0.97, 1.51, 8.94, 4.47, 1.72, 2.27, 0.00693042320531637
No.698: 1.40, 1.64, 0.88, 1.78, 0.97, 1.51, 8.94, 4.47, 1.72, 2.27, 0.00693042320531637
No.699: 1.40, 1.64, 0.88, 1.78, 0.97, 1.51, 8.94, 4.47, 1.72, 2.27, 0.00693042320531637
No.700: 1.40, 1.64, 0.88, 1.78, 0.97, 1.51, 8.94, 4.47, 1.72, 2.27, 0.00693042320531637
No.701: 1.40, 1.64, 0.88, 1.78, 0.97, 1.51, 8.94, 4.47, 1.72, 2.27, 0.00693042320531637
No.702: 1.40, 1.64, 0.88, 1.78, 0.97, 1.51, 8.94, 4.47, 1.72, 2.27, 0.00693042320531637
No.703: 1.40, 1.64, 0.88, 1.78, 0.97, 1.51, 8.94, 4.47, 1.72, 2.27, 0.00693042320531637
No.704: 1.40, 1.64, 0.88, 1.78, 0.97, 1.51, 8.94, 4.47, 1.72, 2.27, 0.00693042320531637
No.705: 1.40, 1.64, 0.88, 1.78, 0.97, 1.51, 8.94, 4.47, 1.72, 2.27, 0.00693042320531637
No.706: 1.40, 1.64, 0.88, 1.78, 0.97, 1.51, 8.94, 4.47, 1.72, 2.27, 0.00693042320531637
No.707: 1.40, 1.64, 0.88, 1.78, 0.97, 1.51, 8.94, 4.47, 1.72, 2.27, 0.00693042320531637
No.708: 1.40, 1.64, 0.88, 1.78, 0.97, 1.51, 8.94, 4.47, 1.72, 2.27, 0.00693042320531637
No.709: 1.40, 1.64, 0.88, 1.78, 0.97, 1.51, 8.94, 4.47, 1.72, 2.27, 0.00693042320531637
No.710: 1.40, 1.64, 0.88, 1.78, 0.97, 1.51, 8.94, 4.47, 1.72, 2.27, 0.00693042320531637
No.711: 1.40, 1.64, 0.88, 1.78, 0.97, 1.51, 8.94, 4.47, 1.72, 2.27, 0.00693042320531637
No.712: 1.40, 1.64, 0.88, 1.78, 0.97, 1.51, 8.94, 4.47, 1.72, 2.27, 0.00693042320531637
No.713: 1.40, 1.64, 0.88, 1.78, 0.97, 1.51, 8.94, 4.47, 1.72, 2.27, 0.00693042320531637
No.714: 1.40, 1.64, 0.88, 1.78, 0.97, 1.51, 8.94, 4.47, 1.72, 2.27, 0.00693042320531637
No.715: 1.40, 1.64, 0.88, 1.78, 0.97, 1.51, 8.94, 4.47, 1.72, 2.27, 0.00693042320531637
No.716: 1.40, 1.64, 0.88, 1.78, 0.97, 1.51, 8.94, 4.47, 1.72, 2.27, 0.00693042320531637
No.717: 1.40, 1.64, 0.88, 1.78, 0.97, 1.51, 8.94, 4.47, 1.72, 2.27, 0.00693042320531637
No.718: 1.40, 1.64, 0.88, 1.78, 0.97, 1.51, 8.94, 4.47, 1.72, 2.27, 0.00693042320531637
No.719: 1.40, 1.64, 0.88, 1.78, 0.97, 1.51, 8.94, 4.47, 1.72, 2.27, 0.00693042320531637
No.720: 1.40, 1.64, 0.88, 1.78, 0.97, 1.51, 8.94, 4.47, 1.72, 2.27, 0.00693042320531637
No.721: 1.40, 1.64, 0.88, 1.78, 0.97, 1.51, 8.94, 4.47, 1.72, 2.27, 0.00693042320531637
No.722: 1.40, 1.64, 0.88, 1.78, 0.97, 1.51, 8.94, 4.47, 1.72, 2.27, 0.00693042320531637
No.723: 1.40, 1.64, 0.88, 1.78, 0.97, 1.51, 8.94, 4.47, 1.72, 2.27, 0.00693042320531637
No.724: 1.40, 1.64, 0.88, 1.78, 0.97, 1.51, 8.94, 4.47, 1.72, 2.27, 0.00693042320531637
No.725: 1.40, 1.64, 0.88, 1.78, 0.97, 1.51, 8.94, 4.47, 1.72, 2.27, 0.00693042320531637
No.726: 1.40, 1.64, 0.88, 1.78, 0.97, 1.51, 8.94, 4.47, 1.72, 2.27, 0.00693042320531637
No.727: 1.40, 1.64, 0.88, 1.78, 0.97, 1.51, 8.94, 4.47, 1.72, 2.27, 0.00693042320531637
No.728: 1.40, 1.64, 0.88, 1.78, 0.97, 1.51, 8.94, 4.47, 1.72, 2.27, 0.00693042320531637
No.729: 1.40, 1.64, 0.88, 1.78, 0.97, 1.51, 8.94, 4.47, 1.72, 2.27, 0.00693042320531637
No.730: 1.40, 1.64, 0.88, 1.78, 0.97, 1.51, 8.94, 4.47, 1.72, 2.27, 0.00693042320531637
No.731: 1.40, 1.64, 0.88, 1.78, 0.97, 1.51, 8.94, 4.47, 1.72, 2.27, 0.00693042320531637
No.732: 1.40, 1.64, 0.88, 1.78, 0.97, 1.51, 8.94, 4.47, 1.72, 2.27, 0.00693042320531637
No.733: 1.40, 1.64, 0.88, 1.78, 0.97, 1.51, 8.94, 4.47, 1.72, 2.27, 0.00693042320531637
No.734: 1.40, 1.64, 0.88, 1.78, 0.97, 1.51, 8.94, 4.47, 1.72, 2.27, 0.00693042320531637
No.735: 1.40, 1.64, 0.88, 1.78, 0.97, 1.51, 8.94, 4.47, 1.72, 2.27, 0.00693042320531637
No.736: 1.40, 1.64, 0.88, 1.78, 0.97, 1.51, 8.94, 4.47, 1.72, 2.27, 0.00693042320531637
No.737: 1.40, 1.64, 0.88, 1.78, 0.97, 1.51, 8.94, 4.47, 1.72, 2.27, 0.00693042320531637
No.738: 1.40, 1.64, 0.88, 1.78, 0.97, 1.51, 8.94, 4.47, 1.72, 2.27, 0.00693042320531637
No.739: 1.40, 1.64, 0.88, 1.78, 0.97, 1.51, 8.94, 4.47, 1.72, 2.27, 0.00693042320531637
No.740: 1.40, 1.64, 0.88, 1.78, 0.97, 1.51, 8.94, 4.47, 1.72, 2.27, 0.00693042320531637
No.741: 1.40, 1.64, 0.88, 1.78, 0.97, 1.51, 8.94, 4.47, 1.72, 2.27, 0.00693042320531637
No.742: 1.40, 1.64, 0.88, 1.78, 0.97, 1.51, 8.94, 4.47, 1.72, 2.27, 0.00693042320531637
No.743: 1.40, 1.64, 0.88, 1.78, 0.97, 1.51, 8.94, 4.47, 1.72, 2.27, 0.00693042320531637
No.744: 1.40, 1.64, 0.88, 1.78, 0.97, 1.51, 8.94, 4.47, 1.72, 2.27, 0.00693042320531637
No.745: 1.40, 1.64, 0.88, 1.78, 0.97, 1.51, 8.94, 4.47, 1.72, 2.27, 0.00693042320531637
No.746: 1.40, 1.64, 0.88, 1.78, 0.97, 1.51, 8.94, 4.47, 1.72, 2.27, 0.00693042320531637
No.747: 1.40, 1.64, 0.88, 1.78, 0.97, 1.51, 8.94, 4.47, 1.72, 2.27, 0.00693042320531637
No.748: 1.40, 1.64, 0.88, 1.78, 0.97, 1.51, 8.94, 4.47, 1.72, 2.27, 0.00693042320531637
No.749: 1.40, 1.64, 0.88, 1.78, 0.97, 1.51, 8.94, 4.47, 1.72, 2.27, 0.00693042320531637
No.750: 1.40, 1.64, 0.88, 1.78, 0.97, 1.51, 8.94, 4.47, 1.72, 2.27, 0.00693042320531637
No.751: 1.40, 1.64, 0.88, 1.78, 0.97, 1.51, 8.94, 4.47, 1.72, 2.27, 0.00693042320531637
No.752: 1.40, 1.64, 0.88, 1.78, 0.97, 1.51, 8.94, 4.47, 1.72, 2.27, 0.00693042320531637
No.753: 1.40, 1.64, 0.88, 1.78, 0.97, 1.51, 8.94, 4.47, 1.72, 2.27, 0.00693042320531637
No.754: 1.40, 1.64, 0.88, 1.78, 0.97, 1.51, 8.94, 4.47, 1.72, 2.27, 0.00693042320531637
No.755: 1.40, 1.64, 0.88, 1.78, 0.97, 1.51, 8.94, 4.47, 1.72, 2.27, 0.00693042320531637
No.756: 1.40, 1.64, 0.88, 1.78, 0.97, 1.51, 8.94, 4.47, 1.72, 2.27, 0.00693042320531637
No.757: 1.40, 1.64, 0.88, 1.78, 0.97, 1.51, 8.94, 4.47, 1.72, 2.27, 0.00693042320531637
No.758: 1.40, 1.64, 0.88, 1.78, 0.97, 1.51, 8.94, 4.47, 1.72, 2.27, 0.00693042320531637
No.759: 1.40, 1.64, 0.88, 1.78, 0.97, 1.51, 8.94, 4.47, 1.72, 2.27, 0.00693042320531637
No.760: 1.40, 1.64, 0.88, 1.78, 0.97, 1.51, 8.94, 4.47, 1.72, 2.27, 0.00693042320531637
No.761: 1.40, 1.64, 0.88, 1.78, 0.97, 1.51, 8.94, 4.47, 1.72, 2.27, 0.00693042320531637
No.762: 1.40, 1.64, 0.88, 1.78, 0.97, 1.51, 8.94, 4.47, 1.72, 2.27, 0.00693042320531637
No.763: 1.40, 1.64, 0.88, 1.78, 0.97, 1.51, 8.94, 4.47, 1.72, 2.27, 0.00693042320531637
No.764: 1.40, 1.64, 0.88, 1.78, 0.97, 1.51, 8.94, 4.47, 1.72, 2.27, 0.00693042320531637
No.765: 1.40, 1.64, 0.88, 1.78, 0.97, 1.51, 8.94, 4.47, 1.72, 2.27, 0.00693042320531637
No.766: 1.40, 1.64, 0.88, 1.78, 0.97, 1.51, 8.94, 4.47, 1.72, 2.27, 0.00693042320531637
No.767: 1.40, 1.64, 0.88, 1.78, 0.97, 1.51, 8.94, 4.47, 1.72, 2.27, 0.00693042320531637
No.768: 1.40, 1.64, 0.88, 1.78, 0.97, 1.51, 8.94, 4.47, 1.72, 2.27, 0.00693042320531637
No.769: 1.40, 1.64, 0.88, 1.78, 0.97, 1.51, 8.94, 4.47, 1.72, 2.27, 0.00693042320531637
No.770: 1.40, 1.64, 0.88, 1.78, 0.97, 1.51, 8.94, 4.47, 1.72, 2.27, 0.00693042320531637
No.771: 1.40, 1.64, 0.88, 1.78, 0.97, 1.51, 8.94, 4.47, 1.72, 2.27, 0.00693042320531637
No.772: 1.40, 1.64, 0.88, 1.78, 0.97, 1.51, 8.94, 4.47, 1.72, 2.27, 0.00693042320531637
No.773: 1.40, 1.64, 0.88, 1.78, 0.97, 1.51, 8.94, 4.47, 1.72, 2.27, 0.00693042320531637
No.774: 1.40, 1.64, 0.88, 1.78, 0.97, 1.51, 8.94, 4.47, 1.72, 2.27, 0.00693042320531637
No.775: 1.40, 1.64, 0.88, 1.78, 0.97, 1.51, 8.94, 4.47, 1.72, 2.27, 0.00693042320531637
No.776: 1.40, 1.64, 0.88, 1.78, 0.97, 1.51, 8.94, 4.47, 1.72, 2.27, 0.00693042320531637
No.777: 1.40, 1.64, 0.88, 1.78, 0.97, 1.51, 8.94, 4.47, 1.72, 2.27, 0.00693042320531637
No.778: 1.40, 1.64, 0.88, 1.78, 0.97, 1.51, 8.94, 4.47, 1.72, 2.27, 0.00693042320531637
No.779: 1.40, 1.64, 0.88, 1.78, 0.97, 1.51, 8.94, 4.47, 1.72, 2.27, 0.00693042320531637
No.780: 1.40, 1.64, 0.88, 1.78, 0.97, 1.51, 8.94, 4.47, 1.72, 2.27, 0.00693042320531637
No.781: 1.40, 1.64, 0.88, 1.78, 0.97, 1.51, 8.94, 4.47, 1.72, 2.27, 0.00693042320531637
No.782: 1.40, 1.64, 0.88, 1.78, 0.97, 1.51, 8.94, 4.47, 1.72, 2.27, 0.00693042320531637
No.783: 1.40, 1.64, 0.88, 1.78, 0.97, 1.51, 8.94, 4.47, 1.72, 2.27, 0.00693042320531637
No.784: 1.40, 1.64, 0.88, 1.78, 0.97, 1.51, 8.94, 4.47, 1.72, 2.27, 0.00693042320531637
No.785: 1.40, 1.64, 0.88, 1.78, 0.97, 1.51, 8.94, 4.47, 1.72, 2.27, 0.00693042320531637
No.786: 1.40, 1.64, 0.88, 1.78, 0.97, 1.51, 8.94, 4.47, 1.72, 2.27, 0.00693042320531637
No.787: 1.40, 1.64, 0.88, 1.78, 0.97, 1.51, 8.94, 4.47, 1.72, 2.27, 0.00693042320531637
No.788: 1.40, 1.64, 0.88, 1.78, 0.97, 1.51, 8.94, 4.47, 1.72, 2.27, 0.00693042320531637
No.789: 1.40, 1.64, 0.88, 1.78, 0.97, 1.51, 8.94, 4.47, 1.72, 2.27, 0.00693042320531637
No.790: 1.40, 1.64, 0.88, 1.78, 0.97, 1.51, 8.94, 4.47, 1.72, 2.27, 0.00693042320531637
No.791: 1.40, 1.64, 0.88, 1.78, 0.97, 1.51, 8.94, 4.47, 1.72, 2.27, 0.00693042320531637
No.792: 1.40, 1.64, 0.88, 1.78, 0.97, 1.51, 8.94, 4.47, 1.72, 2.27, 0.00693042320531637
No.793: 1.40, 1.64, 0.88, 1.78, 0.97, 1.51, 8.94, 4.47, 1.72, 2.27, 0.00693042320531637
No.794: 1.40, 1.64, 0.88, 1.78, 0.97, 1.51, 8.94, 4.47, 1.72, 2.27, 0.00693042320531637
No.795: 1.40, 1.64, 0.88, 1.78, 0.97, 1.51, 8.94, 4.47, 1.72, 2.27, 0.00693042320531637
No.796: 1.40, 1.64, 0.88, 1.78, 0.97, 1.51, 8.94, 4.47, 1.72, 2.27, 0.00693042320531637
No.797: 1.40, 1.64, 0.88, 1.78, 0.97, 1.51, 8.94, 4.47, 1.72, 2.27, 0.00693042320531637
No.798: 1.40, 1.64, 0.88, 1.78, 0.97, 1.51, 8.94, 4.47, 1.72, 2.27, 0.00693042320531637
No.799: 1.40, 1.64, 0.88, 1.78, 0.97, 1.51, 8.94, 4.47, 1.72, 2.27, 0.00693042320531637
No.800: 1.40, 1.64, 0.88, 1.78, 0.97, 1.51, 8.94, 4.47, 1.72, 2.27, 0.00693042320531637
No.801: 1.40, 1.64, 0.88, 1.78, 0.97, 1.51, 8.94, 4.47, 1.72, 2.27, 0.00693042320531637
No.802: 1.40, 1.64, 0.88, 1.78, 0.97, 1.51, 8.94, 4.47, 1.72, 2.27, 0.00693042320531637
No.803: 1.40, 1.64, 0.88, 1.78, 0.97, 1.51, 8.94, 4.47, 1.72, 2.27, 0.00693042320531637
No.804: 1.40, 1.64, 0.88, 1.78, 0.97, 1.51, 8.94, 4.47, 1.72, 2.27, 0.00693042320531637
No.805: 1.40, 1.64, 0.88, 1.78, 0.97, 1.51, 8.94, 4.47, 1.72, 2.27, 0.00693042320531637
No.806: 1.40, 1.64, 0.88, 1.78, 0.97, 1.51, 8.94, 4.47, 1.72, 2.27, 0.00693042320531637
No.807: 1.40, 1.64, 0.88, 1.78, 0.97, 1.51, 8.94, 4.47, 1.72, 2.27, 0.00693042320531637
No.808: 1.40, 1.64, 0.88, 1.78, 0.97, 1.51, 8.94, 4.47, 1.72, 2.27, 0.00693042320531637
No.809: 1.40, 1.64, 0.88, 1.78, 0.97, 1.51, 8.94, 4.47, 1.72, 2.27, 0.00693042320531637
No.810: 1.40, 1.64, 0.88, 1.78, 0.97, 1.51, 8.94, 4.47, 1.72, 2.27, 0.00693042320531637
No.811: 1.40, 1.64, 0.88, 1.78, 0.97, 1.51, 8.94, 4.47, 1.72, 2.27, 0.00693042320531637
No.812: 1.40, 1.64, 0.88, 1.78, 0.97, 1.51, 8.94, 4.47, 1.72, 2.27, 0.00693042320531637
No.813: 1.40, 1.64, 0.88, 1.78, 0.97, 1.51, 8.94, 4.47, 1.72, 2.27, 0.00693042320531637
No.814: 1.40, 1.64, 0.88, 1.78, 0.97, 1.51, 8.94, 4.47, 1.72, 2.27, 0.00693042320531637
No.815: 1.40, 1.64, 0.88, 1.78, 0.97, 1.51, 8.94, 4.47, 1.72, 2.27, 0.00693042320531637
No.816: 1.40, 1.64, 0.88, 1.78, 0.97, 1.51, 8.94, 4.47, 1.72, 2.27, 0.00693042320531637
No.817: 1.40, 1.64, 0.88, 1.78, 0.97, 1.51, 8.94, 4.47, 1.72, 2.27, 0.00693042320531637
No.818: 1.40, 1.64, 0.88, 1.78, 0.97, 1.51, 8.94, 4.47, 1.72, 2.27, 0.00693042320531637
No.819: 1.40, 1.64, 0.88, 1.78, 0.97, 1.51, 8.94, 4.47, 1.72, 2.27, 0.00693042320531637
No.820: 1.40, 1.64, 0.88, 1.78, 0.97, 1.51, 8.94, 4.47, 1.72, 2.27, 0.00693042320531637
No.821: 1.40, 1.64, 0.88, 1.78, 0.97, 1.51, 8.94, 4.47, 1.72, 2.27, 0.00693042320531637
No.822: 1.40, 1.64, 0.88, 1.78, 0.97, 1.51, 8.94, 4.47, 1.72, 2.27, 0.00693042320531637
No.823: 1.40, 1.64, 0.88, 1.78, 0.97, 1.51, 8.94, 4.47, 1.72, 2.27, 0.00693042320531637
No.824: 1.40, 1.64, 0.88, 1.78, 0.97, 1.51, 8.94, 4.47, 1.72, 2.27, 0.00693042320531637
No.825: 1.40, 1.64, 0.88, 1.78, 0.97, 1.51, 8.94, 4.47, 1.72, 2.27, 0.00693042320531637
No.826: 1.40, 1.64, 0.88, 1.78, 0.97, 1.51, 8.94, 4.47, 1.72, 2.27, 0.00693042320531637
No.827: 1.40, 1.64, 0.88, 1.78, 0.97, 1.51, 8.94, 4.47, 1.72, 2.27, 0.00693042320531637
No.828: 1.40, 1.64, 0.88, 1.78, 0.97, 1.51, 8.94, 4.47, 1.72, 2.27, 0.00693042320531637
No.829: 1.40, 1.64, 0.88, 1.78, 0.97, 1.51, 8.94, 4.47, 1.72, 2.27, 0.00693042320531637
No.830: 1.40, 1.64, 0.88, 1.78, 0.97, 1.51, 8.94, 4.47, 1.72, 2.27, 0.00693042320531637
No.831: 1.40, 1.64, 0.88, 1.78, 0.97, 1.51, 8.94, 4.47, 1.72, 2.27, 0.00693042320531637
No.832: 1.40, 1.64, 0.88, 1.78, 0.97, 1.51, 8.94, 4.47, 1.72, 2.27, 0.00693042320531637
No.833: 1.40, 1.64, 0.88, 1.78, 0.97, 1.51, 8.94, 4.47, 1.72, 2.27, 0.00693042320531637
No.834: 1.40, 1.64, 0.88, 1.78, 0.97, 1.51, 8.94, 4.47, 1.72, 2.27, 0.00693042320531637
No.835: 1.40, 1.64, 0.88, 1.78, 0.97, 1.51, 8.94, 4.47, 1.72, 2.27, 0.00693042320531637
No.836: 1.40, 1.64, 0.88, 1.78, 0.97, 1.51, 8.94, 4.47, 1.72, 2.27, 0.00693042320531637
No.837: 1.40, 1.64, 0.88, 1.78, 0.97, 1.51, 8.94, 4.47, 1.72, 2.27, 0.00693042320531637
No.838: 1.40, 1.64, 0.88, 1.78, 0.97, 1.51, 8.94, 4.47, 1.72, 2.27, 0.00693042320531637
No.839: 1.40, 1.64, 0.88, 1.78, 0.97, 1.51, 8.94, 4.47, 1.72, 2.27, 0.00693042320531637
No.840: 1.40, 1.64, 0.88, 1.78, 0.97, 1.51, 8.94, 4.47, 1.72, 2.27, 0.00693042320531637
No.841: 1.40, 1.64, 0.88, 1.78, 0.97, 1.51, 8.94, 4.47, 1.72, 2.27, 0.00693042320531637
No.842: 1.40, 1.64, 0.88, 1.78, 0.97, 1.51, 8.94, 4.47, 1.72, 2.27, 0.00693042320531637
No.843: 1.40, 1.64, 0.88, 1.78, 0.97, 1.51, 8.94, 4.47, 1.72, 2.27, 0.00693042320531637
No.844: 1.40, 1.64, 0.88, 1.78, 0.97, 1.51, 8.94, 4.47, 1.72, 2.27, 0.00693042320531637
No.845: 1.40, 1.64, 0.88, 1.78, 0.97, 1.51, 8.94, 4.47, 1.72, 2.27, 0.00693042320531637
No.846: 1.40, 1.64, 0.88, 1.78, 0.97, 1.51, 8.94, 4.47, 1.72, 2.27, 0.00693042320531637
No.847: 1.40, 1.64, 0.88, 1.78, 0.97, 1.51, 8.94, 4.47, 1.72, 2.27, 0.00693042320531637
No.848: 1.40, 1.64, 0.88, 1.78, 0.97, 1.51, 8.94, 4.47, 1.72, 2.27, 0.00693042320531637
No.849: 1.40, 1.64, 0.88, 1.78, 0.97, 1.51, 8.94, 4.47, 1.72, 2.27, 0.00693042320531637
No.850: 1.40, 1.64, 0.88, 1.78, 0.97, 1.51, 8.94, 4.47, 1.72, 2.27, 0.00693042320531637
No.851: 1.40, 1.64, 0.88, 1.78, 0.97, 1.51, 8.94, 4.47, 1.72, 2.27, 0.00693042320531637
No.852: 1.40, 1.64, 0.88, 1.78, 0.97, 1.51, 8.94, 4.47, 1.72, 2.27, 0.00693042320531637
No.853: 1.40, 1.64, 0.88, 1.78, 0.97, 1.51, 8.94, 4.47, 1.72, 2.27, 0.00693042320531637
No.854: 1.40, 1.64, 0.88, 1.78, 0.97, 1.51, 8.94, 4.47, 1.72, 2.27, 0.00693042320531637
No.855: 1.40, 1.64, 0.88, 1.78, 0.97, 1.51, 8.94, 4.47, 1.72, 2.27, 0.00693042320531637
No.856: 1.40, 1.64, 0.88, 1.78, 0.97, 1.51, 8.94, 4.47, 1.72, 2.27, 0.00693042320531637
No.857: 1.40, 1.64, 0.88, 1.78, 0.97, 1.51, 8.94, 4.47, 1.72, 2.27, 0.00693042320531637
No.858: 1.40, 1.64, 0.88, 1.78, 0.97, 1.51, 8.94, 4.47, 1.72, 2.27, 0.00693042320531637
No.859: 1.40, 1.64, 0.88, 1.78, 0.97, 1.51, 8.94, 4.47, 1.72, 2.27, 0.00693042320531637
No.860: 1.40, 1.64, 0.88, 1.78, 0.97, 1.51, 8.94, 4.47, 1.72, 2.27, 0.00693042320531637
No.861: 1.40, 1.64, 0.88, 1.78, 0.97, 1.51, 8.94, 4.47, 1.72, 2.27, 0.00693042320531637
No.862: 1.40, 1.64, 0.88, 1.78, 0.97, 1.51, 8.94, 4.47, 1.72, 2.27, 0.00693042320531637
No.863: 1.40, 1.64, 0.88, 1.78, 0.97, 1.51, 8.94, 4.47, 1.72, 2.27, 0.00693042320531637
No.864: 1.40, 1.64, 0.88, 1.78, 0.97, 1.51, 8.94, 4.47, 1.72, 2.27, 0.00693042320531637
No.865: 1.40, 1.64, 0.88, 1.78, 0.97, 1.51, 8.94, 4.47, 1.72, 2.27, 0.00693042320531637
No.866: 1.40, 1.64, 0.88, 1.78, 0.97, 1.51, 8.94, 4.47, 1.72, 2.27, 0.00693042320531637
No.867: 1.40, 1.64, 0.88, 1.78, 0.97, 1.51, 8.94, 4.47, 1.72, 2.27, 0.00693042320531637
No.868: 1.40, 1.64, 0.88, 1.78, 0.97, 1.51, 8.94, 4.47, 1.72, 2.27, 0.00693042320531637
No.869: 1.40, 1.64, 0.88, 1.78, 0.97, 1.51, 8.94, 4.47, 1.72, 2.27, 0.00693042320531637
No.870: 1.40, 1.64, 0.88, 1.78, 0.97, 1.51, 8.94, 4.47, 1.72, 2.27, 0.00693042320531637
No.871: 1.40, 1.64, 0.88, 1.78, 0.97, 1.51, 8.94, 4.47, 1.72, 2.27, 0.00693042320531637
No.872: 1.40, 1.64, 0.88, 1.78, 0.97, 1.51, 8.94, 4.47, 1.72, 2.27, 0.00693042320531637
No.873: 1.40, 1.64, 0.88, 1.78, 0.97, 1.51, 8.94, 4.47, 1.72, 2.27, 0.00693042320531637
No.874: 1.40, 1.64, 0.88, 1.78, 0.97, 1.51, 8.94, 4.47, 1.72, 2.27, 0.00693042320531637
No.875: 1.40, 1.64, 0.88, 1.78, 0.97, 1.51, 8.94, 4.47, 1.72, 2.27, 0.00693042320531637
No.876: 1.40, 1.64, 0.88, 1.78, 0.97, 1.51, 8.94, 4.47, 1.72, 2.27, 0.00693042320531637
No.877: 1.40, 1.64, 0.88, 1.78, 0.97, 1.51, 8.94, 4.47, 1.72, 2.27, 0.00693042320531637
No.878: 1.40, 1.64, 0.88, 1.78, 0.97, 1.51, 8.94, 4.47, 1.72, 2.27, 0.00693042320531637
No.879: 1.40, 1.64, 0.88, 1.78, 0.97, 1.51, 8.94, 4.47, 1.72, 2.27, 0.00693042320531637
No.880: 1.40, 1.64, 0.88, 1.78, 0.97, 1.51, 8.94, 4.47, 1.72, 2.27, 0.00693042320531637
No.881: 1.40, 1.64, 0.88, 1.78, 0.97, 1.51, 8.94, 4.47, 1.72, 2.27, 0.00693042320531637
No.882: 1.40, 1.64, 0.88, 1.78, 0.97, 1.51, 8.94, 4.47, 1.72, 2.27, 0.00693042320531637
No.883: 1.40, 1.64, 0.88, 1.78, 0.97, 1.51, 8.94, 4.47, 1.72, 2.27, 0.00693042320531637
No.884: 1.40, 1.64, 0.88, 1.78, 0.97, 1.51, 8.94, 4.47, 1.72, 2.27, 0.00693042320531637
No.885: 1.40, 1.64, 0.88, 1.78, 0.97, 1.51, 8.94, 4.47, 1.72, 2.27, 0.00693042320531637
No.886: 1.40, 1.64, 0.88, 1.78, 0.97, 1.51, 8.94, 4.47, 1.72, 2.27, 0.00693042320531637
No.887: 1.40, 1.64, 0.88, 1.78, 0.97, 1.51, 8.94, 4.47, 1.72, 2.27, 0.00693042320531637
No.888: 1.40, 1.64, 0.88, 1.78, 0.97, 1.51, 8.94, 4.47, 1.72, 2.27, 0.00693042320531637
No.889: 1.40, 1.64, 0.88, 1.78, 0.97, 1.51, 8.94, 4.47, 1.72, 2.27, 0.00693042320531637
No.890: 1.40, 1.64, 0.88, 1.78, 0.97, 1.51, 8.94, 4.47, 1.72, 2.27, 0.00693042320531637
No.891: 1.40, 1.64, 0.88, 1.78, 0.97, 1.51, 8.94, 4.47, 1.72, 2.27, 0.00693042320531637
No.892: 1.40, 1.64, 0.88, 1.78, 0.97, 1.51, 8.94, 4.47, 1.72, 2.27, 0.00693042320531637
No.893: 1.40, 1.64, 0.88, 1.78, 0.97, 1.51, 8.94, 4.47, 1.72, 2.27, 0.00693042320531637
No.894: 1.40, 1.64, 0.88, 1.78, 0.97, 1.51, 8.94, 4.47, 1.72, 2.27, 0.00693042320531637
No.895: 1.40, 1.64, 0.88, 1.78, 0.97, 1.51, 8.94, 4.47, 1.72, 2.27, 0.00693042320531637
No.896: 1.40, 1.64, 0.88, 1.78, 0.97, 1.51, 8.94, 4.47, 1.72, 2.27, 0.00693042320531637
No.897: 1.40, 1.64, 0.88, 1.78, 0.97, 1.51, 8.94, 4.47, 1.72, 2.27, 0.00693042320531637
No.898: 1.40, 1.64, 0.88, 1.78, 0.97, 1.51, 8.94, 4.47, 1.72, 2.27, 0.00693042320531637
No.899: 1.40, 1.64, 0.88, 1.78, 0.97, 1.51, 8.94, 4.47, 1.72, 2.27, 0.00693042320531637
No.900: 1.40, 1.64, 0.88, 1.78, 0.97, 1.51, 8.94, 4.47, 1.72, 2.27, 0.00693042320531637
No.901: 1.40, 1.64, 0.88, 1.78, 0.97, 1.51, 8.94, 4.47, 1.72, 2.27, 0.00693042320531637
No.902: 1.40, 1.64, 0.88, 1.78, 0.97, 1.51, 8.94, 4.47, 1.72, 2.27, 0.00693042320531637
No.903: 1.40, 1.64, 0.88, 1.78, 0.97, 1.51, 8.94, 4.47, 1.72, 2.27, 0.00693042320531637
No.904: 1.40, 1.64, 0.88, 1.78, 0.97, 1.51, 8.94, 4.47, 1.72, 2.27, 0.00693042320531637
No.905: 1.40, 1.64, 0.88, 1.78, 0.97, 1.51, 8.94, 4.47, 1.72, 2.27, 0.00693042320531637
No.906: 1.40, 1.64, 0.88, 1.78, 0.97, 1.51, 8.94, 4.47, 1.72, 2.27, 0.00693042320531637
No.907: 1.40, 1.64, 0.88, 1.78, 0.97, 1.51, 8.94, 4.47, 1.72, 2.27, 0.00693042320531637
No.908: 1.40, 1.64, 0.88, 1.78, 0.97, 1.51, 8.94, 4.47, 1.72, 2.27, 0.00693042320531637
No.909: 1.40, 1.64, 0.88, 1.78, 0.97, 1.51, 8.94, 4.47, 1.72, 2.27, 0.00693042320531637
No.910: 1.40, 1.64, 0.88, 1.78, 0.97, 1.51, 8.94, 4.47, 1.72, 2.27, 0.00693042320531637
No.911: 1.40, 1.64, 0.88, 1.78, 0.97, 1.51, 8.94, 4.47, 1.72, 2.27, 0.00693042320531637
No.912: 1.40, 1.64, 0.88, 1.78, 0.97, 1.51, 8.94, 4.47, 1.72, 2.27, 0.00693042320531637
No.913: 1.40, 1.64, 0.88, 1.78, 0.97, 1.51, 8.94, 4.47, 1.72, 2.27, 0.00693042320531637
No.914: 1.40, 1.64, 0.88, 1.78, 0.97, 1.51, 8.94, 4.47, 1.72, 2.27, 0.00693042320531637
No.915: 1.40, 1.64, 0.88, 1.78, 0.97, 1.51, 8.94, 4.47, 1.72, 2.27, 0.00693042320531637
No.916: 1.40, 1.64, 0.88, 1.78, 0.97, 1.51, 8.94, 4.47, 1.72, 2.27, 0.00693042320531637
No.917: 1.40, 1.64, 0.88, 1.78, 0.97, 1.51, 8.94, 4.47, 1.72, 2.27, 0.00693042320531637
No.918: 1.40, 1.64, 0.88, 1.78, 0.97, 1.51, 8.94, 4.47, 1.72, 2.27, 0.00693042320531637
No.919: 1.40, 1.64, 0.88, 1.78, 0.97, 1.51, 8.94, 4.47, 1.72, 2.27, 0.00693042320531637
No.920: 1.40, 1.64, 0.88, 1.78, 0.97, 1.51, 8.94, 4.47, 1.72, 2.27, 0.00693042320531637
No.921: 1.40, 1.64, 0.88, 1.78, 0.97, 1.51, 8.94, 4.47, 1.72, 2.27, 0.00693042320531637
No.922: 1.40, 1.64, 0.88, 1.78, 0.97, 1.51, 8.94, 4.47, 1.72, 2.27, 0.00693042320531637
No.923: 1.40, 1.64, 0.88, 1.78, 0.97, 1.51, 8.94, 4.47, 1.72, 2.27, 0.00693042320531637
No.924: 1.40, 1.64, 0.88, 1.78, 0.97, 1.51, 8.94, 4.47, 1.72, 2.27, 0.00693042320531637
No.925: 1.40, 1.64, 0.88, 1.78, 0.97, 1.51, 8.94, 4.47, 1.72, 2.27, 0.00693042320531637
No.926: 1.40, 1.64, 0.88, 1.78, 0.97, 1.51, 8.94, 4.47, 1.72, 2.27, 0.00693042320531637
No.927: 1.40, 1.64, 0.88, 1.78, 0.97, 1.51, 8.94, 4.47, 1.72, 2.27, 0.00693042320531637
No.928: 1.40, 1.64, 0.88, 1.78, 0.97, 1.51, 8.94, 4.47, 1.72, 2.27, 0.00693042320531637
No.929: 1.40, 1.64, 0.88, 1.78, 0.97, 1.51, 8.94, 4.47, 1.72, 2.27, 0.00693042320531637
No.930: 1.40, 1.64, 0.88, 1.78, 0.97, 1.51, 8.94, 4.47, 1.72, 2.27, 0.00693042320531637
No.931: 1.40, 1.64, 0.88, 1.78, 0.97, 1.51, 8.94, 4.47, 1.72, 2.27, 0.00693042320531637
No.932: 1.40, 1.64, 0.88, 1.78, 0.97, 1.51, 8.94, 4.47, 1.72, 2.27, 0.00693042320531637
No.933: 1.40, 1.64, 0.88, 1.78, 0.97, 1.51, 8.94, 4.47, 1.72, 2.27, 0.00693042320531637
No.934: 1.40, 1.64, 0.88, 1.78, 0.97, 1.51, 8.94, 4.47, 1.72, 2.27, 0.00693042320531637
No.935: 1.40, 1.64, 0.88, 1.78, 0.97, 1.51, 8.94, 4.47, 1.72, 2.27, 0.00693042320531637
No.936: 1.40, 1.64, 0.88, 1.78, 0.97, 1.51, 8.94, 4.47, 1.72, 2.27, 0.00693042320531637
No.937: 1.40, 1.64, 0.88, 1.78, 0.97, 1.51, 8.94, 4.47, 1.72, 2.27, 0.00693042320531637
No.938: 1.40, 1.64, 0.88, 1.78, 0.97, 1.51, 8.94, 4.47, 1.72, 2.27, 0.00693042320531637
No.939: 1.40, 1.64, 0.88, 1.78, 0.97, 1.51, 8.94, 4.47, 1.72, 2.27, 0.00693042320531637
No.940: 1.40, 1.64, 0.88, 1.78, 0.97, 1.51, 8.94, 4.47, 1.72, 2.27, 0.00693042320531637
No.941: 1.40, 1.64, 0.88, 1.78, 0.97, 1.51, 8.94, 4.47, 1.72, 2.27, 0.00693042320531637
No.942: 1.40, 1.64, 0.88, 1.78, 0.97, 1.51, 8.94, 4.47, 1.72, 2.27, 0.00693042320531637
No.943: 1.40, 1.64, 0.88, 1.78, 0.97, 1.51, 8.94, 4.47, 1.72, 2.27, 0.00693042320531637
No.944: 1.40, 1.64, 0.88, 1.78, 0.97, 1.51, 8.94, 4.47, 1.72, 2.27, 0.00693042320531637
No.945: 1.40, 1.64, 0.88, 1.78, 0.97, 1.51, 8.94, 4.47, 1.72, 2.27, 0.00693042320531637
No.946: 1.40, 1.64, 0.88, 1.78, 0.97, 1.51, 8.94, 4.47, 1.72, 2.27, 0.00693042320531637
No.947: 1.40, 1.64, 0.88, 1.78, 0.97, 1.51, 8.94, 4.47, 1.72, 2.27, 0.00693042320531637
No.948: 1.40, 1.64, 0.88, 1.78, 0.97, 1.51, 8.94, 4.47, 1.72, 2.27, 0.00693042320531637
No.949: 1.40, 1.64, 0.88, 1.78, 0.97, 1.51, 8.94, 4.47, 1.72, 2.27, 0.00693042320531637
No.950: 1.40, 1.64, 0.88, 1.78, 0.97, 1.51, 8.94, 4.47, 1.72, 2.27, 0.00693042320531637
No.951: 1.40, 1.64, 0.88, 1.78, 0.97, 1.51, 8.94, 4.47, 1.72, 2.27, 0.00693042320531637
No.952: 1.40, 1.64, 0.88, 1.78, 0.97, 1.51, 8.94, 4.47, 1.72, 2.27, 0.00693042320531637
No.953: 1.40, 1.64, 0.88, 1.78, 0.97, 1.51, 8.94, 4.47, 1.72, 2.27, 0.00693042320531637
No.954: 1.40, 1.64, 0.88, 1.78, 0.97, 1.51, 8.94, 4.47, 1.72, 2.27, 0.00693042320531637
No.955: 1.40, 1.64, 0.88, 1.78, 0.97, 1.51, 8.94, 4.47, 1.72, 2.27, 0.00693042320531637
No.956: 1.40, 1.64, 0.88, 1.78, 0.97, 1.51, 8.94, 4.47, 1.72, 2.27, 0.00693042320531637
No.957: 1.40, 1.64, 0.88, 1.78, 0.97, 1.51, 8.94, 4.47, 1.72, 2.27, 0.00693042320531637
No.958: 1.40, 1.64, 0.88, 1.78, 0.97, 1.51, 8.94, 4.47, 1.72, 2.27, 0.00693042320531637
No.959: 1.40, 1.64, 0.88, 1.78, 0.97, 1.51, 8.94, 4.47, 1.72, 2.27, 0.00693042320531637
No.960: 1.40, 1.64, 0.88, 1.78, 0.97, 1.51, 8.94, 4.47, 1.72, 2.27, 0.00693042320531637
No.961: 1.40, 1.64, 0.88, 1.78, 0.97, 1.51, 8.94, 4.47, 1.72, 2.27, 0.00693042320531637
No.962: 1.40, 1.64, 0.88, 1.78, 0.97, 1.51, 8.94, 4.47, 1.72, 2.27, 0.00693042320531637
No.963: 1.40, 1.64, 0.88, 1.78, 0.97, 1.51, 8.94, 4.47, 1.72, 2.27, 0.00693042320531637
No.964: 1.40, 1.64, 0.88, 1.78, 0.97, 1.51, 8.94, 4.47, 1.72, 2.27, 0.00693042320531637
No.965: 1.40, 1.64, 0.88, 1.78, 0.97, 1.51, 8.94, 4.47, 1.72, 2.27, 0.00693042320531637
No.966: 1.40, 1.64, 0.88, 1.78, 0.97, 1.51, 8.94, 4.47, 1.72, 2.27, 0.00693042320531637
No.967: 1.40, 1.64, 0.88, 1.78, 0.97, 1.51, 8.94, 4.47, 1.72, 2.27, 0.00693042320531637
No.968: 1.40, 1.64, 0.88, 1.78, 0.97, 1.51, 8.94, 4.47, 1.72, 2.27, 0.00693042320531637
No.969: 1.40, 1.64, 0.88, 1.78, 0.97, 1.51, 8.94, 4.47, 1.72, 2.27, 0.00693042320531637
No.970: 1.40, 1.64, 0.88, 1.78, 0.97, 1.51, 8.94, 4.47, 1.72, 2.27, 0.00693042320531637
No.971: 1.40, 1.64, 0.88, 1.78, 0.97, 1.51, 8.94, 4.47, 1.72, 2.27, 0.00693042320531637
No.972: 1.40, 1.64, 0.88, 1.78, 0.97, 1.51, 8.94, 4.47, 1.72, 2.27, 0.00693042320531637
No.973: 1.40, 1.64, 0.88, 1.78, 0.97, 1.51, 8.94, 4.47, 1.72, 2.27, 0.00693042320531637
No.974: 1.40, 1.64, 0.88, 1.78, 0.97, 1.51, 8.94, 4.47, 1.72, 2.27, 0.00693042320531637
No.975: 1.40, 1.64, 0.88, 1.78, 0.97, 1.51, 8.94, 4.47, 1.72, 2.27, 0.00693042320531637
No.976: 1.40, 1.64, 0.88, 1.78, 0.97, 1.51, 8.94, 4.47, 1.72, 2.27, 0.00693042320531637
No.977: 1.40, 1.64, 0.88, 1.78, 0.97, 1.51, 8.94, 4.47, 1.72, 2.27, 0.00693042320531637
No.978: 1.40, 1.64, 0.88, 1.78, 0.97, 1.51, 8.94, 4.47, 1.72, 2.27, 0.00693042320531637
No.979: 1.40, 1.64, 0.88, 1.78, 0.97, 1.51, 8.94, 4.47, 1.72, 2.27, 0.00693042320531637
No.980: 1.40, 1.64, 0.88, 1.78, 0.97, 1.51, 8.94, 4.47, 1.72, 2.27, 0.00693042320531637
No.981: 1.40, 1.64, 0.88, 1.78, 0.97, 1.51, 8.94, 4.47, 1.72, 2.27, 0.00693042320531637
No.982: 1.40, 1.64, 0.88, 1.78, 0.97, 1.51, 8.94, 4.47, 1.72, 2.27, 0.00693042320531637
No.983: 1.40, 1.64, 0.88, 1.78, 0.97, 1.51, 8.94, 4.47, 1.72, 2.27, 0.00693042320531637
No.984: 1.40, 1.64, 0.88, 1.78, 0.97, 1.51, 8.94, 4.47, 1.72, 2.27, 0.00693042320531637
No.985: 1.40, 1.64, 0.88, 1.78, 0.97, 1.51, 8.94, 4.47, 1.72, 2.27, 0.00693042320531637
No.986: 1.40, 1.64, 0.88, 1.78, 0.97, 1.51, 8.94, 4.47, 1.72, 2.27, 0.00693042320531637
No.987: 1.40, 1.64, 0.88, 1.78, 0.97, 1.51, 8.94, 4.47, 1.72, 2.27, 0.00693042320531637
No.988: 1.40, 1.64, 0.88, 1.78, 0.97, 1.51, 8.94, 4.47, 1.72, 2.27, 0.00693042320531637
No.989: 1.40, 1.64, 0.88, 1.78, 0.97, 1.51, 8.94, 4.47, 1.72, 2.27, 0.00693042320531637
No.990: 1.40, 1.64, 0.88, 1.78, 0.97, 1.51, 8.94, 4.47, 1.72, 2.27, 0.00693042320531637
No.991: 1.40, 1.64, 0.88, 1.78, 0.97, 1.51, 8.94, 4.47, 1.72, 2.27, 0.00693042320531637
No.992: 1.40, 1.64, 0.88, 1.78, 0.97, 1.51, 8.94, 4.47, 1.72, 2.27, 0.00693042320531637
No.993: 1.40, 1.64, 0.88, 1.78, 0.97, 1.51, 8.94, 4.47, 1.72, 2.27, 0.00693042320531637
No.994: 1.40, 1.64, 0.88, 1.78, 0.97, 1.51, 8.94, 4.47, 1.72, 2.27, 0.00693042320531637
No.995: 1.40, 1.64, 0.88, 1.78, 0.97, 1.51, 8.94, 4.47, 1.72, 2.27, 0.00693042320531637
No.996: 1.40, 1.64, 0.88, 1.78, 0.97, 1.51, 8.94, 4.47, 1.72, 2.27, 0.00693042320531637
No.997: 1.40, 1.64, 0.88, 1.78, 0.97, 1.51, 8.94, 4.47, 1.72, 2.27, 0.00693042320531637
No.998: 1.40, 1.64, 0.88, 1.78, 0.97, 1.51, 8.94, 4.47, 1.72, 2.27, 0.00693042320531637
No.999: 1.40, 1.64, 0.88, 1.78, 0.97, 1.51, 8.94, 4.47, 1.72, 2.27, 0.00693042320531637
No.535: 1.40, 1.64, 0.88, 1.78, 0.96, 1.51, 8.94, 4.47, 1.71, 2.27, 0.006930424073780168
No.540: 1.40, 1.64, 0.88, 1.78, 0.96, 1.51, 8.94, 4.47, 1.72, 2.27, 0.006930424073780168
No.543: 1.40, 1.64, 0.88, 1.78, 0.96, 1.51, 8.94, 4.47, 1.72, 2.27, 0.006930424073780168
No.550: 1.40, 1.64, 0.88, 1.78, 0.96, 1.51, 8.94, 4.47, 1.72, 2.27, 0.006930424073780168
No.555: 1.40, 1.64, 0.88, 1.78, 0.96, 1.51, 8.94, 4.47, 1.72, 2.27, 0.006930424073780168
No.556: 1.40, 1.64, 0.88, 1.78, 0.96, 1.51, 8.94, 4.47, 1.72, 2.27, 0.006930424073780168
No.567: 1.40, 1.64, 0.88, 1.78, 0.96, 1.51, 8.94, 4.47, 1.72, 2.27, 0.006930424073780168
No.568: 1.40, 1.64, 0.88, 1.78, 0.96, 1.51, 8.94, 4.47, 1.72, 2.27, 0.006930424073780168
No.571: 1.40, 1.64, 0.88, 1.78, 0.96, 1.51, 8.94, 4.47, 1.71, 2.27, 0.006930424073780168
No.579: 1.40, 1.64, 0.88, 1.78, 0.96, 1.51, 8.94, 4.47, 1.72, 2.27, 0.006930424073780168
No.580: 1.40, 1.64, 0.88, 1.78, 0.96, 1.51, 8.94, 4.47, 1.72, 2.27, 0.006930424073780168
No.581: 1.40, 1.64, 0.88, 1.78, 0.96, 1.51, 8.94, 4.47, 1.71, 2.27, 0.006930424073780168
No.585: 1.40, 1.64, 0.88, 1.78, 0.96, 1.51, 8.94, 4.47, 1.71, 2.27, 0.006930424073780168
No.586: 1.40, 1.64, 0.88, 1.78, 0.96, 1.51, 8.94, 4.47, 1.72, 2.27, 0.006930424073780168
No.593: 1.40, 1.64, 0.88, 1.78, 0.96, 1.51, 8.94, 4.47, 1.72, 2.27, 0.006930424073780168
No.594: 1.40, 1.64, 0.88, 1.78, 0.96, 1.51, 8.94, 4.47, 1.72, 2.27, 0.006930424073780168
No.595: 1.40, 1.64, 0.88, 1.78, 0.96, 1.51, 8.94, 4.47, 1.71, 2.27, 0.006930424073780168
No.596: 1.40, 1.64, 0.88, 1.78, 0.96, 1.51, 8.94, 4.47, 1.71, 2.27, 0.006930424073780168
No.597: 1.40, 1.64, 0.88, 1.78, 0.96, 1.51, 8.94, 4.47, 1.71, 2.27, 0.006930424073780168
No.599: 1.40, 1.64, 0.88, 1.78, 0.96, 1.51, 8.94, 4.47, 1.71, 2.27, 0.006930424073780168
No.600: 1.40, 1.64, 0.88, 1.78, 0.96, 1.51, 8.94, 4.47, 1.72, 2.27, 0.006930424073780168
No.602: 1.40, 1.64, 0.88, 1.78, 0.96, 1.51, 8.94, 4.47, 1.71, 2.27, 0.006930424073780168
No.605: 1.40, 1.64, 0.88, 1.78, 0.96, 1.51, 8.94, 4.47, 1.71, 2.27, 0.006930424073780168
No.606: 1.40, 1.64, 0.88, 1.78, 0.96, 1.51, 8.94, 4.47, 1.71, 2.27, 0.006930424073780168
No.607: 1.40, 1.64, 0.88, 1.78, 0.96, 1.51, 8.94, 4.47, 1.72, 2.27, 0.006930424073780168
No.608: 1.40, 1.64, 0.88, 1.78, 0.96, 1.51, 8.94, 4.47, 1.71, 2.27, 0.006930424073780168
No.609: 1.40, 1.64, 0.88, 1.78, 0.96, 1.51, 8.94, 4.47, 1.72, 2.27, 0.006930424073780168
No.610: 1.40, 1.64, 0.88, 1.78, 0.96, 1.51, 8.94, 4.47, 1.72, 2.27, 0.006930424073780168
No.611: 1.40, 1.64, 0.88, 1.78, 0.96, 1.51, 8.94, 4.47, 1.72, 2.27, 0.006930424073780168
No.612: 1.40, 1.64, 0.88, 1.78, 0.96, 1.51, 8.94, 4.47, 1.72, 2.27, 0.006930424073780168
No.613: 1.40, 1.64, 0.88, 1.78, 0.96, 1.51, 8.94, 4.47, 1.71, 2.27, 0.006930424073780168
No.614: 1.40, 1.64, 0.88, 1.78, 0.96, 1.51, 8.94, 4.47, 1.72, 2.27, 0.006930424073780168
No.615: 1.40, 1.64, 0.88, 1.78, 0.96, 1.51, 8.94, 4.47, 1.71, 2.27, 0.006930424073780168
No.616: 1.40, 1.64, 0.88, 1.78, 0.96, 1.51, 8.94, 4.47, 1.72, 2.27, 0.006930424073780168
No.617: 1.40, 1.64, 0.88, 1.78, 0.96, 1.51, 8.94, 4.47, 1.71, 2.27, 0.006930424073780168
No.618: 1.40, 1.64, 0.88, 1.78, 0.96, 1.51, 8.94, 4.47, 1.71, 2.27, 0.006930424073780168
No.619: 1.40, 1.64, 0.88, 1.78, 0.96, 1.51, 8.94, 4.47, 1.72, 2.27, 0.006930424073780168
No.620: 1.40, 1.64, 0.88, 1.78, 0.96, 1.51, 8.94, 4.47, 1.71, 2.27, 0.006930424073780168
No.621: 1.40, 1.64, 0.88, 1.78, 0.96, 1.51, 8.94, 4.47, 1.72, 2.27, 0.006930424073780168
No.622: 1.40, 1.64, 0.88, 1.78, 0.96, 1.51, 8.94, 4.47, 1.72, 2.27, 0.006930424073780168
No.623: 1.40, 1.64, 0.88, 1.78, 0.96, 1.51, 8.94, 4.47, 1.72, 2.27, 0.006930424073780168
No.624: 1.40, 1.64, 0.88, 1.78, 0.96, 1.51, 8.94, 4.47, 1.72, 2.27, 0.006930424073780168
No.625: 1.40, 1.64, 0.88, 1.78, 0.96, 1.51, 8.94, 4.47, 1.71, 2.27, 0.006930424073780168
No.626: 1.40, 1.64, 0.88, 1.78, 0.96, 1.51, 8.94, 4.47, 1.72, 2.27, 0.006930424073780168
No.627: 1.40, 1.64, 0.88, 1.78, 0.96, 1.51, 8.94, 4.47, 1.71, 2.27, 0.006930424073780168
No.628: 1.40, 1.64, 0.88, 1.78, 0.96, 1.51, 8.94, 4.47, 1.72, 2.27, 0.006930424073780168
No.629: 1.40, 1.64, 0.88, 1.78, 0.96, 1.51, 8.94, 4.47, 1.72, 2.27, 0.006930424073780168
No.630: 1.40, 1.64, 0.88, 1.78, 0.96, 1.51, 8.94, 4.47, 1.71, 2.27, 0.006930424073780168
No.631: 1.40, 1.64, 0.88, 1.78, 0.96, 1.51, 8.94, 4.47, 1.72, 2.27, 0.006930424073780168
No.632: 1.40, 1.64, 0.88, 1.78, 0.96, 1.51, 8.94, 4.47, 1.71, 2.27, 0.006930424073780168
No.633: 1.40, 1.64, 0.88, 1.78, 0.96, 1.51, 8.94, 4.47, 1.72, 2.27, 0.006930424073780168
No.634: 1.40, 1.64, 0.88, 1.78, 0.96, 1.51, 8.94, 4.47, 1.72, 2.27, 0.006930424073780168
No.635: 1.40, 1.64, 0.88, 1.78, 0.96, 1.51, 8.94, 4.47, 1.72, 2.27, 0.006930424073780168
No.636: 1.40, 1.64, 0.88, 1.78, 0.96, 1.51, 8.94, 4.47, 1.72, 2.27, 0.006930424073780168
No.637: 1.40, 1.64, 0.88, 1.78, 0.96, 1.51, 8.94, 4.47, 1.72, 2.27, 0.006930424073780168
No.638: 1.40, 1.64, 0.88, 1.78, 0.96, 1.51, 8.94, 4.47, 1.72, 2.27, 0.006930424073780168
No.639: 1.40, 1.64, 0.88, 1.78, 0.96, 1.51, 8.94, 4.47, 1.71, 2.27, 0.006930424073780168
No.640: 1.40, 1.64, 0.88, 1.78, 0.96, 1.51, 8.94, 4.47, 1.72, 2.27, 0.006930424073780168
No.641: 1.40, 1.64, 0.88, 1.78, 0.96, 1.51, 8.94, 4.47, 1.72, 2.27, 0.006930424073780168
No.642: 1.40, 1.64, 0.88, 1.78, 0.96, 1.51, 8.94, 4.47, 1.71, 2.27, 0.006930424073780168
No.643: 1.40, 1.64, 0.88, 1.78, 0.96, 1.51, 8.94, 4.47, 1.72, 2.27, 0.006930424073780168
No.644: 1.40, 1.64, 0.88, 1.78, 0.96, 1.51, 8.94, 4.47, 1.71, 2.27, 0.006930424073780168
No.645: 1.40, 1.64, 0.88, 1.78, 0.96, 1.51, 8.94, 4.47, 1.72, 2.27, 0.006930424073780168
No.646: 1.40, 1.64, 0.88, 1.78, 0.96, 1.51, 8.94, 4.47, 1.72, 2.27, 0.006930424073780168
No.647: 1.40, 1.64, 0.88, 1.78, 0.96, 1.51, 8.94, 4.47, 1.72, 2.27, 0.006930424073780168
No.648: 1.40, 1.64, 0.88, 1.78, 0.96, 1.51, 8.94, 4.47, 1.72, 2.27, 0.006930424073780168
No.649: 1.40, 1.64, 0.88, 1.78, 0.96, 1.51, 8.94, 4.47, 1.72, 2.27, 0.006930424073780168
No.650: 1.40, 1.64, 0.88, 1.78, 0.96, 1.51, 8.94, 4.47, 1.72, 2.27, 0.006930424073780168
No.651: 1.40, 1.64, 0.88, 1.78, 0.96, 1.51, 8.94, 4.47, 1.71, 2.27, 0.006930424073780168
No.652: 1.40, 1.64, 0.88, 1.78, 0.96, 1.51, 8.94, 4.47, 1.72, 2.27, 0.006930424073780168
No.653: 1.40, 1.64, 0.88, 1.78, 0.96, 1.51, 8.94, 4.47, 1.72, 2.27, 0.006930424073780168
No.654: 1.40, 1.64, 0.88, 1.78, 0.96, 1.51, 8.94, 4.47, 1.71, 2.27, 0.006930424073780168
No.655: 1.40, 1.64, 0.88, 1.78, 0.96, 1.51, 8.94, 4.47, 1.72, 2.27, 0.006930424073780168
No.656: 1.40, 1.64, 0.88, 1.78, 0.96, 1.51, 8.94, 4.47, 1.72, 2.27, 0.006930424073780168
No.658: 1.40, 1.64, 0.88, 1.78, 0.96, 1.51, 8.94, 4.47, 1.72, 2.27, 0.006930424073780168
No.660: 1.40, 1.64, 0.88, 1.78, 0.96, 1.51, 8.94, 4.47, 1.72, 2.27, 0.006930424073780168
No.661: 1.40, 1.64, 0.88, 1.78, 0.96, 1.51, 8.94, 4.47, 1.72, 2.27, 0.006930424073780168
No.662: 1.40, 1.64, 0.88, 1.78, 0.96, 1.51, 8.94, 4.47, 1.72, 2.27, 0.006930424073780168
No.663: 1.40, 1.64, 0.88, 1.78, 0.96, 1.51, 8.94, 4.47, 1.71, 2.27, 0.006930424073780168
No.664: 1.40, 1.64, 0.88, 1.78, 0.96, 1.51, 8.94, 4.47, 1.72, 2.27, 0.006930424073780168
No.665: 1.40, 1.64, 0.88, 1.78, 0.96, 1.51, 8.94, 4.47, 1.72, 2.27, 0.006930424073780168
No.666: 1.40, 1.64, 0.88, 1.78, 0.96, 1.51, 8.94, 4.47, 1.72, 2.27, 0.006930424073780168
No.668: 1.40, 1.64, 0.88, 1.78, 0.96, 1.51, 8.94, 4.47, 1.72, 2.27, 0.006930424073780168
No.669: 1.40, 1.64, 0.88, 1.78, 0.96, 1.51, 8.94, 4.47, 1.72, 2.27, 0.006930424073780168
No.673: 1.40, 1.64, 0.88, 1.78, 0.96, 1.51, 8.94, 4.47, 1.72, 2.27, 0.006930424073780168
No.674: 1.40, 1.64, 0.88, 1.78, 0.96, 1.51, 8.94, 4.47, 1.72, 2.27, 0.006930424073780168
No.675: 1.40, 1.64, 0.88, 1.78, 0.96, 1.51, 8.94, 4.47, 1.72, 2.27, 0.006930424073780168
No.676: 1.40, 1.64, 0.88, 1.78, 0.96, 1.51, 8.94, 4.47, 1.72, 2.27, 0.006930424073780168
No.677: 1.40, 1.64, 0.88, 1.78, 0.96, 1.51, 8.94, 4.47, 1.72, 2.27, 0.006930424073780168
No.678: 1.40, 1.64, 0.88, 1.78, 0.96, 1.51, 8.94, 4.47, 1.72, 2.27, 0.006930424073780168
No.537: 1.40, 1.64, 0.88, 1.78, 0.97, 1.51, 8.94, 4.48, 1.72, 2.27, 0.006930425089167623
No.544: 1.40, 1.64, 0.88, 1.78, 0.97, 1.51, 8.94, 4.48, 1.72, 2.27, 0.006930425089167623
No.557: 1.40, 1.64, 0.88, 1.78, 0.97, 1.51, 8.94, 4.48, 1.72, 2.27, 0.006930425089167623
No.489: 1.40, 1.64, 0.88, 1.78, 0.96, 1.51, 8.94, 4.48, 1.71, 2.27, 0.0069304259289014415
No.506: 1.40, 1.64, 0.88, 1.78, 0.96, 1.51, 8.94, 4.48, 1.72, 2.27, 0.0069304259289014415
No.509: 1.40, 1.64, 0.88, 1.78, 0.96, 1.51, 8.94, 4.48, 1.72, 2.27, 0.0069304259289014415
No.521: 1.40, 1.64, 0.88, 1.78, 0.96, 1.51, 8.94, 4.48, 1.71, 2.27, 0.0069304259289014415
No.532: 1.40, 1.64, 0.88, 1.78, 0.96, 1.51, 8.94, 4.48, 1.72, 2.27, 0.0069304259289014415
No.534: 1.40, 1.64, 0.88, 1.78, 0.96, 1.51, 8.94, 4.48, 1.71, 2.27, 0.0069304259289014415
No.538: 1.40, 1.64, 0.88, 1.78, 0.96, 1.51, 8.94, 4.48, 1.72, 2.26, 0.0069304259289014415
No.539: 1.40, 1.64, 0.88, 1.78, 0.96, 1.51, 8.94, 4.48, 1.72, 2.27, 0.0069304259289014415
No.545: 1.40, 1.64, 0.88, 1.78, 0.96, 1.51, 8.94, 4.48, 1.71, 2.27, 0.0069304259289014415
No.546: 1.40, 1.64, 0.88, 1.78, 0.96, 1.51, 8.94, 4.48, 1.71, 2.27, 0.0069304259289014415
No.547: 1.40, 1.64, 0.88, 1.78, 0.96, 1.51, 8.94, 4.48, 1.72, 2.27, 0.0069304259289014415
No.548: 1.40, 1.64, 0.88, 1.78, 0.96, 1.51, 8.94, 4.48, 1.71, 2.27, 0.0069304259289014415
No.549: 1.40, 1.64, 0.88, 1.78, 0.96, 1.51, 8.94, 4.48, 1.72, 2.26, 0.0069304259289014415
No.558: 1.40, 1.64, 0.88, 1.78, 0.96, 1.51, 8.94, 4.48, 1.71, 2.27, 0.0069304259289014415
No.559: 1.40, 1.64, 0.88, 1.78, 0.96, 1.51, 8.94, 4.48, 1.71, 2.27, 0.0069304259289014415
No.560: 1.40, 1.64, 0.88, 1.78, 0.96, 1.51, 8.94, 4.48, 1.72, 2.27, 0.0069304259289014415
No.561: 1.40, 1.64, 0.88, 1.78, 0.96, 1.51, 8.94, 4.48, 1.71, 2.27, 0.0069304259289014415
No.562: 1.40, 1.64, 0.88, 1.78, 0.96, 1.51, 8.94, 4.48, 1.72, 2.27, 0.0069304259289014415
No.569: 1.40, 1.64, 0.88, 1.78, 0.96, 1.51, 8.94, 4.48, 1.72, 2.27, 0.0069304259289014415
No.570: 1.40, 1.64, 0.88, 1.78, 0.96, 1.51, 8.94, 4.48, 1.71, 2.27, 0.0069304259289014415
No.572: 1.40, 1.64, 0.88, 1.78, 0.96, 1.51, 8.94, 4.48, 1.72, 2.27, 0.0069304259289014415
No.573: 1.40, 1.64, 0.88, 1.78, 0.96, 1.51, 8.94, 4.48, 1.71, 2.27, 0.0069304259289014415
No.574: 1.40, 1.64, 0.88, 1.78, 0.96, 1.51, 8.94, 4.48, 1.72, 2.27, 0.0069304259289014415
No.575: 1.40, 1.64, 0.88, 1.78, 0.96, 1.51, 8.94, 4.48, 1.71, 2.27, 0.0069304259289014415
No.582: 1.40, 1.64, 0.88, 1.78, 0.96, 1.51, 8.94, 4.48, 1.72, 2.27, 0.0069304259289014415
No.583: 1.40, 1.64, 0.88, 1.78, 0.96, 1.51, 8.94, 4.48, 1.71, 2.27, 0.0069304259289014415
No.584: 1.40, 1.64, 0.88, 1.78, 0.96, 1.51, 8.94, 4.48, 1.72, 2.27, 0.0069304259289014415
No.587: 1.40, 1.64, 0.88, 1.78, 0.96, 1.51, 8.94, 4.48, 1.71, 2.27, 0.0069304259289014415
No.590: 1.40, 1.64, 0.88, 1.78, 0.96, 1.51, 8.94, 4.48, 1.71, 2.27, 0.0069304259289014415
No.592: 1.40, 1.64, 0.88, 1.78, 0.96, 1.51, 8.94, 4.48, 1.71, 2.27, 0.0069304259289014415
No.598: 1.40, 1.64, 0.88, 1.78, 0.96, 1.51, 8.94, 4.48, 1.72, 2.27, 0.0069304259289014415
No.601: 1.40, 1.64, 0.88, 1.78, 0.96, 1.51, 8.94, 4.48, 1.71, 2.27, 0.0069304259289014415
No.536: 1.40, 1.64, 0.88, 1.78, 0.97, 1.51, 8.94, 4.46, 1.72, 2.27, 0.0069304350668247285
No.353: 1.40, 1.64, 0.88, 1.78, 0.96, 1.50, 8.94, 4.49, 1.71, 2.27, 0.006930437526886176
No.458: 1.40, 1.64, 0.88, 1.78, 0.96, 1.50, 8.94, 4.49, 1.71, 2.26, 0.006930437526886176
No.460: 1.40, 1.64, 0.88, 1.78, 0.96, 1.50, 8.94, 4.49, 1.71, 2.26, 0.006930437526886176
No.470: 1.40, 1.64, 0.88, 1.78, 0.96, 1.50, 8.94, 4.49, 1.71, 2.26, 0.006930437526886176
No.471: 1.40, 1.64, 0.88, 1.78, 0.96, 1.50, 8.94, 4.49, 1.71, 2.27, 0.006930437526886176
No.482: 1.40, 1.64, 0.88, 1.78, 0.96, 1.50, 8.94, 4.49, 1.71, 2.26, 0.006930437526886176
No.483: 1.40, 1.64, 0.88, 1.78, 0.96, 1.50, 8.94, 4.49, 1.71, 2.27, 0.006930437526886176
No.494: 1.40, 1.64, 0.88, 1.78, 0.96, 1.50, 8.94, 4.49, 1.71, 2.27, 0.006930437526886176
No.495: 1.40, 1.64, 0.88, 1.78, 0.96, 1.50, 8.94, 4.49, 1.71, 2.26, 0.006930437526886176
No.496: 1.40, 1.64, 0.88, 1.78, 0.96, 1.50, 8.94, 4.49, 1.71, 2.27, 0.006930437526886176
No.510: 1.40, 1.64, 0.88, 1.78, 0.96, 1.50, 8.94, 4.49, 1.71, 2.27, 0.006930437526886176
No.522: 1.40, 1.64, 0.88, 1.78, 0.96, 1.50, 8.94, 4.49, 1.71, 2.27, 0.006930437526886176
No.346: 1.40, 1.64, 0.88, 1.78, 0.97, 1.50, 8.94, 4.48, 1.71, 2.25, 0.006930443055663784
No.505: 1.40, 1.64, 0.88, 1.78, 0.97, 1.50, 8.94, 4.48, 1.71, 2.26, 0.006930443055663784
No.513: 1.40, 1.64, 0.88, 1.78, 0.97, 1.50, 8.94, 4.48, 1.71, 2.26, 0.006930443055663784
No.523: 1.40, 1.64, 0.88, 1.78, 0.97, 1.50, 8.94, 4.48, 1.71, 2.26, 0.006930443055663784
No.345: 1.40, 1.64, 0.88, 1.78, 0.96, 1.50, 8.94, 4.48, 1.71, 2.26, 0.006930443945348732
No.363: 1.40, 1.64, 0.88, 1.78, 0.96, 1.50, 8.94, 4.48, 1.71, 2.26, 0.006930443945348732
No.377: 1.40, 1.64, 0.88, 1.78, 0.96, 1.50, 8.94, 4.48, 1.71, 2.26, 0.006930443945348732
No.389: 1.40, 1.64, 0.88, 1.78, 0.96, 1.50, 8.94, 4.48, 1.71, 2.26, 0.006930443945348732
No.407: 1.40, 1.64, 0.88, 1.78, 0.96, 1.50, 8.94, 4.48, 1.71, 2.26, 0.006930443945348732
No.424: 1.40, 1.64, 0.88, 1.78, 0.96, 1.50, 8.94, 4.48, 1.71, 2.26, 0.006930443945348732
No.437: 1.40, 1.64, 0.88, 1.78, 0.96, 1.50, 8.94, 4.48, 1.71, 2.27, 0.006930443945348732
No.442: 1.40, 1.64, 0.88, 1.78, 0.96, 1.50, 8.94, 4.48, 1.71, 2.26, 0.006930443945348732
No.446: 1.40, 1.64, 0.88, 1.78, 0.96, 1.50, 8.94, 4.48, 1.71, 2.26, 0.006930443945348732
No.447: 1.40, 1.64, 0.88, 1.78, 0.96, 1.50, 8.94, 4.48, 1.71, 2.27, 0.006930443945348732
No.448: 1.40, 1.64, 0.88, 1.78, 0.96, 1.50, 8.94, 4.48, 1.71, 2.26, 0.006930443945348732
No.459: 1.40, 1.64, 0.88, 1.78, 0.96, 1.50, 8.94, 4.48, 1.71, 2.27, 0.006930443945348732
No.472: 1.40, 1.64, 0.88, 1.78, 0.96, 1.50, 8.94, 4.48, 1.71, 2.27, 0.006930443945348732
No.484: 1.40, 1.64, 0.88, 1.78, 0.96, 1.50, 8.94, 4.48, 1.71, 2.27, 0.006930443945348732
No.486: 1.40, 1.64, 0.88, 1.78, 0.96, 1.50, 8.94, 4.48, 1.71, 2.27, 0.006930443945348732
No.497: 1.40, 1.64, 0.88, 1.78, 0.96, 1.50, 8.94, 4.48, 1.71, 2.27, 0.006930443945348732
No.498: 1.40, 1.64, 0.88, 1.78, 0.96, 1.50, 8.94, 4.48, 1.71, 2.27, 0.006930443945348732
No.511: 1.40, 1.64, 0.88, 1.78, 0.96, 1.50, 8.94, 4.48, 1.71, 2.26, 0.006930443945348732
No.512: 1.40, 1.64, 0.88, 1.78, 0.96, 1.50, 8.94, 4.48, 1.71, 2.27, 0.006930443945348732
No.514: 1.40, 1.64, 0.88, 1.78, 0.96, 1.50, 8.94, 4.48, 1.71, 2.27, 0.006930443945348732
No.515: 1.40, 1.64, 0.88, 1.78, 0.96, 1.50, 8.94, 4.48, 1.71, 2.27, 0.006930443945348732
No.524: 1.40, 1.64, 0.88, 1.78, 0.96, 1.50, 8.94, 4.48, 1.71, 2.26, 0.006930443945348732
No.525: 1.40, 1.64, 0.88, 1.78, 0.96, 1.50, 8.94, 4.48, 1.71, 2.27, 0.006930443945348732
No.526: 1.40, 1.64, 0.88, 1.78, 0.96, 1.50, 8.94, 4.48, 1.71, 2.27, 0.006930443945348732
No.527: 1.40, 1.64, 0.88, 1.78, 0.96, 1.50, 8.94, 4.48, 1.71, 2.27, 0.006930443945348732
No.542: 1.40, 1.64, 0.88, 1.78, 0.96, 1.50, 8.94, 4.48, 1.71, 2.26, 0.006930443945348732
No.551: 1.40, 1.64, 0.88, 1.78, 0.96, 1.50, 8.94, 4.48, 1.71, 2.27, 0.006930443945348732
No.552: 1.40, 1.64, 0.88, 1.78, 0.96, 1.50, 8.94, 4.48, 1.71, 2.26, 0.006930443945348732
No.554: 1.40, 1.64, 0.88, 1.78, 0.96, 1.50, 8.94, 4.48, 1.71, 2.26, 0.006930443945348732
No.563: 1.40, 1.64, 0.88, 1.78, 0.96, 1.50, 8.94, 4.48, 1.71, 2.27, 0.006930443945348732
No.564: 1.40, 1.64, 0.88, 1.78, 0.96, 1.50, 8.94, 4.48, 1.71, 2.26, 0.006930443945348732
No.566: 1.40, 1.64, 0.88, 1.78, 0.96, 1.50, 8.94, 4.48, 1.71, 2.27, 0.006930443945348732
No.576: 1.40, 1.64, 0.88, 1.78, 0.96, 1.50, 8.94, 4.48, 1.71, 2.26, 0.006930443945348732
No.578: 1.40, 1.64, 0.88, 1.78, 0.96, 1.50, 8.94, 4.48, 1.71, 2.27, 0.006930443945348732
No.588: 1.40, 1.64, 0.88, 1.78, 0.96, 1.50, 8.94, 4.48, 1.71, 2.27, 0.006930443945348732
No.485: 1.40, 1.64, 0.88, 1.78, 0.96, 1.50, 8.94, 4.50, 1.71, 2.26, 0.006930444861558851
No.499: 1.40, 1.64, 0.88, 1.78, 0.96, 1.50, 8.94, 4.50, 1.71, 2.26, 0.006930444861558851
No.516: 1.40, 1.64, 0.88, 1.78, 0.96, 1.50, 8.94, 4.50, 1.71, 2.26, 0.006930444861558851
No.528: 1.40, 1.64, 0.88, 1.78, 0.96, 1.50, 8.94, 4.50, 1.71, 2.26, 0.006930444861558851
No.435: 1.40, 1.64, 0.87, 1.78, 0.96, 1.50, 8.94, 4.51, 1.71, 2.26, 0.006930464080963757
No.449: 1.40, 1.64, 0.87, 1.78, 0.96, 1.50, 8.94, 4.51, 1.71, 2.26, 0.006930464080963757
No.461: 1.40, 1.64, 0.87, 1.78, 0.96, 1.50, 8.94, 4.51, 1.71, 2.26, 0.006930464080963757
No.473: 1.40, 1.64, 0.87, 1.78, 0.96, 1.50, 8.94, 4.51, 1.71, 2.26, 0.006930464080963757
No.391: 1.40, 1.64, 0.88, 1.78, 0.96, 1.50, 8.94, 4.47, 1.71, 2.27, 0.006930464110862128
No.408: 1.40, 1.64, 0.88, 1.78, 0.96, 1.50, 8.94, 4.47, 1.71, 2.27, 0.006930464110862128
No.425: 1.40, 1.64, 0.88, 1.78, 0.96, 1.50, 8.94, 4.47, 1.71, 2.27, 0.006930464110862128
No.450: 1.40, 1.64, 0.88, 1.78, 0.96, 1.50, 8.94, 4.47, 1.71, 2.27, 0.006930464110862128
No.462: 1.40, 1.64, 0.88, 1.78, 0.96, 1.50, 8.94, 4.47, 1.71, 2.27, 0.006930464110862128
No.474: 1.40, 1.64, 0.88, 1.78, 0.96, 1.50, 8.94, 4.47, 1.71, 2.27, 0.006930464110862128
No.415: 1.40, 1.64, 0.88, 1.78, 0.96, 1.51, 8.95, 4.47, 1.72, 2.27, 0.006930473127287657
No.426: 1.40, 1.64, 0.88, 1.78, 0.96, 1.51, 8.95, 4.47, 1.72, 2.27, 0.006930473127287657
No.451: 1.40, 1.64, 0.88, 1.78, 0.96, 1.51, 8.95, 4.47, 1.72, 2.27, 0.006930473127287657
No.463: 1.40, 1.64, 0.88, 1.78, 0.96, 1.51, 8.95, 4.47, 1.72, 2.27, 0.006930473127287657
No.434: 1.40, 1.64, 0.88, 1.78, 0.96, 1.51, 8.95, 4.48, 1.72, 2.26, 0.0069304804039670926
No.452: 1.40, 1.64, 0.88, 1.78, 0.96, 1.51, 8.95, 4.48, 1.72, 2.26, 0.0069304804039670926
No.464: 1.40, 1.64, 0.88, 1.78, 0.96, 1.51, 8.95, 4.48, 1.72, 2.27, 0.0069304804039670926
No.475: 1.40, 1.64, 0.88, 1.78, 0.96, 1.51, 8.95, 4.48, 1.72, 2.27, 0.0069304804039670926
No.476: 1.40, 1.64, 0.88, 1.78, 0.96, 1.51, 8.95, 4.48, 1.72, 2.27, 0.0069304804039670926
No.487: 1.40, 1.64, 0.88, 1.78, 0.96, 1.51, 8.95, 4.48, 1.71, 2.27, 0.0069304804039670926
No.488: 1.40, 1.64, 0.88, 1.78, 0.96, 1.51, 8.95, 4.48, 1.72, 2.27, 0.0069304804039670926
No.500: 1.40, 1.64, 0.88, 1.78, 0.96, 1.51, 8.95, 4.48, 1.71, 2.27, 0.0069304804039670926
No.501: 1.40, 1.64, 0.88, 1.78, 0.96, 1.51, 8.95, 4.48, 1.72, 2.27, 0.0069304804039670926
No.508: 1.40, 1.64, 0.88, 1.78, 0.96, 1.51, 8.95, 4.48, 1.72, 2.27, 0.0069304804039670926
No.517: 1.40, 1.64, 0.88, 1.78, 0.96, 1.51, 8.95, 4.48, 1.71, 2.27, 0.0069304804039670926
No.518: 1.40, 1.64, 0.88, 1.78, 0.96, 1.51, 8.95, 4.48, 1.72, 2.27, 0.0069304804039670926
No.520: 1.40, 1.64, 0.88, 1.78, 0.96, 1.51, 8.95, 4.48, 1.72, 2.27, 0.0069304804039670926
No.529: 1.40, 1.64, 0.88, 1.78, 0.96, 1.51, 8.95, 4.48, 1.71, 2.27, 0.0069304804039670926
No.530: 1.40, 1.64, 0.88, 1.78, 0.96, 1.51, 8.95, 4.48, 1.72, 2.27, 0.0069304804039670926
No.419: 1.40, 1.64, 0.88, 1.78, 0.97, 1.51, 8.93, 4.48, 1.71, 2.26, 0.006930484583208566
No.427: 1.40, 1.64, 0.88, 1.78, 0.97, 1.51, 8.93, 4.48, 1.71, 2.26, 0.006930484583208566
No.453: 1.40, 1.64, 0.88, 1.78, 0.97, 1.51, 8.93, 4.48, 1.71, 2.26, 0.006930484583208566
No.465: 1.40, 1.64, 0.88, 1.78, 0.97, 1.51, 8.93, 4.48, 1.71, 2.26, 0.006930484583208566
No.477: 1.40, 1.64, 0.88, 1.78, 0.96, 1.51, 8.93, 4.48, 1.71, 2.26, 0.0069304854354475115
No.443: 1.40, 1.64, 0.88, 1.78, 0.96, 1.50, 8.95, 4.49, 1.71, 2.26, 0.006930488735526868
No.454: 1.40, 1.64, 0.88, 1.78, 0.96, 1.50, 8.95, 4.49, 1.71, 2.26, 0.006930488735526868
No.466: 1.40, 1.64, 0.88, 1.78, 0.96, 1.50, 8.95, 4.49, 1.71, 2.26, 0.006930488735526868
No.478: 1.40, 1.64, 0.88, 1.78, 0.96, 1.50, 8.95, 4.49, 1.71, 2.26, 0.006930488735526868
No.490: 1.40, 1.64, 0.88, 1.78, 0.96, 1.50, 8.95, 4.49, 1.71, 2.26, 0.006930488735526868
No.502: 1.40, 1.64, 0.88, 1.78, 0.96, 1.50, 8.95, 4.49, 1.71, 2.26, 0.006930488735526868
No.399: 1.40, 1.64, 0.88, 1.78, 0.97, 1.50, 8.95, 4.48, 1.72, 2.25, 0.0069304888486648114
No.409: 1.40, 1.64, 0.88, 1.78, 0.97, 1.50, 8.95, 4.48, 1.72, 2.25, 0.0069304888486648114
No.428: 1.40, 1.64, 0.88, 1.78, 0.97, 1.50, 8.95, 4.48, 1.72, 2.25, 0.0069304888486648114
No.445: 1.40, 1.64, 0.88, 1.78, 0.97, 1.50, 8.95, 4.48, 1.72, 2.26, 0.0069304888486648114
No.455: 1.40, 1.64, 0.88, 1.78, 0.97, 1.50, 8.95, 4.48, 1.72, 2.26, 0.0069304888486648114
No.457: 1.40, 1.64, 0.88, 1.78, 0.97, 1.50, 8.95, 4.48, 1.72, 2.26, 0.0069304888486648114
No.467: 1.40, 1.64, 0.88, 1.78, 0.97, 1.50, 8.95, 4.48, 1.72, 2.26, 0.0069304888486648114
No.469: 1.40, 1.64, 0.88, 1.78, 0.97, 1.50, 8.95, 4.48, 1.72, 2.26, 0.0069304888486648114
No.479: 1.40, 1.64, 0.88, 1.78, 0.97, 1.50, 8.95, 4.48, 1.72, 2.26, 0.0069304888486648114
No.481: 1.40, 1.64, 0.88, 1.78, 0.97, 1.50, 8.95, 4.48, 1.71, 2.26, 0.0069304888486648114
No.491: 1.40, 1.64, 0.88, 1.78, 0.97, 1.50, 8.95, 4.48, 1.72, 2.26, 0.0069304888486648114
No.493: 1.40, 1.64, 0.88, 1.78, 0.97, 1.50, 8.95, 4.48, 1.71, 2.26, 0.0069304888486648114
No.503: 1.40, 1.64, 0.88, 1.78, 0.97, 1.50, 8.95, 4.48, 1.72, 2.26, 0.0069304888486648114
No.379: 1.40, 1.64, 0.88, 1.78, 0.96, 1.51, 8.93, 4.47, 1.72, 2.27, 0.006930489003060194
No.390: 1.40, 1.64, 0.88, 1.78, 0.96, 1.51, 8.93, 4.47, 1.72, 2.27, 0.006930489003060194
No.410: 1.40, 1.64, 0.88, 1.78, 0.96, 1.51, 8.93, 4.47, 1.72, 2.27, 0.006930489003060194
No.429: 1.40, 1.64, 0.88, 1.78, 0.96, 1.51, 8.93, 4.47, 1.72, 2.27, 0.006930489003060194
No.440: 1.40, 1.64, 0.88, 1.78, 0.96, 1.50, 8.95, 4.48, 1.72, 2.27, 0.0069304897243273765
No.441: 1.40, 1.64, 0.88, 1.78, 0.96, 1.50, 8.95, 4.48, 1.72, 2.27, 0.0069304897243273765
No.299: 1.40, 1.64, 0.88, 1.78, 0.96, 1.50, 8.94, 4.46, 1.71, 2.26, 0.006930498028065299
No.364: 1.40, 1.64, 0.88, 1.78, 0.96, 1.50, 8.94, 4.46, 1.71, 2.26, 0.006930498028065299
No.378: 1.40, 1.64, 0.88, 1.78, 0.96, 1.50, 8.94, 4.46, 1.71, 2.27, 0.006930498028065299
No.438: 1.40, 1.64, 0.88, 1.78, 0.96, 1.50, 8.93, 4.49, 1.71, 2.26, 0.006930500306154897
No.439: 1.40, 1.64, 0.88, 1.78, 0.96, 1.50, 8.93, 4.49, 1.71, 2.26, 0.006930500306154897
No.507: 1.40, 1.64, 0.88, 1.78, 0.96, 1.50, 8.93, 4.49, 1.71, 2.27, 0.006930500306154897
No.519: 1.40, 1.64, 0.88, 1.78, 0.96, 1.50, 8.93, 4.49, 1.71, 2.27, 0.006930500306154897
No.531: 1.40, 1.64, 0.88, 1.78, 0.96, 1.50, 8.93, 4.49, 1.71, 2.27, 0.006930500306154897
No.533: 1.40, 1.64, 0.88, 1.78, 0.96, 1.50, 8.93, 4.49, 1.71, 2.26, 0.006930500306154897
No.421: 1.40, 1.64, 0.88, 1.78, 0.96, 1.50, 8.95, 4.47, 1.72, 2.27, 0.006930504472480408
No.430: 1.40, 1.64, 0.88, 1.78, 0.96, 1.50, 8.95, 4.47, 1.72, 2.27, 0.006930504472480408
No.348: 1.40, 1.64, 0.88, 1.78, 0.96, 1.51, 8.93, 4.46, 1.72, 2.27, 0.006930506318082658
No.365: 1.40, 1.64, 0.88, 1.78, 0.96, 1.51, 8.93, 4.46, 1.72, 2.27, 0.006930506318082658
No.404: 1.40, 1.64, 0.88, 1.78, 0.96, 1.50, 8.93, 4.48, 1.72, 2.27, 0.0069305121466431314
No.411: 1.40, 1.64, 0.88, 1.78, 0.96, 1.50, 8.93, 4.48, 1.71, 2.27, 0.0069305121466431314
No.431: 1.40, 1.64, 0.88, 1.78, 0.96, 1.50, 8.93, 4.48, 1.71, 2.27, 0.0069305121466431314
No.413: 1.40, 1.64, 0.88, 1.78, 0.97, 1.51, 8.95, 4.44, 1.72, 2.28, 0.0069305328407766355
No.432: 1.40, 1.64, 0.88, 1.78, 0.97, 1.51, 8.95, 4.44, 1.72, 2.27, 0.0069305328407766355
No.392: 1.40, 1.64, 0.88, 1.78, 0.97, 1.50, 8.93, 4.47, 1.71, 2.27, 0.006930536806252791
No.412: 1.40, 1.64, 0.88, 1.78, 0.97, 1.50, 8.93, 4.47, 1.71, 2.27, 0.006930536806252791
No.423: 1.40, 1.64, 0.88, 1.78, 0.97, 1.50, 8.93, 4.47, 1.71, 2.27, 0.006930536806252791
No.433: 1.40, 1.64, 0.88, 1.78, 0.97, 1.50, 8.93, 4.47, 1.71, 2.27, 0.006930536806252791
No.374: 1.40, 1.64, 0.88, 1.78, 0.97, 1.50, 8.93, 4.46, 1.71, 2.27, 0.006930576116683799
No.380: 1.40, 1.64, 0.88, 1.78, 0.97, 1.50, 8.93, 4.46, 1.71, 2.27, 0.006930576116683799
No.356: 1.40, 1.64, 0.88, 1.79, 0.97, 1.51, 8.98, 4.45, 1.72, 2.26, 0.006930580010978679
No.394: 1.40, 1.64, 0.88, 1.78, 0.97, 1.51, 8.95, 4.43, 1.72, 2.28, 0.006930580531499043
No.368: 1.40, 1.64, 0.88, 1.79, 0.96, 1.50, 8.98, 4.45, 1.72, 2.28, 0.006930633490294788
No.382: 1.40, 1.64, 0.88, 1.78, 0.97, 1.51, 8.96, 4.47, 1.72, 2.27, 0.006930635325864722
No.403: 1.40, 1.64, 0.88, 1.78, 0.97, 1.51, 8.96, 4.47, 1.72, 2.27, 0.006930635325864722
No.393: 1.40, 1.64, 0.88, 1.78, 0.96, 1.51, 8.96, 4.47, 1.72, 2.27, 0.00693063616905577
No.414: 1.40, 1.64, 0.88, 1.78, 0.96, 1.51, 8.96, 4.47, 1.72, 2.27, 0.00693063616905577
No.358: 1.40, 1.64, 0.88, 1.78, 0.97, 1.51, 8.96, 4.46, 1.72, 2.28, 0.006930636343589381
No.367: 1.40, 1.64, 0.88, 1.78, 0.97, 1.51, 8.96, 4.46, 1.72, 2.27, 0.006930636343589381
No.422: 1.40, 1.64, 0.88, 1.78, 0.96, 1.51, 8.96, 4.48, 1.72, 2.26, 0.006930648873390973
No.436: 1.40, 1.64, 0.88, 1.78, 0.96, 1.51, 8.96, 4.48, 1.71, 2.26, 0.006930648873390973
No.418: 1.40, 1.64, 0.88, 1.78, 0.96, 1.50, 8.96, 4.47, 1.72, 2.27, 0.006930658816124919
No.355: 1.40, 1.64, 0.88, 1.79, 0.96, 1.50, 8.98, 4.44, 1.72, 2.28, 0.006930675268870767
No.401: 1.40, 1.64, 0.88, 1.78, 0.96, 1.50, 8.96, 4.46, 1.72, 2.27, 0.006930681884242578
No.406: 1.40, 1.64, 0.88, 1.78, 0.96, 1.50, 8.96, 4.46, 1.72, 2.27, 0.006930681884242578
No.416: 1.40, 1.64, 0.88, 1.78, 0.96, 1.50, 8.96, 4.46, 1.72, 2.27, 0.006930681884242578
No.354: 1.39, 1.64, 0.88, 1.78, 0.97, 1.51, 8.98, 4.47, 1.72, 2.26, 0.006930698230436634
No.369: 1.39, 1.64, 0.88, 1.78, 0.97, 1.51, 8.98, 4.47, 1.72, 2.26, 0.006930698230436634
No.420: 1.40, 1.64, 0.88, 1.78, 0.96, 1.50, 8.92, 4.47, 1.71, 2.27, 0.006930725354690187
No.359: 1.40, 1.64, 0.88, 1.79, 0.96, 1.51, 9.00, 4.45, 1.73, 2.27, 0.006930727023136874
No.289: 1.41, 1.63, 0.87, 1.78, 0.96, 1.51, 8.88, 4.49, 1.70, 2.28, 0.006930764291852499
No.371: 1.40, 1.64, 0.89, 1.78, 0.97, 1.51, 8.96, 4.42, 1.72, 2.28, 0.00693077108875407
No.384: 1.40, 1.64, 0.89, 1.78, 0.97, 1.51, 8.96, 4.42, 1.72, 2.28, 0.00693077108875407
No.312: 1.39, 1.64, 0.88, 1.78, 0.97, 1.51, 8.97, 4.46, 1.72, 2.28, 0.006930783099127312
No.323: 1.39, 1.64, 0.88, 1.78, 0.97, 1.51, 8.97, 4.46, 1.72, 2.28, 0.006930783099127312
No.271: 1.40, 1.63, 0.89, 1.79, 0.96, 1.51, 8.96, 4.43, 1.72, 2.30, 0.0069308179338966255
No.372: 1.40, 1.63, 0.88, 1.79, 0.96, 1.51, 8.95, 4.45, 1.71, 2.29, 0.006930819522891048
No.360: 1.40, 1.64, 0.89, 1.78, 0.97, 1.51, 8.96, 4.41, 1.72, 2.28, 0.006930839537163894
No.383: 1.39, 1.64, 0.88, 1.78, 0.97, 1.51, 8.97, 4.47, 1.72, 2.26, 0.006930849906339062
No.311: 1.40, 1.63, 0.88, 1.79, 0.96, 1.51, 8.95, 4.44, 1.71, 2.30, 0.00693085585262445
No.324: 1.40, 1.63, 0.88, 1.79, 0.96, 1.51, 8.95, 4.44, 1.71, 2.29, 0.00693085585262445
No.336: 1.40, 1.63, 0.88, 1.79, 0.96, 1.51, 8.95, 4.44, 1.71, 2.29, 0.00693085585262445
No.296: 1.40, 1.63, 0.89, 1.79, 0.96, 1.51, 8.95, 4.43, 1.72, 2.30, 0.0069308996793319075
No.386: 1.40, 1.64, 0.88, 1.78, 0.97, 1.51, 8.97, 4.46, 1.72, 2.26, 0.006930907956259685
No.396: 1.40, 1.64, 0.88, 1.78, 0.97, 1.51, 8.97, 4.46, 1.72, 2.26, 0.006930907956259685
No.366: 1.40, 1.64, 0.88, 1.78, 0.97, 1.51, 8.97, 4.45, 1.72, 2.26, 0.006930917302012472
No.376: 1.40, 1.64, 0.88, 1.78, 0.97, 1.51, 8.97, 4.45, 1.72, 2.26, 0.006930917302012472
No.349: 1.40, 1.64, 0.87, 1.79, 0.96, 1.50, 8.96, 4.51, 1.71, 2.26, 0.006930926751146944
No.395: 1.39, 1.64, 0.88, 1.78, 0.97, 1.51, 8.97, 4.48, 1.72, 2.26, 0.006930930272746885
No.397: 1.40, 1.64, 0.88, 1.78, 0.96, 1.50, 8.97, 4.46, 1.72, 2.28, 0.006930944795775416
No.381: 1.40, 1.64, 0.88, 1.78, 0.96, 1.50, 8.97, 4.45, 1.72, 2.28, 0.006930976190311083
No.327: 1.40, 1.64, 0.88, 1.78, 0.97, 1.50, 8.91, 4.48, 1.70, 2.27, 0.006930989584202027
No.337: 1.40, 1.64, 0.88, 1.78, 0.97, 1.50, 8.91, 4.48, 1.70, 2.27, 0.006930989584202027
No.307: 1.39, 1.64, 0.88, 1.77, 0.97, 1.51, 8.97, 4.46, 1.72, 2.28, 0.0069310070876546
No.405: 1.40, 1.63, 0.88, 1.78, 0.97, 1.51, 8.92, 4.48, 1.71, 2.26, 0.006931044696208852
No.335: 1.39, 1.64, 0.88, 1.78, 0.97, 1.51, 8.96, 4.46, 1.72, 2.28, 0.0069310524918045
No.276: 1.40, 1.63, 0.88, 1.78, 0.96, 1.50, 8.92, 4.50, 1.72, 2.29, 0.006931060066570544
No.297: 1.40, 1.63, 0.88, 1.78, 0.96, 1.50, 8.92, 4.50, 1.72, 2.29, 0.006931060066570544
No.313: 1.40, 1.63, 0.88, 1.78, 0.96, 1.50, 8.92, 4.50, 1.71, 2.29, 0.006931060066570544
No.325: 1.40, 1.63, 0.88, 1.78, 0.96, 1.50, 8.92, 4.49, 1.71, 2.28, 0.006931063901586031
No.338: 1.40, 1.63, 0.88, 1.78, 0.96, 1.50, 8.92, 4.49, 1.71, 2.28, 0.006931063901586031
No.258: 1.40, 1.63, 0.88, 1.78, 0.96, 1.50, 8.92, 4.51, 1.72, 2.29, 0.006931069996350999
No.373: 1.40, 1.64, 0.88, 1.78, 0.97, 1.50, 8.91, 4.46, 1.71, 2.27, 0.006931076145788235
No.339: 1.40, 1.63, 0.88, 1.78, 0.96, 1.51, 8.91, 4.50, 1.71, 2.26, 0.006931092394136676
No.400: 1.40, 1.63, 0.88, 1.78, 0.97, 1.51, 8.93, 4.48, 1.71, 2.25, 0.006931123669979712
No.417: 1.40, 1.63, 0.88, 1.78, 0.97, 1.51, 8.93, 4.48, 1.71, 2.26, 0.006931123669979712
No.444: 1.40, 1.63, 0.88, 1.78, 0.96, 1.51, 8.93, 4.49, 1.71, 2.27, 0.006931134395732554
No.456: 1.40, 1.63, 0.88, 1.78, 0.96, 1.51, 8.93, 4.49, 1.71, 2.27, 0.006931134395732554
No.468: 1.40, 1.63, 0.88, 1.78, 0.96, 1.51, 8.93, 4.49, 1.71, 2.27, 0.006931134395732554
No.375: 1.40, 1.63, 0.88, 1.78, 0.96, 1.50, 8.93, 4.47, 1.72, 2.28, 0.006931177631084344
No.259: 1.40, 1.63, 0.88, 1.78, 0.96, 1.50, 8.93, 4.53, 1.72, 2.29, 0.006931228481757912
No.315: 1.40, 1.63, 0.88, 1.78, 0.96, 1.51, 8.90, 4.51, 1.71, 2.25, 0.006931251663806943
No.326: 1.40, 1.63, 0.88, 1.78, 0.96, 1.51, 8.90, 4.51, 1.71, 2.26, 0.006931251663806943
No.293: 1.40, 1.63, 0.88, 1.78, 0.97, 1.51, 8.90, 4.52, 1.71, 2.25, 0.006931285741796908
No.291: 1.40, 1.64, 0.88, 1.79, 0.96, 1.50, 8.95, 4.45, 1.71, 2.26, 0.006931287306773854
No.541: 1.40, 1.63, 0.88, 1.78, 0.96, 1.51, 8.94, 4.47, 1.72, 2.27, 0.0069313159195341515
No.553: 1.40, 1.63, 0.88, 1.78, 0.96, 1.51, 8.94, 4.47, 1.72, 2.27, 0.0069313159195341515
No.565: 1.40, 1.63, 0.88, 1.78, 0.96, 1.51, 8.94, 4.47, 1.72, 2.27, 0.0069313159195341515
No.577: 1.40, 1.63, 0.88, 1.78, 0.96, 1.51, 8.94, 4.47, 1.72, 2.27, 0.0069313159195341515
No.589: 1.40, 1.63, 0.88, 1.78, 0.96, 1.51, 8.94, 4.47, 1.72, 2.27, 0.0069313159195341515
No.591: 1.40, 1.63, 0.88, 1.78, 0.96, 1.51, 8.94, 4.47, 1.72, 2.27, 0.0069313159195341515
No.480: 1.40, 1.63, 0.88, 1.78, 0.96, 1.51, 8.94, 4.49, 1.71, 2.27, 0.006931332767283563
No.492: 1.40, 1.63, 0.88, 1.78, 0.96, 1.51, 8.94, 4.49, 1.71, 2.27, 0.006931332767283563
No.504: 1.40, 1.63, 0.88, 1.78, 0.96, 1.51, 8.94, 4.49, 1.71, 2.27, 0.006931332767283563
No.292: 1.40, 1.64, 0.88, 1.78, 0.97, 1.50, 8.90, 4.49, 1.70, 2.26, 0.006931371649558517
No.300: 1.40, 1.64, 0.88, 1.78, 0.97, 1.50, 8.90, 4.49, 1.70, 2.27, 0.006931371649558517
No.314: 1.40, 1.64, 0.88, 1.78, 0.97, 1.50, 8.90, 4.48, 1.70, 2.27, 0.006931399731934769
No.264: 1.41, 1.63, 0.88, 1.78, 0.96, 1.51, 8.90, 4.46, 1.71, 2.30, 0.006931459156915071
No.328: 1.41, 1.64, 0.87, 1.78, 0.96, 1.51, 8.89, 4.49, 1.70, 2.28, 0.006931477406654801
No.298: 1.40, 1.63, 0.88, 1.78, 0.96, 1.51, 8.89, 4.52, 1.71, 2.25, 0.006931527822897792
No.310: 1.41, 1.64, 0.87, 1.78, 0.96, 1.51, 8.88, 4.49, 1.70, 2.28, 0.006931566037299574
No.257: 1.41, 1.63, 0.88, 1.78, 0.96, 1.51, 8.90, 4.45, 1.71, 2.30, 0.006931570848499868
No.340: 1.41, 1.64, 0.87, 1.78, 0.96, 1.51, 8.90, 4.48, 1.70, 2.27, 0.006931575286394816
No.351: 1.40, 1.63, 0.88, 1.78, 0.96, 1.50, 8.95, 4.49, 1.71, 2.27, 0.00693163291127768
No.362: 1.40, 1.63, 0.88, 1.78, 0.96, 1.51, 8.95, 4.45, 1.71, 2.28, 0.0069316447396194185
No.385: 1.40, 1.63, 0.88, 1.78, 0.96, 1.51, 8.95, 4.45, 1.71, 2.29, 0.0069316447396194185
No.388: 1.40, 1.63, 0.88, 1.78, 0.96, 1.51, 8.95, 4.45, 1.71, 2.28, 0.0069316447396194185
No.398: 1.40, 1.63, 0.88, 1.78, 0.96, 1.51, 8.95, 4.45, 1.71, 2.29, 0.0069316447396194185
No.329: 1.40, 1.63, 0.88, 1.78, 0.96, 1.50, 8.95, 4.50, 1.72, 2.27, 0.00693164535689749
No.341: 1.40, 1.63, 0.88, 1.78, 0.96, 1.50, 8.95, 4.50, 1.72, 2.27, 0.00693164535689749
No.320: 1.40, 1.63, 0.88, 1.78, 0.96, 1.50, 8.95, 4.51, 1.72, 2.27, 0.006931671552177524
No.370: 1.40, 1.64, 0.88, 1.78, 0.96, 1.51, 8.99, 4.46, 1.73, 2.27, 0.006931793983607253
No.302: 1.40, 1.63, 0.89, 1.77, 0.97, 1.51, 8.89, 4.43, 1.71, 2.29, 0.006931833202867832
No.277: 1.41, 1.63, 0.88, 1.78, 0.96, 1.51, 8.91, 4.46, 1.71, 2.30, 0.006931841875945859
No.301: 1.41, 1.63, 0.88, 1.78, 0.96, 1.51, 8.91, 4.46, 1.71, 2.30, 0.006931841875945859
No.317: 1.41, 1.63, 0.88, 1.78, 0.96, 1.51, 8.91, 4.46, 1.71, 2.29, 0.006931841875945859
No.330: 1.41, 1.63, 0.88, 1.78, 0.96, 1.51, 8.91, 4.46, 1.71, 2.29, 0.006931841875945859
No.316: 1.40, 1.63, 0.88, 1.77, 0.97, 1.51, 8.89, 4.43, 1.71, 2.28, 0.006931842206733498
No.306: 1.41, 1.63, 0.88, 1.79, 0.96, 1.51, 8.88, 4.43, 1.71, 2.29, 0.006931845893851747
No.272: 1.40, 1.63, 0.89, 1.77, 0.97, 1.51, 8.88, 4.42, 1.71, 2.29, 0.006931858589691097
No.278: 1.40, 1.63, 0.89, 1.77, 0.97, 1.51, 8.89, 4.42, 1.71, 2.29, 0.006931924132711151
No.331: 1.40, 1.63, 0.88, 1.77, 0.97, 1.51, 8.90, 4.44, 1.71, 2.28, 0.006931954630605277
No.343: 1.40, 1.63, 0.88, 1.77, 0.97, 1.51, 8.90, 4.44, 1.71, 2.28, 0.006931954630605277
No.357: 1.41, 1.64, 0.88, 1.79, 0.96, 1.50, 8.94, 4.48, 1.71, 2.26, 0.00693199104714485
No.303: 1.40, 1.64, 0.88, 1.79, 0.96, 1.51, 8.93, 4.46, 1.73, 2.26, 0.006932158649592957
No.319: 1.40, 1.64, 0.88, 1.79, 0.96, 1.51, 8.93, 4.46, 1.73, 2.26, 0.006932158649592957
No.322: 1.40, 1.64, 0.88, 1.79, 0.96, 1.51, 8.93, 4.46, 1.72, 2.27, 0.006932158649592957
No.332: 1.40, 1.64, 0.88, 1.79, 0.96, 1.51, 8.93, 4.46, 1.73, 2.26, 0.006932158649592957
No.334: 1.40, 1.64, 0.88, 1.79, 0.96, 1.51, 8.93, 4.46, 1.72, 2.27, 0.006932158649592957
No.344: 1.40, 1.64, 0.88, 1.79, 0.96, 1.51, 8.93, 4.46, 1.72, 2.26, 0.006932158649592957
No.213: 1.40, 1.64, 0.88, 1.79, 0.97, 1.51, 8.93, 4.45, 1.74, 2.25, 0.006932190812431346
No.265: 1.40, 1.64, 0.88, 1.79, 0.97, 1.51, 8.93, 4.45, 1.74, 2.26, 0.006932190812431346
No.279: 1.40, 1.64, 0.88, 1.79, 0.96, 1.51, 8.93, 4.45, 1.73, 2.26, 0.00693219175816081
No.361: 1.40, 1.65, 0.88, 1.78, 0.97, 1.50, 8.97, 4.47, 1.72, 2.24, 0.006932336035625986
No.342: 1.41, 1.63, 0.88, 1.78, 0.96, 1.51, 8.92, 4.46, 1.71, 2.29, 0.0069323402220203695
No.387: 1.40, 1.65, 0.88, 1.78, 0.97, 1.50, 8.95, 4.48, 1.72, 2.25, 0.006932406921201694
No.260: 1.41, 1.62, 0.87, 1.78, 0.96, 1.52, 8.87, 4.53, 1.72, 2.26, 0.0069324681869651445
No.237: 1.41, 1.63, 0.87, 1.78, 0.95, 1.52, 8.92, 4.43, 1.72, 2.30, 0.006932483261799046
No.267: 1.41, 1.63, 0.87, 1.78, 0.95, 1.51, 8.92, 4.44, 1.72, 2.30, 0.0069325693620669844
No.321: 1.40, 1.63, 0.88, 1.77, 0.96, 1.51, 8.92, 4.49, 1.69, 2.29, 0.006932577568118776
No.333: 1.40, 1.63, 0.88, 1.77, 0.96, 1.50, 8.92, 4.49, 1.70, 2.29, 0.0069325881744721485
No.284: 1.42, 1.63, 0.88, 1.79, 0.96, 1.50, 8.84, 4.48, 1.70, 2.27, 0.006932615653403417
No.304: 1.42, 1.63, 0.88, 1.79, 0.96, 1.50, 8.84, 4.48, 1.70, 2.27, 0.006932615653403417
No.402: 1.41, 1.64, 0.88, 1.78, 0.96, 1.50, 8.93, 4.46, 1.71, 2.27, 0.006932647973614169
No.261: 1.41, 1.63, 0.87, 1.78, 0.96, 1.50, 8.93, 4.53, 1.71, 2.26, 0.006932697985908276
No.268: 1.41, 1.63, 0.87, 1.78, 0.96, 1.50, 8.93, 4.53, 1.71, 2.26, 0.006932697985908276
No.239: 1.41, 1.62, 0.88, 1.78, 0.96, 1.51, 8.86, 4.47, 1.72, 2.31, 0.006932716467648968
No.281: 1.41, 1.63, 0.87, 1.78, 0.96, 1.50, 8.93, 4.52, 1.71, 2.27, 0.006932719250056729
No.305: 1.41, 1.63, 0.87, 1.78, 0.96, 1.50, 8.93, 4.52, 1.71, 2.27, 0.006932719250056729
No.295: 1.41, 1.63, 0.88, 1.78, 0.96, 1.50, 8.93, 4.51, 1.71, 2.27, 0.006932749574518902
No.286: 1.41, 1.64, 0.88, 1.79, 0.96, 1.50, 8.93, 4.42, 1.71, 2.31, 0.00693275426504831
No.266: 1.41, 1.62, 0.87, 1.78, 0.96, 1.52, 8.88, 4.53, 1.72, 2.26, 0.006932805340210649
No.309: 1.40, 1.64, 0.88, 1.79, 0.96, 1.51, 8.92, 4.46, 1.72, 2.27, 0.0069328141742394595
No.352: 1.40, 1.64, 0.88, 1.79, 0.96, 1.51, 8.92, 4.46, 1.71, 2.27, 0.0069328141742394595
No.269: 1.41, 1.62, 0.88, 1.78, 0.96, 1.51, 8.87, 4.47, 1.72, 2.31, 0.0069328967136355986
No.270: 1.42, 1.63, 0.87, 1.79, 0.96, 1.50, 8.83, 4.48, 1.69, 2.27, 0.006933003660398849
No.347: 1.40, 1.63, 0.88, 1.77, 0.96, 1.50, 8.93, 4.49, 1.70, 2.28, 0.006933142671755452
No.280: 1.41, 1.63, 0.87, 1.78, 0.95, 1.51, 8.93, 4.44, 1.72, 2.30, 0.006933171774641172
No.283: 1.41, 1.62, 0.88, 1.78, 0.96, 1.51, 8.88, 4.47, 1.72, 2.31, 0.00693319257411384
No.189: 1.42, 1.62, 0.87, 1.79, 0.96, 1.50, 8.80, 4.48, 1.69, 2.27, 0.006933321346170162
No.220: 1.42, 1.63, 0.87, 1.79, 0.96, 1.50, 8.82, 4.48, 1.69, 2.27, 0.006933487512319075
No.288: 1.40, 1.62, 0.89, 1.79, 0.96, 1.51, 8.94, 4.42, 1.73, 2.30, 0.00693354101041988
No.350: 1.40, 1.64, 0.88, 1.79, 0.96, 1.51, 8.91, 4.46, 1.71, 2.27, 0.0069335826275082725
No.245: 1.40, 1.62, 0.89, 1.79, 0.96, 1.52, 8.96, 4.42, 1.72, 2.31, 0.006933652535629818
No.246: 1.40, 1.63, 0.89, 1.76, 0.97, 1.51, 8.88, 4.41, 1.71, 2.29, 0.006933696042854778
No.255: 1.42, 1.64, 0.87, 1.78, 0.96, 1.50, 8.85, 4.52, 1.69, 2.27, 0.006933760279251591
No.273: 1.42, 1.64, 0.87, 1.78, 0.96, 1.50, 8.85, 4.52, 1.69, 2.27, 0.006933760279251591
No.318: 1.40, 1.63, 0.88, 1.79, 0.96, 1.51, 8.89, 4.43, 1.71, 2.28, 0.006933770997717596
No.248: 1.41, 1.63, 0.88, 1.79, 0.96, 1.52, 8.85, 4.40, 1.71, 2.31, 0.006933806651212254
No.287: 1.40, 1.62, 0.89, 1.79, 0.96, 1.51, 8.96, 4.41, 1.74, 2.31, 0.006933823300950154
No.263: 1.42, 1.64, 0.87, 1.78, 0.96, 1.51, 8.86, 4.50, 1.70, 2.27, 0.0069339094191541596
No.250: 1.41, 1.64, 0.88, 1.79, 0.96, 1.50, 8.91, 4.38, 1.71, 2.32, 0.006934003101400183
No.285: 1.42, 1.64, 0.87, 1.78, 0.96, 1.50, 8.86, 4.51, 1.69, 2.27, 0.006934009008442454
No.231: 1.42, 1.63, 0.88, 1.79, 0.96, 1.52, 8.86, 4.37, 1.71, 2.30, 0.00693409798926856
No.275: 1.42, 1.64, 0.87, 1.78, 0.96, 1.51, 8.87, 4.50, 1.70, 2.27, 0.006934135418138818
No.290: 1.42, 1.64, 0.87, 1.78, 0.96, 1.51, 8.87, 4.50, 1.70, 2.28, 0.006934135418138818
No.254: 1.40, 1.62, 0.88, 1.78, 0.96, 1.51, 8.91, 4.46, 1.71, 2.30, 0.00693427152734368
No.282: 1.40, 1.62, 0.87, 1.78, 0.96, 1.52, 8.88, 4.52, 1.72, 2.27, 0.006934324178964094
No.228: 1.40, 1.62, 0.89, 1.79, 0.97, 1.52, 8.93, 4.34, 1.74, 2.32, 0.006934385964861589
No.252: 1.40, 1.62, 0.87, 1.78, 0.96, 1.51, 8.92, 4.49, 1.70, 2.31, 0.006934447515200848
No.294: 1.40, 1.63, 0.89, 1.79, 0.96, 1.51, 8.88, 4.42, 1.71, 2.29, 0.006934734259254024
No.204: 1.40, 1.62, 0.87, 1.78, 0.97, 1.51, 8.93, 4.52, 1.69, 2.32, 0.006934888675165162
No.221: 1.40, 1.62, 0.87, 1.78, 0.97, 1.51, 8.93, 4.52, 1.70, 2.31, 0.006934888675165162
No.188: 1.43, 1.62, 0.88, 1.79, 0.96, 1.50, 8.80, 4.44, 1.69, 2.28, 0.0069349107984532764
No.226: 1.41, 1.64, 0.89, 1.79, 0.96, 1.49, 8.91, 4.36, 1.71, 2.33, 0.006934926036502236
No.243: 1.41, 1.62, 0.88, 1.79, 0.96, 1.52, 8.83, 4.39, 1.71, 2.31, 0.006935216471585486
No.214: 1.40, 1.65, 0.88, 1.79, 0.97, 1.51, 8.94, 4.46, 1.74, 2.24, 0.006935328779272807
No.241: 1.41, 1.63, 0.87, 1.81, 0.95, 1.51, 8.91, 4.43, 1.72, 2.32, 0.0069353839648387955
No.236: 1.40, 1.62, 0.89, 1.79, 0.96, 1.52, 9.00, 4.42, 1.72, 2.31, 0.006935464690605878
No.253: 1.42, 1.63, 0.89, 1.79, 0.96, 1.51, 8.86, 4.34, 1.73, 2.29, 0.006935600941732345
No.223: 1.41, 1.62, 0.88, 1.78, 0.96, 1.53, 8.79, 4.38, 1.71, 2.32, 0.00693577552424595
No.256: 1.42, 1.64, 0.88, 1.78, 0.96, 1.51, 8.86, 4.40, 1.72, 2.28, 0.006935952210029387
No.202: 1.42, 1.63, 0.87, 1.82, 0.94, 1.51, 8.92, 4.43, 1.72, 2.33, 0.006936146230903239
No.222: 1.42, 1.63, 0.87, 1.82, 0.94, 1.51, 8.92, 4.43, 1.72, 2.32, 0.006936146230903239
No.308: 1.40, 1.62, 0.88, 1.77, 0.96, 1.51, 8.90, 4.48, 1.69, 2.30, 0.006936238015470393
No.232: 1.42, 1.62, 0.88, 1.77, 0.96, 1.51, 8.84, 4.49, 1.72, 2.32, 0.006936502449174287
No.234: 1.41, 1.63, 0.89, 1.80, 0.97, 1.51, 8.86, 4.41, 1.71, 2.31, 0.0069366503633369655
No.274: 1.39, 1.62, 0.89, 1.79, 0.97, 1.51, 8.95, 4.43, 1.74, 2.30, 0.006936698271202612
No.199: 1.41, 1.62, 0.88, 1.78, 0.95, 1.53, 8.78, 4.37, 1.71, 2.32, 0.006936798356089305
No.247: 1.41, 1.63, 0.88, 1.78, 0.97, 1.50, 8.97, 4.45, 1.72, 2.29, 0.006936799194313729
No.242: 1.41, 1.63, 0.88, 1.79, 0.96, 1.49, 9.02, 4.47, 1.72, 2.29, 0.0069374382564583595
No.244: 1.43, 1.63, 0.87, 1.79, 0.96, 1.50, 8.78, 4.43, 1.71, 2.30, 0.006937747384319797
No.225: 1.39, 1.62, 0.90, 1.79, 0.96, 1.52, 9.05, 4.42, 1.72, 2.31, 0.0069380422837180935
No.227: 1.41, 1.63, 0.89, 1.80, 0.97, 1.50, 8.85, 4.41, 1.71, 2.31, 0.006938176327478559
No.238: 1.40, 1.64, 0.88, 1.81, 0.96, 1.52, 8.96, 4.34, 1.71, 2.29, 0.0069384424759821595
No.240: 1.40, 1.62, 0.89, 1.76, 0.98, 1.51, 8.87, 4.41, 1.71, 2.28, 0.006938512840189761
No.215: 1.40, 1.64, 0.89, 1.81, 0.96, 1.52, 8.96, 4.33, 1.70, 2.29, 0.006938589283090761
No.233: 1.41, 1.62, 0.87, 1.78, 0.95, 1.52, 8.95, 4.43, 1.73, 2.30, 0.006938690380831509
No.210: 1.39, 1.62, 0.90, 1.79, 0.96, 1.52, 9.06, 4.41, 1.72, 2.31, 0.006938720674791765
No.209: 1.42, 1.64, 0.89, 1.79, 0.96, 1.49, 8.91, 4.35, 1.70, 2.34, 0.006938896964199571
No.212: 1.41, 1.63, 0.90, 1.80, 0.97, 1.50, 8.84, 4.41, 1.70, 2.31, 0.006939440969428016
No.249: 1.40, 1.61, 0.87, 1.78, 0.97, 1.53, 8.87, 4.50, 1.73, 2.27, 0.006939607620874965
No.224: 1.40, 1.64, 0.89, 1.81, 0.96, 1.52, 8.95, 4.34, 1.70, 2.29, 0.006939730505846215
No.217: 1.40, 1.61, 0.90, 1.79, 0.97, 1.52, 8.93, 4.32, 1.74, 2.33, 0.006939826796196184
No.206: 1.43, 1.62, 0.88, 1.78, 0.96, 1.52, 8.82, 4.34, 1.70, 2.30, 0.006940176148835766
No.251: 1.42, 1.64, 0.89, 1.79, 0.96, 1.51, 8.85, 4.31, 1.74, 2.28, 0.006940287970972271
No.229: 1.43, 1.62, 0.88, 1.78, 0.96, 1.52, 8.83, 4.35, 1.70, 2.29, 0.006940501653622005
No.174: 1.40, 1.61, 0.90, 1.79, 0.97, 1.52, 8.95, 4.29, 1.76, 2.34, 0.00694083178752417
No.208: 1.42, 1.61, 0.88, 1.77, 0.96, 1.51, 8.83, 4.48, 1.73, 2.33, 0.006941252021548944
No.219: 1.43, 1.62, 0.88, 1.78, 0.96, 1.52, 8.85, 4.36, 1.70, 2.30, 0.006941963488162491
No.198: 1.42, 1.60, 0.89, 1.79, 0.95, 1.52, 8.84, 4.37, 1.68, 2.38, 0.006942317542946788
No.203: 1.41, 1.63, 0.90, 1.80, 0.97, 1.50, 8.82, 4.41, 1.70, 2.31, 0.006942355942041217
No.262: 1.39, 1.61, 0.89, 1.79, 0.97, 1.51, 8.95, 4.42, 1.74, 2.30, 0.006942371619903274
No.175: 1.39, 1.61, 0.90, 1.79, 0.97, 1.52, 8.99, 4.29, 1.76, 2.35, 0.006943198977305911
No.235: 1.43, 1.63, 0.86, 1.79, 0.96, 1.50, 8.71, 4.43, 1.71, 2.30, 0.006944221430023208
No.197: 1.44, 1.62, 0.87, 1.79, 0.96, 1.50, 8.66, 4.40, 1.70, 2.33, 0.006945719528407042
No.200: 1.42, 1.59, 0.88, 1.79, 0.96, 1.53, 8.76, 4.47, 1.71, 2.31, 0.006946138772846023
No.218: 1.38, 1.63, 0.89, 1.81, 0.95, 1.50, 8.99, 4.47, 1.72, 2.32, 0.0069466490310980495
No.216: 1.42, 1.65, 0.86, 1.80, 0.95, 1.50, 8.84, 4.53, 1.66, 2.27, 0.006947525969499824
No.201: 1.42, 1.61, 0.88, 1.76, 0.96, 1.50, 8.83, 4.52, 1.73, 2.33, 0.006947628055022024
No.207: 1.42, 1.62, 0.89, 1.82, 0.96, 1.53, 8.82, 4.30, 1.68, 2.31, 0.006947875904075947
No.230: 1.38, 1.63, 0.89, 1.81, 0.96, 1.50, 8.98, 4.47, 1.72, 2.31, 0.006948352800776365
No.196: 1.44, 1.63, 0.88, 1.78, 0.97, 1.53, 8.82, 4.30, 1.70, 2.29, 0.006949313986920083
No.192: 1.44, 1.62, 0.89, 1.80, 0.95, 1.52, 8.71, 4.28, 1.72, 2.33, 0.0069493641541409235
No.190: 1.44, 1.60, 0.86, 1.78, 0.94, 1.53, 8.79, 4.38, 1.72, 2.34, 0.006950906932452459
No.169: 1.43, 1.60, 0.89, 1.75, 0.98, 1.52, 8.67, 4.34, 1.71, 2.32, 0.006953180609370092
No.182: 1.43, 1.61, 0.89, 1.81, 0.96, 1.54, 8.72, 4.22, 1.68, 2.31, 0.006953792821550498
No.185: 1.44, 1.63, 0.89, 1.78, 0.96, 1.51, 8.79, 4.21, 1.70, 2.34, 0.006954751571881112
No.177: 1.45, 1.61, 0.88, 1.79, 0.96, 1.50, 8.77, 4.28, 1.70, 2.33, 0.0069552710259882175
No.194: 1.45, 1.63, 0.88, 1.78, 0.97, 1.52, 8.70, 4.27, 1.73, 2.26, 0.006955619477323291
No.186: 1.43, 1.61, 0.90, 1.78, 0.96, 1.54, 8.88, 4.21, 1.73, 2.29, 0.006955936780305323
No.195: 1.44, 1.63, 0.88, 1.77, 0.97, 1.53, 8.84, 4.31, 1.69, 2.28, 0.006957128939552044
No.180: 1.42, 1.59, 0.89, 1.80, 0.95, 1.51, 8.72, 4.29, 1.74, 2.35, 0.006957577105820139
No.159: 1.45, 1.63, 0.87, 1.78, 0.97, 1.52, 8.66, 4.25, 1.74, 2.23, 0.006958143650743204
No.183: 1.45, 1.62, 0.90, 1.81, 0.95, 1.52, 8.68, 4.28, 1.73, 2.33, 0.006958245825875402
No.187: 1.43, 1.63, 0.92, 1.80, 0.98, 1.50, 8.74, 4.19, 1.71, 2.28, 0.006959039215747258
No.116: 1.44, 1.60, 0.91, 1.79, 0.97, 1.54, 8.72, 4.07, 1.75, 2.35, 0.0069610038189200085
No.165: 1.44, 1.60, 0.87, 1.77, 0.94, 1.54, 8.78, 4.29, 1.74, 2.36, 0.006961096619759348
No.205: 1.39, 1.60, 0.88, 1.80, 0.95, 1.50, 8.84, 4.55, 1.72, 2.36, 0.006961179695178292
No.173: 1.44, 1.61, 0.88, 1.80, 0.96, 1.51, 8.61, 4.29, 1.72, 2.36, 0.006961523929837673
No.178: 1.44, 1.64, 0.89, 1.78, 0.95, 1.50, 8.81, 4.19, 1.69, 2.34, 0.006961947264381105
No.161: 1.42, 1.60, 0.88, 1.76, 0.97, 1.52, 8.80, 4.22, 1.72, 2.32, 0.0069620039143131135
No.171: 1.43, 1.61, 0.89, 1.82, 0.95, 1.55, 8.71, 4.21, 1.67, 2.31, 0.006962698458238029
No.211: 1.42, 1.61, 0.87, 1.77, 0.94, 1.53, 8.95, 4.40, 1.72, 2.34, 0.006963303005938744
No.167: 1.42, 1.58, 0.90, 1.80, 0.95, 1.50, 8.71, 4.30, 1.75, 2.35, 0.006965923937531058
No.193: 1.41, 1.58, 0.90, 1.79, 0.95, 1.52, 8.90, 4.34, 1.69, 2.41, 0.00696843222147171
No.156: 1.43, 1.57, 0.88, 1.79, 0.97, 1.54, 8.66, 4.32, 1.76, 2.31, 0.006968453282551215
No.163: 1.46, 1.61, 0.88, 1.79, 0.96, 1.50, 8.79, 4.29, 1.69, 2.33, 0.006969164002564527
No.117: 1.45, 1.62, 0.91, 1.79, 0.97, 1.55, 8.71, 4.02, 1.74, 2.33, 0.006969192870778884
No.184: 1.43, 1.57, 0.89, 1.80, 0.97, 1.54, 8.64, 4.33, 1.76, 2.32, 0.0069697372516222544
No.191: 1.42, 1.60, 0.87, 1.76, 0.97, 1.52, 8.87, 4.31, 1.71, 2.29, 0.006970355842594296
No.176: 1.40, 1.60, 0.89, 1.78, 0.96, 1.56, 8.66, 4.22, 1.76, 2.32, 0.0069732679792047485
No.118: 1.48, 1.60, 0.87, 1.78, 0.96, 1.53, 8.47, 4.23, 1.69, 2.30, 0.0069744501053762556
No.152: 1.44, 1.62, 0.88, 1.80, 0.96, 1.50, 8.57, 4.31, 1.72, 2.38, 0.006976502765978372
No.157: 1.43, 1.62, 0.89, 1.83, 0.95, 1.56, 8.72, 4.18, 1.64, 2.30, 0.006976897185941383
No.181: 1.43, 1.61, 0.89, 1.74, 0.97, 1.49, 8.79, 4.30, 1.79, 2.35, 0.006977879193767245
No.155: 1.43, 1.59, 0.90, 1.73, 0.98, 1.53, 8.66, 4.38, 1.70, 2.31, 0.006978038513281281
No.146: 1.41, 1.58, 0.90, 1.81, 0.94, 1.49, 8.72, 4.32, 1.76, 2.37, 0.006978343536560437
No.150: 1.44, 1.59, 0.86, 1.77, 0.93, 1.55, 8.82, 4.31, 1.74, 2.37, 0.0069785195327699435
No.179: 1.45, 1.64, 0.88, 1.76, 0.98, 1.54, 8.79, 4.18, 1.69, 2.30, 0.0069793665160569895
No.139: 1.46, 1.61, 0.88, 1.79, 0.96, 1.48, 8.84, 4.31, 1.68, 2.33, 0.006980164669061877
No.160: 1.42, 1.60, 0.88, 1.75, 0.98, 1.52, 8.85, 4.21, 1.72, 2.32, 0.0069821885035154995
No.148: 1.47, 1.60, 0.89, 1.83, 0.94, 1.52, 8.52, 4.33, 1.72, 2.33, 0.006983478961200546
No.153: 1.46, 1.65, 0.87, 1.78, 0.98, 1.52, 8.66, 4.24, 1.75, 2.19, 0.006985935697610432
No.168: 1.45, 1.61, 0.87, 1.85, 0.94, 1.52, 8.72, 4.12, 1.74, 2.33, 0.006987546985683742
No.143: 1.46, 1.59, 0.88, 1.74, 0.97, 1.48, 8.60, 4.38, 1.81, 2.35, 0.0069895969522045
No.141: 1.47, 1.64, 0.89, 1.77, 0.95, 1.49, 8.65, 4.26, 1.71, 2.34, 0.006990523812587485
No.137: 1.42, 1.59, 0.90, 1.71, 1.00, 1.53, 8.66, 4.42, 1.69, 2.31, 0.00699429118189762
No.164: 1.43, 1.61, 0.91, 1.80, 0.99, 1.49, 8.54, 4.21, 1.69, 2.27, 0.006997174508301185
No.162: 1.41, 1.59, 0.88, 1.78, 0.96, 1.57, 8.52, 4.21, 1.76, 2.32, 0.006999540792386813
No.136: 1.44, 1.55, 0.90, 1.78, 0.94, 1.50, 8.65, 4.34, 1.71, 2.50, 0.007002531076360547
No.170: 1.45, 1.59, 0.88, 1.73, 0.98, 1.48, 8.64, 4.34, 1.81, 2.35, 0.007002690180475471
No.158: 1.42, 1.55, 0.91, 1.81, 0.94, 1.52, 8.68, 4.31, 1.68, 2.48, 0.0070028847953021315
No.166: 1.48, 1.63, 0.86, 1.76, 0.99, 1.56, 8.65, 4.19, 1.67, 2.27, 0.0070041790574377856
No.172: 1.44, 1.58, 0.89, 1.76, 0.97, 1.55, 8.82, 4.20, 1.72, 2.26, 0.00701393766811865
No.132: 1.44, 1.63, 0.87, 1.81, 0.96, 1.49, 8.53, 4.31, 1.72, 2.39, 0.007015111071163132
No.144: 1.44, 1.59, 0.85, 1.76, 0.92, 1.57, 8.90, 4.31, 1.75, 2.38, 0.007019521991397118
No.134: 1.48, 1.60, 0.90, 1.85, 0.93, 1.53, 8.45, 4.35, 1.71, 2.31, 0.007021838476112999
No.128: 1.39, 1.57, 0.91, 1.82, 0.93, 1.48, 8.74, 4.34, 1.78, 2.37, 0.007023266171108661
No.119: 1.45, 1.60, 0.93, 1.80, 0.99, 1.44, 8.37, 4.29, 1.70, 2.33, 0.00703166809031341
No.112: 1.46, 1.58, 0.87, 1.72, 0.97, 1.47, 8.60, 4.42, 1.86, 2.35, 0.00703396641848599
No.149: 1.45, 1.61, 0.93, 1.80, 0.99, 1.44, 8.38, 4.28, 1.70, 2.33, 0.007036905317475507
No.126: 1.48, 1.66, 0.88, 1.77, 0.94, 1.48, 8.67, 4.24, 1.70, 2.33, 0.007038219657129984
No.130: 1.47, 1.61, 0.88, 1.79, 0.96, 1.47, 8.95, 4.31, 1.66, 2.32, 0.007040091917604888
No.111: 1.45, 1.57, 0.88, 1.72, 0.97, 1.48, 8.62, 4.41, 1.85, 2.37, 0.00704384015268056
No.154: 1.49, 1.63, 0.86, 1.86, 0.91, 1.48, 8.65, 4.13, 1.78, 2.35, 0.007053324398785366
No.123: 1.49, 1.61, 0.88, 1.87, 0.91, 1.45, 8.57, 4.16, 1.77, 2.40, 0.00705546487084764
No.107: 1.43, 1.53, 0.91, 1.77, 0.93, 1.51, 8.67, 4.37, 1.70, 2.56, 0.007055771381234019
No.140: 1.41, 1.53, 0.91, 1.80, 0.98, 1.52, 8.53, 4.38, 1.75, 2.37, 0.0070716887670462395
No.133: 1.49, 1.60, 0.90, 1.87, 0.92, 1.54, 8.37, 4.38, 1.71, 2.29, 0.007079652455544116
No.113: 1.42, 1.60, 0.89, 1.71, 0.98, 1.43, 8.89, 4.17, 1.76, 2.45, 0.00708202941890336
No.138: 1.42, 1.58, 0.91, 1.77, 0.95, 1.52, 8.23, 4.29, 1.80, 2.39, 0.007089137253247073
No.142: 1.43, 1.62, 0.92, 1.87, 0.94, 1.53, 8.62, 4.16, 1.57, 2.36, 0.007095299562449898
No.124: 1.44, 1.64, 0.86, 1.83, 0.96, 1.50, 8.47, 4.33, 1.71, 2.39, 0.0070984837460889
No.106: 1.41, 1.52, 0.91, 1.76, 0.94, 1.51, 8.69, 4.38, 1.72, 2.56, 0.007102077222200209
No.147: 1.41, 1.59, 0.88, 1.70, 0.98, 1.49, 8.90, 4.25, 1.74, 2.41, 0.007102565593934034
No.151: 1.45, 1.56, 0.91, 1.74, 0.95, 1.53, 8.80, 4.28, 1.73, 2.32, 0.007106445371970349
No.120: 1.48, 1.62, 0.87, 1.80, 0.97, 1.47, 9.09, 4.33, 1.63, 2.29, 0.00711399128225886
No.145: 1.52, 1.63, 0.86, 1.73, 0.98, 1.55, 8.55, 4.26, 1.67, 2.34, 0.007119252778726751
No.109: 1.36, 1.55, 0.92, 1.84, 0.92, 1.48, 8.78, 4.37, 1.80, 2.37, 0.007138767221283772
No.125: 1.50, 1.69, 0.88, 1.76, 0.93, 1.48, 8.68, 4.22, 1.69, 2.32, 0.0071600319379709655
No.122: 1.39, 1.50, 0.91, 1.82, 0.98, 1.48, 8.65, 4.33, 1.78, 2.45, 0.007166936172171192
No.129: 1.41, 1.58, 0.91, 1.77, 0.94, 1.49, 8.15, 4.19, 1.85, 2.48, 0.007179457637721506
No.135: 1.49, 1.68, 0.87, 1.83, 0.97, 1.47, 8.54, 4.17, 1.77, 2.13, 0.0071837022232966495
No.110: 1.44, 1.52, 0.93, 1.75, 0.95, 1.46, 8.89, 4.21, 1.77, 2.38, 0.0072436672554209
No.131: 1.47, 1.55, 0.93, 1.74, 0.95, 1.46, 8.86, 4.18, 1.76, 2.37, 0.007249272727090629
No.105: 1.38, 1.53, 0.92, 1.68, 1.01, 1.51, 8.86, 4.40, 1.72, 2.36, 0.007291063249733365
No.104: 1.37, 1.51, 0.92, 1.69, 1.00, 1.51, 8.84, 4.41, 1.74, 2.39, 0.00732816447892119
No.115: 1.37, 1.47, 0.91, 1.84, 0.99, 1.48, 8.62, 4.35, 1.80, 2.48, 0.007331818875403759
No.102: 1.36, 1.50, 0.94, 1.74, 0.97, 1.50, 8.29, 4.25, 1.88, 2.50, 0.00733194610935881
No.101: 1.36, 1.48, 0.94, 1.74, 0.97, 1.50, 8.36, 4.28, 1.88, 2.51, 0.0073632695580456466
No.127: 1.56, 1.66, 0.86, 1.72, 1.00, 1.48, 8.52, 4.15, 1.65, 2.38, 0.007365831142928074
No.121: 1.50, 1.67, 0.89, 1.68, 0.95, 1.48, 8.85, 4.23, 1.67, 2.28, 0.007383095089103652
No.103: 1.38, 1.49, 0.88, 1.72, 0.94, 1.54, 8.99, 4.28, 1.85, 2.49, 0.007413873508833333
No.98: 1.33, 1.48, 0.95, 1.73, 0.97, 1.46, 8.99, 4.35, 1.89, 2.56, 0.0074241382916798975
No.97: 1.33, 1.47, 0.95, 1.73, 0.97, 1.46, 8.96, 4.37, 1.89, 2.57, 0.007463687580347737
No.95: 1.35, 1.45, 0.91, 1.72, 0.96, 1.43, 8.80, 4.56, 1.86, 2.55, 0.007523076279412405
No.108: 1.36, 1.45, 0.91, 1.89, 1.00, 1.48, 8.55, 4.35, 1.80, 2.48, 0.007548576417690291
No.99: 1.35, 1.42, 0.94, 1.80, 0.94, 1.54, 8.59, 4.54, 1.87, 2.47, 0.007569172425672783
No.94: 1.34, 1.43, 0.92, 1.72, 0.96, 1.44, 8.80, 4.55, 1.86, 2.57, 0.007637657211395149
No.93: 1.30, 1.42, 0.96, 1.81, 0.95, 1.51, 8.86, 4.33, 1.78, 2.58, 0.0077016358662732685
No.114: 1.42, 1.59, 0.92, 1.59, 0.93, 1.47, 9.01, 4.33, 1.81, 2.44, 0.0077475912376716695
No.92: 1.30, 1.41, 0.96, 1.79, 0.95, 1.50, 8.85, 4.35, 1.80, 2.59, 0.0077489933633976315
No.100: 1.28, 1.44, 0.92, 1.79, 0.96, 1.53, 8.58, 4.55, 1.85, 2.60, 0.007842440613853134
No.87: 1.35, 1.39, 0.93, 1.69, 1.01, 1.52, 8.65, 4.43, 1.83, 2.66, 0.007891491213457422
No.96: 1.34, 1.47, 0.94, 1.60, 0.93, 1.52, 8.91, 4.46, 1.84, 2.59, 0.007939990469493192
No.86: 1.33, 1.38, 0.93, 1.69, 1.00, 1.52, 8.70, 4.44, 1.85, 2.66, 0.007991427313509053
No.85: 1.27, 1.40, 0.95, 1.69, 0.99, 1.50, 8.82, 4.45, 1.95, 2.51, 0.008024480366056375
No.89: 1.29, 1.37, 0.95, 1.77, 0.92, 1.50, 8.66, 4.43, 1.98, 2.71, 0.00803542851798868
No.84: 1.27, 1.39, 0.95, 1.69, 0.99, 1.50, 8.84, 4.46, 1.95, 2.54, 0.0080853508468621
No.91: 1.27, 1.37, 1.00, 1.75, 0.98, 1.46, 8.44, 4.59, 1.90, 2.65, 0.00822605528526457
No.80: 1.27, 1.36, 0.95, 1.73, 0.96, 1.50, 9.10, 4.65, 1.87, 2.66, 0.008238589527053235
No.90: 1.35, 1.38, 0.98, 1.67, 0.96, 1.46, 8.98, 4.41, 1.90, 2.58, 0.008257488206858475
No.83: 1.27, 1.40, 0.96, 1.63, 0.98, 1.43, 9.05, 4.39, 1.89, 2.74, 0.008284256877048443
No.79: 1.26, 1.35, 0.95, 1.73, 0.96, 1.50, 9.05, 4.64, 1.88, 2.67, 0.008314797448262768
No.78: 1.28, 1.34, 0.96, 1.68, 0.96, 1.50, 8.69, 4.57, 1.88, 2.68, 0.008376819325753855
No.77: 1.27, 1.33, 0.96, 1.68, 0.96, 1.50, 8.71, 4.58, 1.88, 2.69, 0.008474841845553105
No.88: 1.26, 1.30, 0.96, 1.83, 1.00, 1.44, 8.70, 4.50, 1.92, 2.68, 0.008569953634491721
No.75: 1.24, 1.31, 1.00, 1.73, 0.98, 1.52, 8.79, 4.40, 1.92, 2.72, 0.008613270430277568
No.74: 1.24, 1.31, 0.99, 1.72, 0.98, 1.52, 8.80, 4.44, 1.92, 2.73, 0.008628762616147917
No.73: 1.27, 1.32, 0.96, 1.64, 0.99, 1.47, 8.73, 4.61, 2.00, 2.73, 0.008674374511137176
No.81: 1.30, 1.34, 0.92, 1.66, 0.97, 1.51, 9.19, 4.38, 1.93, 2.68, 0.008710727388272579
No.72: 1.26, 1.31, 0.96, 1.65, 0.99, 1.47, 8.75, 4.62, 2.00, 2.73, 0.008736961712203225
No.76: 1.21, 1.32, 0.93, 1.74, 0.99, 1.52, 8.69, 4.55, 1.94, 2.77, 0.008763304334018606
No.70: 1.26, 1.32, 0.96, 1.64, 1.04, 1.48, 9.02, 4.56, 1.85, 2.66, 0.008823740536766711
No.69: 1.25, 1.31, 0.96, 1.65, 1.04, 1.48, 9.01, 4.57, 1.87, 2.68, 0.008854600194135955
No.82: 1.28, 1.40, 0.94, 1.54, 0.97, 1.55, 9.05, 4.50, 1.89, 2.68, 0.008860735978619635
No.66: 1.20, 1.32, 0.97, 1.65, 0.96, 1.48, 9.13, 4.57, 1.98, 2.71, 0.008922641921247287
No.65: 1.20, 1.31, 0.97, 1.66, 0.97, 1.48, 9.08, 4.59, 1.98, 2.71, 0.008949324468718897
No.68: 1.25, 1.30, 0.96, 1.64, 0.97, 1.49, 9.05, 4.58, 1.88, 2.80, 0.00900277461310373
No.63: 1.24, 1.26, 0.95, 1.70, 0.98, 1.57, 8.84, 4.69, 1.94, 2.69, 0.009034813786262643
No.62: 1.23, 1.26, 0.95, 1.70, 0.98, 1.56, 8.84, 4.69, 1.94, 2.70, 0.009069399298433912
No.64: 1.22, 1.24, 0.97, 1.82, 0.99, 1.46, 8.80, 4.62, 1.95, 2.75, 0.009127365939321229
No.71: 1.19, 1.28, 1.00, 1.73, 1.00, 1.49, 8.57, 4.78, 1.91, 2.77, 0.009206107528317103
No.55: 1.21, 1.25, 0.98, 1.67, 1.01, 1.50, 8.61, 4.54, 1.97, 2.79, 0.009267999632887429
No.57: 1.18, 1.25, 0.97, 1.71, 1.02, 1.49, 8.93, 4.60, 1.98, 2.80, 0.009325053435090292
No.60: 1.24, 1.25, 1.01, 1.65, 1.00, 1.47, 9.00, 4.64, 1.94, 2.72, 0.009325832620787823
No.54: 1.20, 1.24, 0.98, 1.69, 1.01, 1.50, 8.63, 4.57, 1.97, 2.79, 0.00935616143042247
No.58: 1.21, 1.25, 0.95, 1.65, 1.01, 1.46, 8.93, 4.80, 1.96, 2.77, 0.009370322869756453
No.53: 1.18, 1.23, 0.98, 1.72, 1.00, 1.51, 9.03, 4.66, 1.87, 2.77, 0.009443311449542066
No.52: 1.17, 1.23, 0.98, 1.73, 1.00, 1.51, 8.97, 4.67, 1.89, 2.78, 0.0094946302619461
No.67: 1.25, 1.26, 0.94, 1.64, 1.00, 1.50, 9.29, 4.47, 1.96, 2.74, 0.00950274901769387
No.51: 1.19, 1.21, 0.98, 1.73, 0.96, 1.51, 8.91, 4.67, 2.00, 2.80, 0.009520690341359153
No.50: 1.18, 1.21, 0.98, 1.73, 0.96, 1.50, 8.87, 4.68, 2.00, 2.80, 0.009583176661365808
No.49: 1.17, 1.21, 0.98, 1.75, 1.01, 1.50, 8.85, 4.67, 2.00, 2.65, 0.009637616783405297
No.48: 1.17, 1.20, 0.98, 1.76, 1.01, 1.50, 8.81, 4.68, 2.00, 2.68, 0.00971358735732465
No.61: 1.16, 1.24, 1.01, 1.77, 0.99, 1.50, 8.51, 4.82, 1.97, 2.76, 0.00977008913775849
No.47: 1.20, 1.17, 0.99, 1.77, 1.02, 1.51, 8.60, 4.75, 1.95, 2.80, 0.009781906931417138
No.56: 1.18, 1.23, 0.99, 1.60, 1.01, 1.55, 8.84, 4.75, 1.98, 2.77, 0.0097945543816902
No.46: 1.19, 1.18, 0.99, 1.78, 1.02, 1.51, 8.60, 4.75, 1.96, 2.80, 0.009796734720666648
No.45: 1.15, 1.20, 1.02, 1.70, 1.02, 1.44, 8.81, 4.69, 2.00, 2.80, 0.009875182686770477
No.44: 1.15, 1.20, 1.01, 1.72, 1.02, 1.45, 8.77, 4.70, 2.00, 2.80, 0.009878140879333927
No.59: 1.22, 1.21, 0.96, 1.62, 1.03, 1.49, 9.19, 4.54, 1.97, 2.79, 0.009942517704210882
No.43: 1.14, 1.20, 0.95, 1.74, 1.02, 1.52, 8.74, 4.70, 2.00, 2.80, 0.009985425773519971
No.42: 1.14, 1.20, 0.95, 1.75, 1.02, 1.52, 8.70, 4.70, 2.00, 2.80, 0.010012695688159733
No.39: 1.14, 1.23, 0.99, 1.79, 0.99, 1.51, 8.46, 4.83, 1.99, 2.78, 0.010110705227917812
No.40: 1.14, 1.19, 1.01, 1.79, 1.00, 1.55, 8.62, 4.57, 2.00, 2.80, 0.010158970542998856
No.38: 1.14, 1.22, 0.99, 1.80, 0.99, 1.51, 8.46, 4.82, 1.99, 2.79, 0.010183831493248348
No.41: 1.15, 1.17, 1.00, 1.74, 0.99, 1.52, 8.56, 4.76, 1.98, 2.78, 0.010188615674400346
No.35: 1.16, 1.19, 0.99, 1.88, 0.99, 1.47, 8.59, 4.62, 1.98, 2.80, 0.010189484591259576
No.34: 1.15, 1.18, 0.99, 1.88, 1.00, 1.47, 8.55, 4.64, 1.99, 2.80, 0.010388739445605501
No.37: 1.12, 1.16, 1.00, 1.83, 1.00, 1.51, 8.81, 4.82, 1.99, 2.79, 0.010481201450411403
No.36: 1.14, 1.16, 1.00, 1.81, 1.00, 1.50, 8.42, 4.75, 2.00, 2.80, 0.010542796925969579
No.32: 1.12, 1.17, 1.00, 1.83, 1.05, 1.50, 8.42, 4.76, 1.99, 2.75, 0.01077293067744694
No.33: 1.12, 1.16, 1.00, 1.82, 1.01, 1.50, 8.40, 4.77, 1.97, 2.80, 0.010814715467487327
No.31: 1.12, 1.17, 1.00, 1.84, 1.04, 1.50, 8.41, 4.76, 1.99, 2.76, 0.01081611389256916
No.30: 1.08, 1.19, 1.00, 1.81, 0.99, 1.49, 8.56, 4.71, 2.00, 2.80, 0.010940028341049597
No.29: 1.09, 1.18, 1.00, 1.83, 1.00, 1.49, 8.52, 4.72, 2.00, 2.80, 0.01097291907221161
No.27: 1.12, 1.16, 0.97, 1.89, 0.99, 1.56, 8.35, 4.76, 2.00, 2.80, 0.011138515679557514
No.28: 1.12, 1.16, 1.04, 1.89, 0.98, 1.50, 8.33, 4.77, 2.00, 2.78, 0.011151505449674906
No.26: 1.11, 1.16, 0.98, 1.90, 0.99, 1.55, 8.34, 4.76, 2.00, 2.80, 0.011323693595546616
No.22: 1.10, 1.18, 1.00, 1.92, 1.01, 1.49, 8.43, 4.71, 2.00, 2.80, 0.01132962695693538
No.25: 1.11, 1.16, 0.99, 1.91, 1.00, 1.46, 8.34, 4.92, 2.00, 2.80, 0.011373650972212915
No.23: 1.10, 1.12, 1.00, 1.92, 1.01, 1.49, 8.47, 4.70, 2.00, 2.80, 0.011543943549130534
No.21: 1.09, 1.18, 1.00, 1.93, 1.01, 1.49, 8.40, 4.72, 2.00, 2.80, 0.01156257789181968
No.24: 1.11, 1.17, 1.00, 1.90, 1.01, 1.48, 8.06, 4.67, 2.00, 2.80, 0.011638552949318572
No.20: 1.09, 1.17, 1.00, 1.94, 1.01, 1.49, 8.38, 4.72, 1.93, 2.80, 0.011685796328215018
No.19: 1.09, 1.17, 1.00, 1.95, 1.01, 1.49, 8.35, 4.73, 1.95, 2.80, 0.011785949943604188
No.13: 1.07, 1.15, 1.02, 1.89, 1.02, 1.52, 8.19, 4.86, 2.00, 2.80, 0.012091633507827014
No.18: 1.08, 1.16, 1.00, 1.96, 1.01, 1.50, 8.31, 4.74, 2.00, 2.71, 0.0120934715939331
No.17: 1.08, 1.16, 1.00, 1.96, 0.97, 1.50, 8.28, 4.75, 2.00, 2.80, 0.01213972509641821
No.12: 1.07, 1.15, 1.02, 1.90, 1.02, 1.52, 8.19, 4.85, 2.00, 2.80, 0.012142362296451088
No.2: 1.11, 1.13, 1.00, 2.00, 1.00, 1.50, 8.11, 4.80, 2.00, 2.80, 0.012333126881801108
No.16: 1.07, 1.15, 0.96, 1.97, 1.02, 1.50, 8.25, 4.76, 2.00, 2.80, 0.012438624236184534
No.15: 1.07, 1.15, 1.02, 1.98, 1.02, 1.44, 8.22, 4.77, 2.00, 2.80, 0.01253735260285833
No.14: 1.07, 1.15, 1.02, 1.98, 1.02, 1.52, 8.20, 4.58, 2.00, 2.80, 0.01255991896115591
No.8: 1.05, 1.13, 1.00, 2.00, 1.00, 1.50, 8.51, 4.80, 2.00, 2.80, 0.012634330929398559
No.3: 1.05, 1.19, 1.00, 2.00, 1.00, 1.50, 8.11, 4.80, 2.00, 2.80, 0.013057736843854483
No.10: 1.05, 1.13, 1.00, 2.00, 1.00, 1.50, 8.11, 4.80, 2.00, 2.80, 0.013263313082140198
No.11: 1.05, 1.13, 1.00, 2.00, 1.00, 1.50, 8.11, 4.80, 2.00, 2.80, 0.013263313082140198
No.1: 1.05, 1.13, 1.00, 2.00, 1.00, 1.50, 8.11, 4.80, 2.00, 2.80, 0.013263313082140198
No.6: 1.05, 1.13, 1.00, 2.00, 1.05, 1.50, 8.11, 4.80, 2.00, 2.80, 0.013263330445851694
No.4: 1.05, 1.13, 1.05, 2.00, 1.00, 1.50, 8.11, 4.80, 2.00, 2.80, 0.013264138927360216
No.7: 1.05, 1.13, 1.00, 2.00, 1.00, 1.58, 8.11, 4.80, 2.00, 2.80, 0.013284635856317738
No.9: 1.05, 1.13, 1.00, 2.00, 1.00, 1.50, 8.11, 5.04, 2.00, 2.80, 0.013304394137815577
No.5: 1.05, 1.13, 1.00, 2.10, 1.00, 1.50, 8.11, 4.80, 2.00, 2.80, 0.014037610065758524
#| No.|Asub | b0  | b1  | b2  | b3  | t1  | t2  | t3  |Cmin |Cmax | evalulate_value (min value is recommendation) |
#|iter| x0  | x1  | x2  | x3  | x4  | x5  | x6  | x7  | x8  | x9  | evalulate_value (min value is reccomendation) |
