#| No.|Asub | b0  | b1  | b2  | b3  | t1  | t2  | t3  |Cmin |Cmax | evalulate_value (min value is recommendation) |
#|iter| x0  | x1  | x2  | x3  | x4  | x5  | x6  | x7  | x8  | x9  | evalulate_value (min value is reccomendation) |
No.1: 1.03, 4.58, 0.01, 1.82, 2.94, 1.39, 2.80, -11.77, 0.86, 1.97, 951008301.1478653
No.2: 1.03, 4.40, 1.23, 5.27, 0.55, 10.06, 6.26, -7.94, 0.37, 1.36, 0.8124210398912128
No.3: 1.15, 5.84, 1.89, 4.16, 17.53, 13.42, 1.28, -17.29, 0.43, 2.59, 1761687364.039243
No.4: 0.93, 3.05, 5.75, 3.20, 13.84, 4.74, 10.30, -2.97, 0.14, 2.36, 3064436753.0568
No.5: 1.20, 4.72, 1.69, 4.74, 2.07, 6.72, 13.63, -12.71, 0.65, 1.24, 9209820.18796907
No.6: 0.91, 4.37, 1.27, 1.60, 9.84, 0.81, 8.62, -15.35, 1.22, 2.26, 203088641.5146726
No.7: 0.94, 3.02, 4.17, 2.49, 1.00, 8.04, 9.96, -8.73, 1.90, 2.06, 0.7458187721530755
No.8: 1.18, 1.61, 0.84, 4.85, 7.96, 2.49, 13.92, -11.74, 1.53, 2.31, 7531428.542008034
No.9: 1.17, 4.09, 4.51, 2.10, 5.40, 13.44, 6.43, -0.63, 1.37, 2.12, 1.5074600148629926
No.10: 0.94, 5.75, 2.70, 3.48, 8.17, 3.56, 13.56, -7.67, 0.11, 2.12, 2140007217.3861578
No.11: 1.00, 3.59, 5.32, 2.15, 18.18, 9.36, 0.24, -1.27, 1.42, 2.80, 16365972892.314636
No.12: 0.96, 1.60, 5.60, 4.19, 1.33, 11.34, 11.31, -1.38, 1.46, 2.80, 0.2317628882835546
No.13: 0.91, 1.04, 0.17, 1.48, 17.21, 8.09, 8.30, -2.84, 0.34, 1.51, 1707809350.54298
No.14: 1.08, 5.85, 3.37, 0.12, 16.02, 3.50, 12.11, -11.01, 1.75, 2.35, 4992908794.184277
No.15: 1.07, 1.60, 0.36, 0.73, 0.90, 1.62, 3.39, -5.16, 1.17, 2.80, 0.37519526832585287
No.16: 0.93, 5.84, 3.41, 1.22, 5.05, 11.16, 2.94, -7.53, 1.95, 2.53, 76905414.45170459
No.17: 0.98, 3.42, 3.72, 4.98, 3.14, 0.28, 1.06, -9.24, 1.26, 2.03, 1.0562080129983977
No.18: 1.00, 5.95, 3.48, 2.29, 11.02, 11.19, 10.04, -13.23, 0.23, 1.67, 4462394192.561154
No.19: 1.09, 1.98, 4.52, 0.40, 5.21, 12.08, 2.91, -6.48, 1.10, 2.67, 0.46430181657083913
No.20: 0.98, 1.24, 4.42, 4.64, 18.16, 13.98, 0.21, -13.78, 1.28, 2.71, 3178858140.4127536
No.21: 1.19, 3.74, 5.50, 3.85, 7.81, 7.29, 9.07, -8.10, 1.86, 2.66, 79833712.11151
No.22: 1.02, 5.82, 1.05, 0.76, 2.71, 7.59, 0.33, -0.93, 1.68, 2.80, 12255.52072053823
No.23: 0.96, 2.60, 0.79, 4.86, 6.90, 14.11, 8.74, -2.18, 1.71, 2.63, 0.31655998607854846
No.24: 1.04, 3.69, 4.80, 1.72, 9.81, 8.99, 0.24, -7.31, 0.93, 2.46, 236027867.4708017
No.25: 1.00, 5.46, 3.47, 1.11, 15.76, 9.19, 0.81, -10.43, 1.40, 2.66, 3308386796.8612733
No.26: 0.91, 5.89, 2.26, 5.85, 12.10, 12.44, 8.63, -6.69, 0.65, 2.06, 11918554773.587753
No.27: 1.13, 5.28, 4.54, 4.19, 17.29, 4.85, 10.07, -9.88, 0.83, 1.74, 7530036062.0489235
No.28: 1.03, 2.52, 3.74, 2.59, 19.48, 10.17, 2.98, -10.31, 0.76, 2.44, 1425423864.3793814
No.29: 1.17, 5.51, 3.98, 1.63, 5.05, 12.83, 7.92, -3.56, 1.19, 2.32, 19607820.2230623
No.30: 1.06, 4.84, 3.42, 2.80, 6.86, 1.03, 5.67, -16.56, 1.97, 2.80, 10533315.335082257
No.31: 1.15, 5.37, 4.14, 3.42, 3.22, 7.01, 5.18, -13.94, 1.23, 1.57, 446232.41985016083
No.32: 1.18, 5.54, 1.55, 0.67, 3.86, 7.50, 10.93, -14.25, 0.58, 2.54, 1914857.7051183803
No.33: 1.03, 4.05, 1.41, 0.62, 10.32, 7.16, 2.30, -6.80, 1.14, 2.18, 419288819.1918671
No.34: 0.95, 4.74, 1.34, 3.12, 15.71, 0.34, 4.87, -2.28, 1.71, 1.97, 2893452861.232756
No.35: 1.16, 5.75, 4.96, 5.13, 1.98, 9.77, 10.56, -7.01, 1.62, 2.80, 11946136.39233007
No.36: 1.14, 4.64, 1.56, 1.55, 12.65, 5.18, 11.95, -9.96, 1.59, 2.79, 2002300797.6061587
No.37: 1.00, 1.63, 5.41, 3.25, 19.50, 9.55, 14.91, -8.17, 1.11, 1.25, 2021415337.2730467
No.38: 1.01, 1.04, 0.97, 4.48, 0.61, 5.50, 12.94, -5.53, 1.42, 2.80, 0.2448542491646651
No.39: 1.04, 3.87, 5.94, 1.23, 4.96, 3.94, 11.26, -9.77, 0.21, 1.92, 43395.985437130315
No.40: 0.97, 4.98, 1.79, 0.17, 11.87, 12.66, 5.72, -4.50, 1.08, 1.98, 5431528100.644362
No.41: 1.19, 5.01, 0.20, 4.26, 9.31, 14.22, 3.33, -13.19, 0.26, 1.78, 9106872276.283447
No.42: 0.94, 4.14, 4.82, 4.19, 15.33, 5.14, 12.69, -10.28, 1.67, 2.13, 548518238.4426256
No.43: 0.95, 1.30, 0.11, 0.41, 9.18, 1.71, 0.42, -4.41, 0.86, 2.35, 1091.35087382245
No.44: 1.04, 3.20, 2.87, 2.85, 16.07, 6.04, 13.58, -17.33, 1.58, 2.80, 3504103912.9573092
No.45: 1.09, 0.96, 3.24, 0.02, 19.03, 13.59, 11.94, -1.52, 0.38, 1.29, 582951351.4155334
No.46: 0.96, 4.08, 5.44, 5.94, 14.23, 10.98, 13.64, -10.78, 0.58, 1.32, 2307305274.6497493
No.47: 0.94, 5.05, 0.89, 1.59, 16.39, 4.66, 14.74, -13.20, 1.12, 1.57, 1077016841.783002
No.48: 1.18, 2.77, 2.61, 3.08, 18.78, 0.47, 10.76, -1.96, 0.16, 1.94, 2286148148.6279473
No.49: 1.00, 5.29, 3.36, 4.15, 9.06, 9.43, 4.36, -17.83, 1.20, 1.57, 350871443.0321532
No.50: 1.06, 5.58, 2.56, 1.49, 7.43, 13.98, 14.06, -2.80, 1.85, 2.80, 39409303.7948425
No.51: 0.91, 0.91, 1.04, 5.49, 0.19, 9.25, 11.45, -0.54, 1.54, 2.05, 0.5077875576509524
No.52: 0.91, 0.91, 5.34, 3.31, 0.75, 8.51, 12.34, -2.76, 1.17, 2.80, 0.2498325754405091
No.53: 0.91, 0.91, 6.00, 4.21, 0.01, 12.88, 13.02, -2.48, 0.78, 1.00, 0.5289946493784202
No.54: 0.91, 0.91, 5.56, 4.57, 2.80, 9.28, 10.09, -1.37, 2.00, 2.80, 0.18779505281906342
No.55: 0.91, 0.91, 6.00, 3.81, 0.83, 8.59, 8.33, -1.12, 2.00, 2.80, 0.20332751586836442
No.56: 0.98, 0.91, 6.00, 3.03, 2.89, 8.11, 10.74, 0.01, 2.00, 2.80, 0.27153919672130333
No.57: 0.91, 0.91, 6.00, 5.95, 2.38, 10.87, 7.93, -2.34, 2.00, 2.80, 0.41309911419513384
No.58: 0.91, 0.91, 4.34, 4.51, 1.62, 6.68, 9.46, -2.84, 2.00, 2.80, 0.1822958743611646
No.59: 0.91, 0.91, 3.31, 3.39, 2.42, 8.71, 9.38, -2.69, 2.00, 2.80, 0.22749330659450978
No.60: 0.91, 0.91, 5.28, 5.51, 0.01, 4.32, 10.04, -2.92, 2.00, 2.80, 0.4106241850814619
No.61: 0.91, 1.65, 4.95, 5.41, 1.43, 8.13, 10.28, -1.46, 2.00, 2.80, 0.34710239376314456
No.62: 0.91, 0.91, 5.10, 3.69, 2.79, 6.55, 8.14, -3.35, 1.76, 2.80, 0.23193667535024326
No.63: 0.94, 0.91, 3.66, 3.77, 0.04, 6.77, 9.18, -4.23, 1.78, 2.80, 0.2183979646711969
No.64: 0.91, 0.91, 3.73, 3.85, 2.57, 6.02, 11.08, -4.08, 2.00, 2.80, 0.20233388223374932
No.65: 0.91, 0.91, 4.89, 3.91, 2.00, 8.07, 10.21, -3.86, 2.00, 2.80, 0.1926377913817859
No.66: 0.91, 0.91, 3.85, 5.04, 2.29, 6.48, 9.42, -4.38, 2.00, 2.80, 0.2257015819461613
No.67: 0.91, 0.91, 3.90, 4.03, 1.22, 5.55, 8.28, -1.45, 2.00, 2.80, 0.19170844287058314
No.68: 0.91, 0.91, 3.94, 4.07, 3.00, 5.66, 9.76, -1.82, 2.00, 2.80, 0.18639534739712127
No.69: 0.91, 0.91, 3.98, 4.12, 1.50, 5.77, 10.07, -2.49, 1.89, 2.80, 0.191686155022673
No.70: 0.92, 0.91, 4.67, 4.16, 2.74, 7.34, 10.32, -2.56, 1.90, 2.80, 0.1862867541191636
No.71: 0.91, 0.91, 4.05, 4.19, 2.46, 6.86, 8.69, -1.92, 2.00, 2.80, 0.1819338093439538
No.72: 0.92, 0.91, 3.80, 3.92, 2.03, 6.21, 9.04, -2.70, 2.00, 2.80, 0.19828012381275156
No.73: 0.91, 0.91, 4.27, 4.43, 3.24, 6.27, 8.09, -1.23, 1.93, 2.80, 0.1825484294067775
No.74: 0.91, 0.91, 4.25, 4.41, 3.16, 7.39, 9.22, -1.30, 1.93, 2.80, 0.17971891537813592
No.75: 0.91, 0.91, 4.42, 4.22, 2.57, 6.94, 8.77, -0.76, 1.88, 2.80, 0.18505026545929273
No.76: 0.91, 0.91, 4.41, 4.58, 3.69, 6.99, 9.30, -1.78, 1.99, 2.80, 0.17955200702427285
No.77: 0.91, 0.91, 4.27, 4.72, 4.15, 6.64, 9.66, -1.37, 2.00, 2.80, 0.18819550272427854
No.78: 0.91, 0.91, 4.52, 4.70, 3.28, 6.68, 8.97, -1.48, 2.00, 2.80, 0.1840282847146133
No.79: 0.91, 0.91, 4.51, 4.46, 4.06, 7.27, 9.01, -1.45, 2.00, 2.80, 0.17579736988789474
No.80: 0.91, 0.91, 4.42, 4.56, 4.37, 7.50, 8.76, -1.73, 1.97, 2.80, 0.17759633413321477
No.81: 0.91, 0.91, 4.43, 4.37, 4.34, 7.48, 8.78, -1.19, 1.98, 2.80, 0.17704961755639298
No.82: 0.91, 0.91, 4.59, 4.38, 4.31, 7.46, 9.21, -1.67, 1.98, 2.80, 0.17727479838293433
No.83: 0.91, 0.91, 4.58, 4.39, 3.83, 7.44, 8.82, -1.65, 2.00, 2.80, 0.17631734907314928
No.84: 0.91, 0.91, 4.45, 4.40, 4.27, 7.11, 8.84, -1.63, 2.00, 2.80, 0.17637505728925665
No.85: 0.91, 0.91, 4.57, 4.52, 4.25, 7.13, 8.86, -1.28, 1.99, 2.80, 0.17694639592031247
No.86: 0.91, 0.91, 4.46, 4.41, 3.90, 7.14, 8.87, -1.30, 1.99, 2.80, 0.17665978810510646
No.87: 0.91, 0.91, 4.47, 4.51, 4.01, 7.38, 8.89, -1.50, 1.99, 2.80, 0.17656858673833697
No.88: 0.91, 0.91, 4.47, 4.50, 4.20, 7.37, 9.05, -1.33, 2.00, 2.80, 0.1758277906817347
No.89: 0.91, 0.91, 4.55, 4.42, 4.18, 7.36, 8.91, -1.41, 2.00, 2.80, 0.17571509338751307
No.90: 0.91, 0.91, 4.52, 4.39, 4.08, 7.44, 8.99, -1.43, 2.00, 2.80, 0.17574710527748005
No.91: 0.91, 0.91, 4.52, 4.39, 4.28, 7.29, 8.98, -1.40, 2.00, 2.80, 0.1758486055793354
No.92: 0.91, 0.91, 4.57, 4.45, 4.27, 7.42, 8.84, -1.33, 2.00, 2.80, 0.1755498608828103
No.93: 0.91, 0.91, 4.59, 4.47, 4.34, 7.48, 8.90, -1.40, 2.00, 2.80, 0.17550649775432145
No.94: 0.91, 0.91, 4.57, 4.49, 4.41, 7.53, 8.86, -1.35, 2.00, 2.80, 0.1754369427731752
No.95: 0.91, 0.91, 4.56, 4.52, 4.48, 7.48, 8.83, -1.39, 2.00, 2.80, 0.17558041072562788
No.96: 0.91, 0.91, 4.56, 4.51, 4.34, 7.58, 8.83, -1.32, 2.00, 2.80, 0.1755513890497764
No.97: 0.91, 0.91, 4.58, 4.51, 4.47, 7.57, 8.88, -1.33, 2.00, 2.80, 0.17552776787647825
No.98: 0.91, 0.91, 4.58, 4.51, 4.36, 7.49, 8.88, -1.33, 2.00, 2.80, 0.17569103439093878
No.99: 0.91, 0.91, 4.58, 4.48, 4.45, 7.56, 8.84, -1.37, 2.00, 2.80, 0.1753546778085376
No.100: 0.91, 0.91, 4.59, 4.47, 4.49, 7.59, 8.83, -1.39, 2.00, 2.80, 0.17530777975587533
No.101: 0.91, 0.91, 4.60, 4.48, 4.53, 7.62, 8.81, -1.41, 2.00, 2.80, 0.17528533968626303
No.102: 0.91, 0.91, 4.60, 4.49, 4.49, 7.65, 8.79, -1.43, 2.00, 2.80, 0.17529869198849207
No.103: 0.91, 0.91, 4.60, 4.47, 4.57, 7.65, 8.80, -1.43, 2.00, 2.80, 0.1752398578583913
No.104: 0.91, 0.91, 4.61, 4.46, 4.60, 7.67, 8.78, -1.44, 2.00, 2.80, 0.17525737331051686
No.105: 0.91, 0.91, 4.61, 4.48, 4.60, 7.67, 8.81, -1.44, 2.00, 2.80, 0.17522391957891303
No.106: 0.91, 0.91, 4.61, 4.48, 4.62, 7.69, 8.82, -1.45, 2.00, 2.80, 0.17519762674629147
No.107: 0.91, 0.91, 4.62, 4.49, 4.64, 7.71, 8.83, -1.46, 2.00, 2.80, 0.1752018737467296
No.108: 0.91, 0.91, 4.62, 4.49, 4.60, 7.71, 8.82, -1.46, 2.00, 2.80, 0.17522447041340714
No.109: 0.91, 0.91, 4.62, 4.49, 4.64, 7.68, 8.81, -1.44, 2.00, 2.80, 0.17522243838375312
No.110: 0.91, 0.91, 4.62, 4.49, 4.64, 7.70, 8.82, -1.44, 2.00, 2.80, 0.17520877636850174
No.111: 0.91, 0.91, 4.61, 4.48, 4.60, 7.70, 8.82, -1.46, 2.00, 2.80, 0.17520161805571147
No.112: 0.91, 0.91, 4.62, 4.49, 4.63, 7.70, 8.81, -1.44, 2.00, 2.80, 0.17521300656262928
No.113: 0.91, 0.91, 4.62, 4.48, 4.61, 7.70, 8.82, -1.46, 2.00, 2.80, 0.175215697788133
No.114: 0.91, 0.91, 4.62, 4.48, 4.63, 7.70, 8.81, -1.45, 2.00, 2.80, 0.17520383339913834
No.115: 0.91, 0.91, 4.62, 4.48, 4.63, 7.68, 8.81, -1.45, 2.00, 2.80, 0.17521953796838338
No.116: 0.91, 0.91, 4.62, 4.48, 4.61, 7.70, 8.82, -1.45, 2.00, 2.80, 0.17521504611174007
No.117: 0.91, 0.91, 4.61, 4.48, 4.63, 7.70, 8.82, -1.45, 2.00, 2.80, 0.17518420365468326
No.118: 0.91, 0.91, 4.61, 4.48, 4.63, 7.70, 8.82, -1.46, 2.00, 2.80, 0.17518503626109025
No.119: 0.91, 0.91, 4.61, 4.48, 4.63, 7.70, 8.82, -1.46, 2.00, 2.80, 0.17518503626109025
No.120: 0.91, 0.91, 4.61, 4.48, 4.63, 7.70, 8.82, -1.46, 2.00, 2.80, 0.17518503626109025
No.121: 0.91, 0.91, 4.61, 4.48, 4.63, 7.70, 8.82, -1.46, 2.00, 2.80, 0.17518503626109025
No.122: 0.91, 0.91, 4.61, 4.48, 4.63, 7.70, 8.82, -1.46, 2.00, 2.80, 0.17518503626109025
No.123: 0.91, 0.91, 4.61, 4.48, 4.63, 7.70, 8.82, -1.46, 2.00, 2.80, 0.17518503626109025
No.124: 0.91, 0.91, 4.61, 4.48, 4.63, 7.70, 8.82, -1.46, 2.00, 2.80, 0.17518503626109025
No.125: 0.91, 0.91, 4.61, 4.48, 4.63, 7.70, 8.82, -1.46, 2.00, 2.80, 0.17518503626109025
No.126: 0.91, 0.91, 4.61, 4.48, 4.63, 7.70, 8.82, -1.46, 2.00, 2.80, 0.17518503626109025
No.127: 0.91, 0.91, 4.61, 4.48, 4.63, 7.70, 8.82, -1.46, 2.00, 2.80, 0.17518503626109025
No.128: 0.91, 0.91, 4.61, 4.48, 4.63, 7.70, 8.82, -1.45, 2.00, 2.80, 0.17518420365468326
No.129: 0.91, 0.91, 4.61, 4.48, 4.63, 7.70, 8.82, -1.45, 2.00, 2.80, 0.17518420365468326
No.130: 0.91, 0.91, 4.61, 4.48, 4.63, 7.70, 8.82, -1.45, 2.00, 2.80, 0.17518420365468326
No.131: 0.91, 0.91, 4.61, 4.48, 4.63, 7.70, 8.82, -1.45, 2.00, 2.80, 0.17518420365468326
No.132: 0.91, 0.91, 4.61, 4.48, 4.63, 7.70, 8.82, -1.45, 2.00, 2.80, 0.17518420365468326
No.133: 0.91, 0.91, 4.61, 4.48, 4.63, 7.70, 8.82, -1.45, 2.00, 2.80, 0.17518420365468326
No.134: 0.91, 0.91, 4.61, 4.48, 4.63, 7.70, 8.82, -1.45, 2.00, 2.80, 0.17518420365468326
No.135: 0.91, 0.91, 4.61, 4.48, 4.63, 7.70, 8.82, -1.45, 2.00, 2.80, 0.17518420365468326
No.136: 0.91, 0.91, 4.61, 4.48, 4.63, 7.70, 8.82, -1.45, 2.00, 2.80, 0.17518420365468326
No.137: 0.91, 0.91, 4.61, 4.48, 4.63, 7.70, 8.82, -1.45, 2.00, 2.80, 0.17518420365468326
No.138: 0.91, 0.91, 4.61, 4.48, 4.63, 7.70, 8.82, -1.45, 2.00, 2.80, 0.17518420365468326
No.139: 0.91, 0.91, 4.61, 4.48, 4.63, 7.70, 8.82, -1.45, 2.00, 2.80, 0.17518420365468326
No.140: 0.91, 0.91, 4.61, 4.48, 4.63, 7.70, 8.82, -1.45, 2.00, 2.80, 0.17518420365468326
No.141: 0.91, 0.91, 4.61, 4.48, 4.63, 7.70, 8.82, -1.45, 2.00, 2.80, 0.17518420365468326
No.142: 0.91, 0.91, 4.61, 4.48, 4.63, 7.70, 8.82, -1.45, 2.00, 2.80, 0.17518420365468326
No.143: 0.91, 0.91, 4.61, 4.48, 4.63, 7.70, 8.82, -1.45, 2.00, 2.80, 0.17518420365468326
No.144: 0.91, 0.91, 4.61, 4.48, 4.63, 7.70, 8.82, -1.45, 2.00, 2.80, 0.17518420365468326
No.145: 0.91, 0.91, 4.61, 4.48, 4.63, 7.70, 8.82, -1.45, 2.00, 2.80, 0.17518420365468326
No.146: 0.91, 0.91, 4.61, 4.48, 4.63, 7.70, 8.82, -1.45, 2.00, 2.80, 0.17518420365468326
No.147: 0.91, 0.91, 4.61, 4.48, 4.63, 7.70, 8.82, -1.45, 2.00, 2.80, 0.17518420365468326
No.148: 0.91, 0.91, 4.61, 4.48, 4.63, 7.70, 8.82, -1.45, 2.00, 2.80, 0.17518420365468326
No.149: 0.91, 0.91, 4.61, 4.48, 4.63, 7.70, 8.82, -1.45, 2.00, 2.80, 0.17518420365468326
No.150: 0.91, 0.91, 4.61, 4.48, 4.63, 7.70, 8.82, -1.45, 2.00, 2.80, 0.17518420365468326
No.151: 0.91, 0.91, 4.61, 4.48, 4.63, 7.70, 8.82, -1.45, 2.00, 2.80, 0.17518420365468326
No.152: 0.91, 0.91, 4.61, 4.48, 4.63, 7.70, 8.82, -1.45, 2.00, 2.80, 0.17518420365468326
No.153: 0.91, 0.91, 4.61, 4.48, 4.63, 7.70, 8.82, -1.45, 2.00, 2.80, 0.17518420365468326
No.154: 0.91, 0.91, 4.61, 4.48, 4.63, 7.70, 8.82, -1.45, 2.00, 2.80, 0.17518420365468326
No.155: 0.91, 0.91, 4.61, 4.48, 4.63, 7.70, 8.82, -1.45, 2.00, 2.80, 0.17518420365468326
No.156: 0.91, 0.91, 4.61, 4.48, 4.63, 7.70, 8.82, -1.45, 2.00, 2.80, 0.17518420365468326
No.157: 0.91, 0.91, 4.61, 4.48, 4.63, 7.70, 8.82, -1.45, 2.00, 2.80, 0.17518420365468326
No.158: 0.91, 0.91, 4.61, 4.48, 4.63, 7.70, 8.82, -1.45, 2.00, 2.80, 0.17518420365468326
No.159: 0.91, 0.91, 4.61, 4.48, 4.63, 7.70, 8.82, -1.45, 2.00, 2.80, 0.17518420365468326
No.160: 0.91, 0.91, 4.61, 4.48, 4.63, 7.70, 8.82, -1.45, 2.00, 2.80, 0.17518420365468326
No.161: 0.91, 0.91, 4.61, 4.48, 4.63, 7.70, 8.82, -1.45, 2.00, 2.80, 0.17518420365468326
No.162: 0.91, 0.91, 4.61, 4.48, 4.63, 7.70, 8.82, -1.45, 2.00, 2.80, 0.17518420365468326
No.163: 0.91, 0.91, 4.61, 4.48, 4.63, 7.70, 8.82, -1.45, 2.00, 2.80, 0.17518420365468326
No.164: 0.91, 0.91, 4.61, 4.48, 4.63, 7.70, 8.82, -1.45, 2.00, 2.80, 0.17518420365468326
No.165: 0.91, 0.91, 4.61, 4.48, 4.63, 7.70, 8.82, -1.45, 2.00, 2.80, 0.17518420365468326
No.166: 0.91, 0.91, 4.61, 4.48, 4.63, 7.70, 8.82, -1.45, 2.00, 2.80, 0.17518420365468326
No.167: 0.91, 0.91, 4.61, 4.48, 4.63, 7.70, 8.82, -1.45, 2.00, 2.80, 0.17518420365468326
No.168: 0.91, 0.91, 4.61, 4.48, 4.63, 7.70, 8.82, -1.45, 2.00, 2.80, 0.17518420365468326
No.169: 0.91, 0.91, 4.61, 4.48, 4.63, 7.70, 8.82, -1.45, 2.00, 2.80, 0.17518420365468326
No.170: 0.91, 0.91, 4.61, 4.48, 4.63, 7.70, 8.82, -1.45, 2.00, 2.80, 0.17518420365468326
No.171: 0.91, 0.91, 4.61, 4.48, 4.63, 7.70, 8.82, -1.45, 2.00, 2.80, 0.17518420365468326
No.172: 0.91, 0.91, 4.61, 4.48, 4.63, 7.70, 8.82, -1.45, 2.00, 2.80, 0.17518420365468326
No.173: 0.91, 0.91, 4.61, 4.48, 4.63, 7.70, 8.82, -1.45, 2.00, 2.80, 0.17518420365468326
No.174: 0.91, 0.91, 4.61, 4.48, 4.63, 7.70, 8.82, -1.45, 2.00, 2.80, 0.17518420365468326
No.175: 0.91, 0.91, 4.61, 4.48, 4.63, 7.70, 8.82, -1.45, 2.00, 2.80, 0.17518420365468326
No.176: 0.91, 0.91, 4.61, 4.48, 4.63, 7.70, 8.82, -1.45, 2.00, 2.80, 0.17518420365468326
No.177: 0.91, 0.91, 4.61, 4.48, 4.63, 7.70, 8.82, -1.45, 2.00, 2.80, 0.17518420365468326
No.178: 0.91, 0.91, 4.61, 4.48, 4.63, 7.70, 8.82, -1.45, 2.00, 2.80, 0.17518420365468326
No.179: 0.91, 0.91, 4.61, 4.48, 4.63, 7.70, 8.82, -1.45, 2.00, 2.80, 0.17518420365468326
No.180: 0.91, 0.91, 4.61, 4.48, 4.63, 7.70, 8.82, -1.45, 2.00, 2.80, 0.17518420365468326
No.181: 0.91, 0.91, 4.61, 4.48, 4.63, 7.70, 8.82, -1.45, 2.00, 2.80, 0.17518420365468326
No.182: 0.91, 0.91, 4.61, 4.48, 4.63, 7.70, 8.82, -1.45, 2.00, 2.80, 0.17518420365468326
No.183: 0.91, 0.91, 4.61, 4.48, 4.63, 7.70, 8.82, -1.45, 2.00, 2.80, 0.17518420365468326
No.184: 0.91, 0.91, 4.61, 4.48, 4.63, 7.70, 8.82, -1.45, 2.00, 2.80, 0.17518420365468326
No.185: 0.91, 0.91, 4.61, 4.48, 4.63, 7.70, 8.82, -1.45, 2.00, 2.80, 0.17518420365468326
No.186: 0.91, 0.91, 4.61, 4.48, 4.63, 7.70, 8.82, -1.45, 2.00, 2.80, 0.17518420365468326
No.187: 0.91, 0.91, 4.61, 4.48, 4.63, 7.70, 8.82, -1.45, 2.00, 2.80, 0.17518420365468326
No.188: 0.91, 0.91, 4.61, 4.48, 4.63, 7.70, 8.82, -1.45, 2.00, 2.80, 0.17518420365468326
No.189: 0.91, 0.91, 4.61, 4.48, 4.63, 7.70, 8.82, -1.45, 2.00, 2.80, 0.17518420365468326
No.190: 0.91, 0.91, 4.61, 4.48, 4.63, 7.70, 8.82, -1.45, 2.00, 2.80, 0.17518420365468326
No.191: 0.91, 0.91, 4.61, 4.48, 4.63, 7.70, 8.82, -1.45, 2.00, 2.80, 0.17518420365468326
No.192: 0.91, 0.91, 4.61, 4.48, 4.63, 7.70, 8.82, -1.45, 2.00, 2.80, 0.17518420365468326
No.193: 0.91, 0.91, 4.61, 4.48, 4.63, 7.70, 8.82, -1.45, 2.00, 2.80, 0.17518420365468326
No.194: 0.91, 0.91, 4.61, 4.48, 4.63, 7.70, 8.82, -1.45, 2.00, 2.80, 0.17518420365468326
No.195: 0.91, 0.91, 4.61, 4.48, 4.63, 7.70, 8.82, -1.45, 2.00, 2.80, 0.17518420365468326
No.196: 0.91, 0.91, 4.61, 4.48, 4.63, 7.70, 8.82, -1.45, 2.00, 2.80, 0.17518420365468326
No.197: 0.91, 0.91, 4.61, 4.48, 4.63, 7.70, 8.82, -1.45, 2.00, 2.80, 0.17518420365468326
No.198: 0.91, 0.91, 4.61, 4.48, 4.63, 7.70, 8.82, -1.45, 2.00, 2.80, 0.17518420365468326
No.199: 0.91, 0.91, 4.61, 4.48, 4.63, 7.70, 8.82, -1.45, 2.00, 2.80, 0.17518420365468326
No.200: 0.91, 0.91, 4.61, 4.48, 4.63, 7.70, 8.82, -1.45, 2.00, 2.80, 0.17518420365468326
No.201: 0.91, 0.91, 4.61, 4.48, 4.63, 7.70, 8.82, -1.45, 2.00, 2.80, 0.17518420365468326
No.202: 0.91, 0.91, 4.61, 4.48, 4.63, 7.70, 8.82, -1.45, 2.00, 2.80, 0.17518420365468326
No.203: 0.91, 0.91, 4.61, 4.48, 4.63, 7.70, 8.82, -1.45, 2.00, 2.80, 0.17518420365468326
No.204: 0.91, 0.91, 4.61, 4.48, 4.63, 7.70, 8.82, -1.45, 2.00, 2.80, 0.17518420365468326
No.205: 0.91, 0.91, 4.61, 4.48, 4.63, 7.70, 8.82, -1.45, 2.00, 2.80, 0.17518420365468326
No.206: 0.91, 0.91, 4.61, 4.48, 4.63, 7.70, 8.82, -1.45, 2.00, 2.80, 0.17518420365468326
No.207: 0.91, 0.91, 4.61, 4.48, 4.63, 7.70, 8.82, -1.45, 2.00, 2.80, 0.17518420365468326
No.208: 0.91, 0.91, 4.61, 4.48, 4.63, 7.70, 8.82, -1.45, 2.00, 2.80, 0.17518420365468326
No.209: 0.91, 0.91, 4.61, 4.48, 4.63, 7.70, 8.82, -1.45, 2.00, 2.80, 0.17518420365468326
No.210: 0.91, 0.91, 4.61, 4.48, 4.63, 7.70, 8.82, -1.45, 2.00, 2.80, 0.17518420365468326
No.211: 0.91, 0.91, 4.61, 4.48, 4.63, 7.70, 8.82, -1.45, 2.00, 2.80, 0.17518420365468326
No.212: 0.91, 0.91, 4.61, 4.48, 4.63, 7.70, 8.82, -1.45, 2.00, 2.80, 0.17518420365468326
No.213: 0.91, 0.91, 4.61, 4.48, 4.63, 7.70, 8.82, -1.45, 2.00, 2.80, 0.17518420365468326
No.214: 0.91, 0.91, 4.61, 4.48, 4.63, 7.70, 8.82, -1.45, 2.00, 2.80, 0.17518420365468326
No.215: 0.91, 0.91, 4.61, 4.48, 4.63, 7.70, 8.82, -1.45, 2.00, 2.80, 0.17518420365468326
No.216: 0.91, 0.91, 4.61, 4.48, 4.63, 7.70, 8.82, -1.45, 2.00, 2.80, 0.17518420365468326
No.217: 0.91, 0.91, 4.61, 4.48, 4.63, 7.70, 8.82, -1.45, 2.00, 2.80, 0.17518420365468326
No.218: 0.91, 0.91, 4.61, 4.48, 4.63, 7.70, 8.82, -1.45, 2.00, 2.80, 0.17518420365468326
No.219: 0.91, 0.91, 4.61, 4.48, 4.63, 7.70, 8.82, -1.45, 2.00, 2.80, 0.17518420365468326
No.220: 0.91, 0.91, 4.61, 4.48, 4.63, 7.70, 8.82, -1.45, 2.00, 2.80, 0.17518420365468326
No.221: 0.91, 0.91, 4.61, 4.48, 4.63, 7.70, 8.82, -1.45, 2.00, 2.80, 0.17518420365468326
No.222: 0.91, 0.91, 4.61, 4.48, 4.63, 7.70, 8.82, -1.45, 2.00, 2.80, 0.17518420365468326
No.223: 0.91, 0.91, 4.61, 4.48, 4.63, 7.70, 8.82, -1.45, 2.00, 2.80, 0.17518420365468326
No.224: 0.91, 0.91, 4.61, 4.48, 4.63, 7.70, 8.82, -1.45, 2.00, 2.80, 0.17518420365468326
No.225: 0.91, 0.91, 4.61, 4.48, 4.63, 7.70, 8.82, -1.45, 2.00, 2.80, 0.17518420365468326
No.226: 0.91, 0.91, 4.61, 4.48, 4.63, 7.70, 8.82, -1.45, 2.00, 2.80, 0.17518420365468326
No.227: 0.91, 0.91, 4.61, 4.48, 4.63, 7.70, 8.82, -1.45, 2.00, 2.80, 0.17518420365468326
No.228: 0.91, 0.91, 4.61, 4.48, 4.63, 7.70, 8.82, -1.45, 2.00, 2.80, 0.17518420365468326
No.229: 0.91, 0.91, 4.61, 4.48, 4.63, 7.70, 8.82, -1.45, 2.00, 2.80, 0.17518420365468326
No.230: 0.91, 0.91, 4.61, 4.48, 4.63, 7.70, 8.82, -1.45, 2.00, 2.80, 0.17518420365468326
No.231: 0.91, 0.91, 4.61, 4.48, 4.63, 7.70, 8.82, -1.45, 2.00, 2.80, 0.17518420365468326
No.232: 0.91, 0.91, 4.61, 4.48, 4.63, 7.70, 8.82, -1.45, 2.00, 2.80, 0.17518420365468326
No.233: 0.91, 0.91, 4.61, 4.48, 4.63, 7.70, 8.82, -1.45, 2.00, 2.80, 0.17518420365468326
No.234: 0.91, 0.91, 4.61, 4.48, 4.63, 7.70, 8.82, -1.45, 2.00, 2.80, 0.17518420365468326
No.235: 0.91, 0.91, 4.61, 4.48, 4.63, 7.70, 8.82, -1.45, 2.00, 2.80, 0.17518420365468326
No.236: 0.91, 0.91, 4.61, 4.48, 4.63, 7.70, 8.82, -1.45, 2.00, 2.80, 0.17518420365468326
No.237: 0.91, 0.91, 4.61, 4.48, 4.63, 7.70, 8.82, -1.45, 2.00, 2.80, 0.17518420365468326
No.238: 0.91, 0.91, 4.61, 4.48, 4.63, 7.70, 8.82, -1.45, 2.00, 2.80, 0.17518420365468326
No.239: 0.91, 0.91, 4.61, 4.48, 4.63, 7.70, 8.82, -1.45, 2.00, 2.80, 0.17518420365468326
No.240: 0.91, 0.91, 4.61, 4.48, 4.63, 7.70, 8.82, -1.45, 2.00, 2.80, 0.17518420365468326
No.241: 0.91, 0.91, 4.61, 4.48, 4.63, 7.70, 8.82, -1.45, 2.00, 2.80, 0.17518420365468326
No.242: 0.91, 0.91, 4.61, 4.48, 4.63, 7.70, 8.82, -1.45, 2.00, 2.80, 0.17518420365468326
No.243: 0.91, 0.91, 4.61, 4.48, 4.63, 7.70, 8.82, -1.45, 2.00, 2.80, 0.17518420365468326
No.244: 0.91, 0.91, 4.61, 4.48, 4.63, 7.70, 8.82, -1.45, 2.00, 2.80, 0.17518420365468326
No.245: 0.91, 0.91, 4.61, 4.48, 4.63, 7.70, 8.82, -1.45, 2.00, 2.80, 0.17518420365468326
No.246: 0.91, 0.91, 4.61, 4.48, 4.63, 7.70, 8.82, -1.45, 2.00, 2.80, 0.17518420365468326
No.247: 0.91, 0.91, 4.61, 4.48, 4.63, 7.70, 8.82, -1.45, 2.00, 2.80, 0.17518420365468326
No.248: 0.91, 0.91, 4.61, 4.48, 4.63, 7.70, 8.82, -1.45, 2.00, 2.80, 0.17518420365468326
No.249: 0.91, 0.91, 4.61, 4.48, 4.63, 7.70, 8.82, -1.45, 2.00, 2.80, 0.17518420365468326
No.250: 0.91, 0.91, 4.61, 4.48, 4.63, 7.70, 8.82, -1.45, 2.00, 2.80, 0.17518420365468326
No.251: 0.91, 0.91, 4.61, 4.48, 4.63, 7.70, 8.82, -1.45, 2.00, 2.80, 0.17518420365468326
No.252: 0.91, 0.91, 4.61, 4.48, 4.63, 7.70, 8.82, -1.45, 2.00, 2.80, 0.17518420365468326
No.253: 0.91, 0.91, 4.61, 4.48, 4.63, 7.70, 8.82, -1.45, 2.00, 2.80, 0.17518420365468326
No.254: 0.91, 0.91, 4.61, 4.48, 4.63, 7.70, 8.82, -1.45, 2.00, 2.80, 0.17518420365468326
No.255: 0.91, 0.91, 4.61, 4.48, 4.63, 7.70, 8.82, -1.45, 2.00, 2.80, 0.17518420365468326
No.256: 0.91, 0.91, 4.61, 4.48, 4.63, 7.70, 8.82, -1.45, 2.00, 2.80, 0.17518420365468326
No.257: 0.91, 0.91, 4.61, 4.48, 4.63, 7.70, 8.82, -1.45, 2.00, 2.80, 0.17518420365468326
No.258: 0.91, 0.91, 4.61, 4.48, 4.63, 7.70, 8.82, -1.45, 2.00, 2.80, 0.17518420365468326
No.259: 0.91, 0.91, 4.61, 4.48, 4.63, 7.70, 8.82, -1.45, 2.00, 2.80, 0.17518420365468326
No.260: 0.91, 0.91, 4.61, 4.48, 4.63, 7.70, 8.82, -1.45, 2.00, 2.80, 0.17518420365468326
No.261: 0.91, 0.91, 4.61, 4.48, 4.63, 7.70, 8.82, -1.45, 2.00, 2.80, 0.17518420365468326
No.262: 0.91, 0.91, 4.61, 4.48, 4.63, 7.70, 8.82, -1.45, 2.00, 2.80, 0.17518420365468326
No.263: 0.91, 0.91, 4.61, 4.48, 4.63, 7.70, 8.82, -1.45, 2.00, 2.80, 0.17518420365468326
No.264: 0.91, 0.91, 4.61, 4.48, 4.63, 7.70, 8.82, -1.45, 2.00, 2.80, 0.17518420365468326
No.265: 0.91, 0.91, 4.61, 4.48, 4.63, 7.70, 8.82, -1.45, 2.00, 2.80, 0.17518420365468326
No.266: 0.91, 0.91, 4.61, 4.48, 4.63, 7.70, 8.82, -1.45, 2.00, 2.80, 0.17518420365468326
No.267: 0.91, 0.91, 4.61, 4.48, 4.63, 7.70, 8.82, -1.45, 2.00, 2.80, 0.17518420365468326
No.268: 0.91, 0.91, 4.61, 4.48, 4.63, 7.70, 8.82, -1.45, 2.00, 2.80, 0.17518420365468326
No.269: 0.91, 0.91, 4.61, 4.48, 4.63, 7.70, 8.82, -1.45, 2.00, 2.80, 0.17518420365468326
No.270: 0.91, 0.91, 4.61, 4.48, 4.63, 7.70, 8.82, -1.45, 2.00, 2.80, 0.17518420365468326
No.271: 0.91, 0.91, 4.61, 4.48, 4.63, 7.70, 8.82, -1.45, 2.00, 2.80, 0.17518420365468326
No.272: 0.91, 0.91, 4.61, 4.48, 4.63, 7.70, 8.82, -1.45, 2.00, 2.80, 0.17518420365468326
No.273: 0.91, 0.91, 4.61, 4.48, 4.63, 7.70, 8.82, -1.45, 2.00, 2.80, 0.17518420365468326
No.274: 0.91, 0.91, 4.61, 4.48, 4.63, 7.70, 8.82, -1.45, 2.00, 2.80, 0.17518420365468326
No.275: 0.91, 0.91, 4.61, 4.48, 4.63, 7.70, 8.82, -1.45, 2.00, 2.80, 0.17518420365468326
No.276: 0.91, 0.91, 4.61, 4.48, 4.63, 7.70, 8.82, -1.45, 2.00, 2.80, 0.17518420365468326
No.277: 0.91, 0.91, 4.61, 4.48, 4.63, 7.70, 8.82, -1.45, 2.00, 2.80, 0.17518420365468326
No.278: 0.91, 0.91, 4.61, 4.48, 4.63, 7.70, 8.82, -1.45, 2.00, 2.80, 0.17518420365468326
No.279: 0.91, 0.91, 4.61, 4.48, 4.63, 7.70, 8.82, -1.45, 2.00, 2.80, 0.17518420365468326
No.280: 0.91, 0.91, 4.61, 4.48, 4.63, 7.70, 8.82, -1.45, 2.00, 2.80, 0.17518420365468326
No.281: 0.91, 0.91, 4.61, 4.48, 4.63, 7.70, 8.82, -1.45, 2.00, 2.80, 0.17518420365468326
No.282: 0.91, 0.91, 4.61, 4.48, 4.63, 7.70, 8.82, -1.45, 2.00, 2.80, 0.17518420365468326
No.283: 0.91, 0.91, 4.61, 4.48, 4.63, 7.70, 8.82, -1.45, 2.00, 2.80, 0.17518420365468326
No.284: 0.91, 0.91, 4.61, 4.48, 4.63, 7.70, 8.82, -1.45, 2.00, 2.80, 0.17518420365468326
No.285: 0.91, 0.91, 4.61, 4.48, 4.63, 7.70, 8.82, -1.45, 2.00, 2.80, 0.17518420365468326
No.286: 0.91, 0.91, 4.61, 4.48, 4.63, 7.70, 8.82, -1.45, 2.00, 2.80, 0.17518420365468326
No.287: 0.91, 0.91, 4.61, 4.48, 4.63, 7.70, 8.82, -1.45, 2.00, 2.80, 0.17518420365468326
No.288: 0.91, 0.91, 4.61, 4.48, 4.63, 7.70, 8.82, -1.45, 2.00, 2.80, 0.17518420365468326
No.289: 0.91, 0.91, 4.61, 4.48, 4.63, 7.70, 8.82, -1.45, 2.00, 2.80, 0.17518420365468326
No.290: 0.91, 0.91, 4.61, 4.48, 4.63, 7.70, 8.82, -1.45, 2.00, 2.80, 0.17518420365468326
No.291: 0.91, 0.91, 4.61, 4.48, 4.63, 7.70, 8.82, -1.45, 2.00, 2.80, 0.17518420365468326
No.292: 0.91, 0.91, 4.61, 4.48, 4.63, 7.70, 8.82, -1.45, 2.00, 2.80, 0.17518420365468326
No.293: 0.91, 0.91, 4.61, 4.48, 4.63, 7.70, 8.82, -1.45, 2.00, 2.80, 0.17518420365468326
No.294: 0.91, 0.91, 4.61, 4.48, 4.63, 7.70, 8.82, -1.45, 2.00, 2.80, 0.17518420365468326
No.295: 0.91, 0.91, 4.61, 4.48, 4.63, 7.70, 8.82, -1.45, 2.00, 2.80, 0.17518420365468326
No.296: 0.91, 0.91, 4.61, 4.48, 4.63, 7.70, 8.82, -1.45, 2.00, 2.80, 0.17518420365468326
No.297: 0.91, 0.91, 4.61, 4.48, 4.63, 7.70, 8.82, -1.45, 2.00, 2.80, 0.17518420365468326
No.298: 0.91, 0.91, 4.61, 4.48, 4.63, 7.70, 8.82, -1.45, 2.00, 2.80, 0.17518420365468326
No.299: 0.91, 0.91, 4.61, 4.48, 4.63, 7.70, 8.82, -1.45, 2.00, 2.80, 0.17518420365468326
No.300: 0.91, 0.91, 4.61, 4.48, 4.63, 7.70, 8.82, -1.45, 2.00, 2.80, 0.17518420365468326
No.301: 0.91, 0.91, 4.61, 4.48, 4.63, 7.70, 8.82, -1.45, 2.00, 2.80, 0.17518420365468326
No.302: 0.91, 0.91, 4.61, 4.48, 4.63, 7.70, 8.82, -1.45, 2.00, 2.80, 0.17518420365468326
No.303: 0.91, 0.91, 4.61, 4.48, 4.63, 7.70, 8.82, -1.45, 2.00, 2.80, 0.17518420365468326
No.304: 0.91, 0.91, 4.61, 4.48, 4.63, 7.70, 8.82, -1.45, 2.00, 2.80, 0.17518420365468326
No.305: 0.91, 0.91, 4.61, 4.48, 4.63, 7.70, 8.82, -1.45, 2.00, 2.80, 0.17518420365468326
No.306: 0.91, 0.91, 4.61, 4.48, 4.63, 7.70, 8.82, -1.45, 2.00, 2.80, 0.17518420365468326
No.307: 0.91, 0.91, 4.61, 4.48, 4.63, 7.70, 8.82, -1.45, 2.00, 2.80, 0.17518420365468326
No.308: 0.91, 0.91, 4.61, 4.48, 4.63, 7.70, 8.82, -1.45, 2.00, 2.80, 0.17518420365468326
No.309: 0.91, 0.91, 4.61, 4.48, 4.63, 7.70, 8.82, -1.45, 2.00, 2.80, 0.17518420365468326
No.310: 0.91, 0.91, 4.61, 4.48, 4.63, 7.70, 8.82, -1.45, 2.00, 2.80, 0.17518420365468326
No.311: 0.91, 0.91, 4.61, 4.48, 4.63, 7.70, 8.82, -1.45, 2.00, 2.80, 0.17518420365468326
No.312: 0.91, 0.91, 4.61, 4.48, 4.63, 7.70, 8.82, -1.45, 2.00, 2.80, 0.17518420365468326
No.313: 0.91, 0.91, 4.61, 4.48, 4.63, 7.70, 8.82, -1.45, 2.00, 2.80, 0.17518420365468326
No.314: 0.91, 0.91, 4.61, 4.48, 4.63, 7.70, 8.82, -1.45, 2.00, 2.80, 0.17518420365468326
No.315: 0.91, 0.91, 4.61, 4.48, 4.63, 7.70, 8.82, -1.45, 2.00, 2.80, 0.17518420365468326
No.316: 0.91, 0.91, 4.61, 4.48, 4.63, 7.70, 8.82, -1.45, 2.00, 2.80, 0.17518420365468326
No.317: 0.91, 0.91, 4.61, 4.48, 4.63, 7.70, 8.82, -1.45, 2.00, 2.80, 0.17518420365468326
No.318: 0.91, 0.91, 4.61, 4.48, 4.63, 7.70, 8.82, -1.45, 2.00, 2.80, 0.17518420365468326
No.319: 0.91, 0.91, 4.61, 4.48, 4.63, 7.70, 8.82, -1.45, 2.00, 2.80, 0.17518420365468326
No.320: 0.91, 0.91, 4.61, 4.48, 4.63, 7.70, 8.82, -1.45, 2.00, 2.80, 0.17518420365468326
No.321: 0.91, 0.91, 4.61, 4.48, 4.63, 7.70, 8.82, -1.45, 2.00, 2.80, 0.17518420365468326
No.322: 0.91, 0.91, 4.61, 4.48, 4.63, 7.70, 8.82, -1.45, 2.00, 2.80, 0.17518420365468326
No.323: 0.91, 0.91, 4.61, 4.48, 4.63, 7.70, 8.82, -1.45, 2.00, 2.80, 0.17518420365468326
No.324: 0.91, 0.91, 4.61, 4.48, 4.63, 7.70, 8.82, -1.45, 2.00, 2.80, 0.17518420365468326
No.325: 0.91, 0.91, 4.61, 4.48, 4.63, 7.70, 8.82, -1.45, 2.00, 2.80, 0.17518420365468326
No.326: 0.91, 0.91, 4.61, 4.48, 4.63, 7.70, 8.82, -1.45, 2.00, 2.80, 0.17518420365468326
No.327: 0.91, 0.91, 4.61, 4.48, 4.63, 7.70, 8.82, -1.45, 2.00, 2.80, 0.17518420365468326
No.328: 0.91, 0.91, 4.61, 4.48, 4.63, 7.70, 8.82, -1.45, 2.00, 2.80, 0.17518420365468326
No.329: 0.91, 0.91, 4.61, 4.48, 4.63, 7.70, 8.82, -1.45, 2.00, 2.80, 0.17518420365468326
No.330: 0.91, 0.91, 4.61, 4.48, 4.63, 7.70, 8.82, -1.45, 2.00, 2.80, 0.17518420365468326
No.331: 0.91, 0.91, 4.61, 4.48, 4.63, 7.70, 8.82, -1.45, 2.00, 2.80, 0.17518420365468326
No.332: 0.91, 0.91, 4.61, 4.48, 4.63, 7.70, 8.82, -1.45, 2.00, 2.80, 0.17518420365468326
No.333: 0.91, 0.91, 4.61, 4.48, 4.63, 7.70, 8.82, -1.45, 2.00, 2.80, 0.17518420365468326
No.334: 0.91, 0.91, 4.61, 4.48, 4.63, 7.70, 8.82, -1.45, 2.00, 2.80, 0.17518420365468326
No.335: 0.91, 0.91, 4.61, 4.48, 4.63, 7.70, 8.82, -1.45, 2.00, 2.80, 0.17518420365468326
No.336: 0.91, 0.91, 4.61, 4.48, 4.63, 7.70, 8.82, -1.45, 2.00, 2.80, 0.17518420365468326
No.337: 0.91, 0.91, 4.61, 4.48, 4.63, 7.70, 8.82, -1.45, 2.00, 2.80, 0.17518420365468326
No.338: 0.91, 0.91, 4.61, 4.48, 4.63, 7.70, 8.82, -1.45, 2.00, 2.80, 0.17518420365468326
No.339: 0.91, 0.91, 4.61, 4.48, 4.63, 7.70, 8.82, -1.45, 2.00, 2.80, 0.17518420365468326
No.340: 0.91, 0.91, 4.61, 4.48, 4.63, 7.70, 8.82, -1.45, 2.00, 2.80, 0.17518420365468326
No.341: 0.91, 0.91, 4.61, 4.48, 4.63, 7.70, 8.82, -1.45, 2.00, 2.80, 0.17518420365468326
No.342: 0.91, 0.91, 4.61, 4.48, 4.63, 7.70, 8.82, -1.45, 2.00, 2.80, 0.17518420365468326
No.343: 0.91, 0.91, 4.61, 4.48, 4.63, 7.70, 8.82, -1.45, 2.00, 2.80, 0.17518420365468326
No.344: 0.91, 0.91, 4.61, 4.48, 4.63, 7.70, 8.82, -1.45, 2.00, 2.80, 0.17518420365468326
No.345: 0.91, 0.91, 4.61, 4.48, 4.63, 7.70, 8.82, -1.45, 2.00, 2.80, 0.17518420365468326
No.346: 0.91, 0.91, 4.61, 4.48, 4.63, 7.70, 8.82, -1.45, 2.00, 2.80, 0.17518420365468326
No.347: 0.91, 0.91, 4.61, 4.48, 4.63, 7.70, 8.82, -1.45, 2.00, 2.80, 0.17518420365468326
No.348: 0.91, 0.91, 4.61, 4.48, 4.63, 7.70, 8.82, -1.45, 2.00, 2.80, 0.17518420365468326
No.349: 0.91, 0.91, 4.61, 4.48, 4.63, 7.70, 8.82, -1.45, 2.00, 2.80, 0.17518420365468326
No.350: 0.91, 0.91, 4.61, 4.48, 4.63, 7.70, 8.82, -1.45, 2.00, 2.80, 0.17518420365468326
No.351: 0.91, 0.91, 4.61, 4.48, 4.63, 7.70, 8.82, -1.45, 2.00, 2.80, 0.17518420365468326
No.352: 0.91, 0.91, 4.61, 4.48, 4.63, 7.70, 8.82, -1.45, 2.00, 2.80, 0.17518420365468326
No.353: 0.91, 0.91, 4.61, 4.48, 4.63, 7.70, 8.82, -1.45, 2.00, 2.80, 0.17518420365468326
No.354: 0.91, 0.91, 4.61, 4.48, 4.63, 7.70, 8.82, -1.45, 2.00, 2.80, 0.17518420365468326
No.355: 0.91, 0.91, 4.61, 4.48, 4.63, 7.70, 8.82, -1.45, 2.00, 2.80, 0.17518420365468326
No.356: 0.91, 0.91, 4.61, 4.48, 4.63, 7.70, 8.82, -1.45, 2.00, 2.80, 0.17518420365468326
No.357: 0.91, 0.91, 4.61, 4.48, 4.63, 7.70, 8.82, -1.45, 2.00, 2.80, 0.17518420365468326
No.358: 0.91, 0.91, 4.61, 4.48, 4.63, 7.70, 8.82, -1.45, 2.00, 2.80, 0.17518420365468326
No.359: 0.91, 0.91, 4.61, 4.48, 4.63, 7.70, 8.82, -1.45, 2.00, 2.80, 0.17518420365468326
No.360: 0.91, 0.91, 4.61, 4.48, 4.63, 7.70, 8.82, -1.45, 2.00, 2.80, 0.17518420365468326
No.361: 0.91, 0.91, 4.61, 4.48, 4.63, 7.70, 8.82, -1.45, 2.00, 2.80, 0.17518420365468326
No.362: 0.91, 0.91, 4.61, 4.48, 4.63, 7.70, 8.82, -1.45, 2.00, 2.80, 0.17518420365468326
No.363: 0.91, 0.91, 4.61, 4.48, 4.63, 7.70, 8.82, -1.45, 2.00, 2.80, 0.17518420365468326
No.364: 0.91, 0.91, 4.61, 4.48, 4.63, 7.70, 8.82, -1.45, 2.00, 2.80, 0.17518420365468326
No.365: 0.91, 0.91, 4.61, 4.48, 4.63, 7.70, 8.82, -1.45, 2.00, 2.80, 0.17518420365468326
No.366: 0.91, 0.91, 4.61, 4.48, 4.63, 7.70, 8.82, -1.45, 2.00, 2.80, 0.17518420365468326
No.367: 0.91, 0.91, 4.61, 4.48, 4.63, 7.70, 8.82, -1.45, 2.00, 2.80, 0.17518420365468326
No.368: 0.91, 0.91, 4.61, 4.48, 4.63, 7.70, 8.82, -1.45, 2.00, 2.80, 0.17518420365468326
No.369: 0.91, 0.91, 4.61, 4.48, 4.63, 7.70, 8.82, -1.45, 2.00, 2.80, 0.17518420365468326
No.370: 0.91, 0.91, 4.61, 4.48, 4.63, 7.70, 8.82, -1.45, 2.00, 2.80, 0.17518420365468326
No.371: 0.91, 0.91, 4.61, 4.48, 4.63, 7.70, 8.82, -1.45, 2.00, 2.80, 0.17518420365468326
No.372: 0.91, 0.91, 4.61, 4.48, 4.63, 7.70, 8.82, -1.45, 2.00, 2.80, 0.17518420365468326
No.373: 0.91, 0.91, 4.61, 4.48, 4.63, 7.70, 8.82, -1.45, 2.00, 2.80, 0.17518420365468326
No.374: 0.91, 0.91, 4.61, 4.48, 4.63, 7.70, 8.82, -1.45, 2.00, 2.80, 0.17518420365468326
No.375: 0.91, 0.91, 4.61, 4.48, 4.63, 7.70, 8.82, -1.45, 2.00, 2.80, 0.17518420365468326
No.376: 0.91, 0.91, 4.61, 4.48, 4.63, 7.70, 8.82, -1.45, 2.00, 2.80, 0.17518420365468326
No.377: 0.91, 0.91, 4.61, 4.48, 4.63, 7.70, 8.82, -1.45, 2.00, 2.80, 0.17518420365468326
No.378: 0.91, 0.91, 4.61, 4.48, 4.63, 7.70, 8.82, -1.45, 2.00, 2.80, 0.17518420365468326
No.379: 0.91, 0.91, 4.61, 4.48, 4.63, 7.70, 8.82, -1.45, 2.00, 2.80, 0.17518420365468326
No.380: 0.91, 0.91, 4.61, 4.48, 4.63, 7.70, 8.82, -1.45, 2.00, 2.80, 0.17518420365468326
No.381: 0.91, 0.91, 4.61, 4.48, 4.63, 7.70, 8.82, -1.45, 2.00, 2.80, 0.17518420365468326
No.382: 0.91, 0.91, 4.61, 4.48, 4.63, 7.70, 8.82, -1.45, 2.00, 2.80, 0.17518420365468326
No.383: 0.91, 0.91, 4.61, 4.48, 4.63, 7.70, 8.82, -1.45, 2.00, 2.80, 0.17518420365468326
No.384: 0.91, 0.91, 4.61, 4.48, 4.63, 7.70, 8.82, -1.45, 2.00, 2.80, 0.17518420365468326
No.385: 0.91, 0.91, 4.61, 4.48, 4.63, 7.70, 8.82, -1.45, 2.00, 2.80, 0.17518420365468326
No.386: 0.91, 0.91, 4.61, 4.48, 4.63, 7.70, 8.82, -1.45, 2.00, 2.80, 0.17518420365468326
No.387: 0.91, 0.91, 4.61, 4.48, 4.63, 7.70, 8.82, -1.45, 2.00, 2.80, 0.17518420365468326
No.388: 0.91, 0.91, 4.61, 4.48, 4.63, 7.70, 8.82, -1.45, 2.00, 2.80, 0.17518420365468326
No.389: 0.91, 0.91, 4.61, 4.48, 4.63, 7.70, 8.82, -1.45, 2.00, 2.80, 0.17518420365468326
No.390: 0.91, 0.91, 4.61, 4.48, 4.63, 7.70, 8.82, -1.45, 2.00, 2.80, 0.17518420365468326
No.391: 0.91, 0.91, 4.61, 4.48, 4.63, 7.70, 8.82, -1.45, 2.00, 2.80, 0.17518420365468326
No.392: 0.91, 0.91, 4.61, 4.48, 4.63, 7.70, 8.82, -1.45, 2.00, 2.80, 0.17518420365468326
No.393: 0.91, 0.91, 4.61, 4.48, 4.63, 7.70, 8.82, -1.45, 2.00, 2.80, 0.17518420365468326
No.394: 0.91, 0.91, 4.61, 4.48, 4.63, 7.70, 8.82, -1.45, 2.00, 2.80, 0.17518420365468326
No.395: 0.91, 0.91, 4.61, 4.48, 4.63, 7.70, 8.82, -1.45, 2.00, 2.80, 0.17518420365468326
No.396: 0.91, 0.91, 4.61, 4.48, 4.63, 7.70, 8.82, -1.45, 2.00, 2.80, 0.17518420365468326
No.397: 0.91, 0.91, 4.61, 4.48, 4.63, 7.70, 8.82, -1.45, 2.00, 2.80, 0.17518420365468326
No.398: 0.91, 0.91, 4.61, 4.48, 4.63, 7.70, 8.82, -1.45, 2.00, 2.80, 0.17518420365468326
No.399: 0.91, 0.91, 4.61, 4.48, 4.63, 7.70, 8.82, -1.45, 2.00, 2.80, 0.17518420365468326
No.400: 0.91, 0.91, 4.61, 4.48, 4.63, 7.70, 8.82, -1.45, 2.00, 2.80, 0.17518420365468326
No.401: 0.91, 0.91, 4.61, 4.48, 4.63, 7.70, 8.82, -1.45, 2.00, 2.80, 0.17518420365468326
No.402: 0.91, 0.91, 4.61, 4.48, 4.63, 7.70, 8.82, -1.45, 2.00, 2.80, 0.17518420365468326
No.403: 0.91, 0.91, 4.61, 4.48, 4.63, 7.70, 8.82, -1.45, 2.00, 2.80, 0.17518420365468326
No.404: 0.91, 0.91, 4.61, 4.48, 4.63, 7.70, 8.82, -1.45, 2.00, 2.80, 0.17518420365468326
No.405: 0.91, 0.91, 4.61, 4.48, 4.63, 7.70, 8.82, -1.45, 2.00, 2.80, 0.17518420365468326
No.406: 0.91, 0.91, 4.61, 4.48, 4.63, 7.70, 8.82, -1.45, 2.00, 2.80, 0.17518420365468326
No.407: 0.91, 0.91, 4.61, 4.48, 4.63, 7.70, 8.82, -1.45, 2.00, 2.80, 0.17518420365468326
No.408: 0.91, 0.91, 4.61, 4.48, 4.63, 7.70, 8.82, -1.45, 2.00, 2.80, 0.17518420365468326
