No.1000: 1.00, 1.00, 0.01, 0.14, 3.00, 21.70, 10.31, -18.00, 2.00, 2.80, 0.8012100942184509
No.1001: 1.00, 1.00, 0.01, 0.14, 3.00, 21.70, 10.31, -18.00, 2.00, 2.80, 0.8012100942184509
No.1002: 1.00, 1.00, 0.01, 0.14, 3.01, 21.70, 10.31, -18.00, 2.00, 2.80, 0.8012100942184509
No.1003: 1.00, 1.00, 0.01, 0.14, 3.00, 21.71, 10.31, -18.00, 2.00, 2.80, 0.8012100942184509
No.1004: 1.00, 1.00, 0.01, 0.14, 3.00, 21.70, 10.31, -18.00, 2.00, 2.80, 0.8012100942184509
No.1005: 1.00, 1.00, 0.01, 0.14, 3.00, 21.70, 10.31, -18.00, 2.00, 2.80, 0.8012100942184509
No.1006: 1.00, 1.00, 0.01, 0.14, 3.00, 21.70, 10.31, -18.00, 2.00, 2.80, 0.8012100942184509
No.1007: 1.00, 1.00, 0.01, 0.14, 3.00, 21.70, 10.31, -18.00, 2.00, 2.80, 0.8012100942184509
No.1008: 1.01, 1.01, 0.01, 0.14, 3.01, 21.71, 10.31, -18.00, 2.00, 2.80, 0.8012100942184509
No.1009: 1.01, 1.01, 0.01, 0.14, 3.01, 21.71, 10.31, -18.00, 2.00, 2.80, 0.8012100942184509
No.100: 1.00, 1.00, 0.01, 0.14, 3.00, 21.70, 10.31, -18.00, 2.00, 2.80, 0.8012100942184509
No.1010: 1.01, 1.00, 0.01, 0.14, 3.00, 21.70, 10.31, -18.00, 2.00, 2.80, 0.8012100942184509
No.1011: 1.00, 1.01, 0.01, 0.14, 3.00, 21.70, 10.31, -18.00, 2.00, 2.80, 0.8012100942184509
No.1012: 1.00, 1.00, 0.01, 0.14, 3.00, 21.70, 10.31, -18.00, 2.00, 2.80, 0.8012100942184509
No.1013: 1.00, 1.00, 0.01, 0.14, 3.00, 21.70, 10.31, -18.00, 2.00, 2.80, 0.8012100942184509
No.1014: 1.00, 1.00, 0.01, 0.14, 3.01, 21.70, 10.31, -18.00, 2.00, 2.80, 0.8012100942184509
No.1015: 1.00, 1.00, 0.01, 0.14, 3.00, 21.71, 10.31, -18.00, 2.00, 2.80, 0.8012100942184509
No.1016: 1.00, 1.00, 0.01, 0.14, 3.00, 21.70, 10.31, -18.00, 2.00, 2.80, 0.8012100942184509
No.1017: 1.00, 1.00, 0.01, 0.14, 3.00, 21.70, 10.31, -18.00, 2.00, 2.80, 0.8012100942184509
No.1018: 1.00, 1.00, 0.01, 0.14, 3.00, 21.70, 10.31, -18.00, 2.00, 2.80, 0.8012100942184509
No.1019: 1.00, 1.00, 0.01, 0.14, 3.00, 21.70, 10.31, -18.00, 2.00, 2.80, 0.8012100942184509
No.101: 1.00, 1.00, 0.01, 0.14, 3.00, 21.70, 10.31, -18.00, 2.00, 2.80, 0.8012100942184509
No.1020: 1.01, 1.01, 0.01, 0.14, 3.01, 21.71, 10.31, -18.00, 2.00, 2.80, 0.8012100942184509
No.1021: 1.01, 1.01, 0.01, 0.14, 3.01, 21.71, 10.31, -18.00, 2.00, 2.80, 0.8012100942184509
No.1022: 1.01, 1.00, 0.01, 0.14, 3.00, 21.70, 10.31, -18.00, 2.00, 2.80, 0.8012100942184509
No.1023: 1.00, 1.01, 0.01, 0.14, 3.00, 21.70, 10.31, -18.00, 2.00, 2.80, 0.8012100942184509
No.1024: 1.00, 1.00, 0.01, 0.14, 3.00, 21.70, 10.31, -18.00, 2.00, 2.80, 0.8012100942184509
No.1025: 1.00, 1.00, 0.01, 0.14, 3.00, 21.70, 10.31, -18.00, 2.00, 2.80, 0.8012100942184509
No.1026: 1.00, 1.00, 0.01, 0.14, 3.01, 21.70, 10.31, -18.00, 2.00, 2.80, 0.8012100942184509
No.1027: 1.00, 1.00, 0.01, 0.14, 3.00, 21.71, 10.31, -18.00, 2.00, 2.80, 0.8012100942184509
No.1028: 1.00, 1.00, 0.01, 0.14, 3.00, 21.70, 10.31, -18.00, 2.00, 2.80, 0.8012100942184509
No.1029: 1.00, 1.00, 0.01, 0.14, 3.00, 21.70, 10.31, -18.00, 2.00, 2.80, 0.8012100942184509
No.102: 1.00, 1.00, 0.01, 0.14, 3.07, 21.70, 10.31, -18.00, 2.00, 2.80, 0.8012100942184509
No.1030: 1.00, 1.00, 0.01, 0.14, 3.00, 21.70, 10.31, -18.00, 2.00, 2.80, 0.8012100942184509
No.1031: 1.00, 1.00, 0.01, 0.14, 3.00, 21.70, 10.31, -18.00, 2.00, 2.80, 0.8012100942184509
No.1032: 1.01, 1.01, 0.01, 0.14, 3.01, 21.71, 10.31, -18.00, 2.00, 2.80, 0.8012100942184509
No.1033: 1.01, 1.01, 0.01, 0.14, 3.01, 21.71, 10.31, -18.00, 2.00, 2.80, 0.8012100942184509
No.1034: 1.01, 1.00, 0.01, 0.14, 3.00, 21.70, 10.31, -18.00, 2.00, 2.80, 0.8012100942184509
No.1035: 1.00, 1.01, 0.01, 0.14, 3.00, 21.70, 10.31, -18.00, 2.00, 2.80, 0.8012100942184509
No.1036: 1.00, 1.00, 0.01, 0.14, 3.00, 21.70, 10.31, -18.00, 2.00, 2.80, 0.8012100942184509
No.1037: 1.00, 1.00, 0.01, 0.14, 3.00, 21.70, 10.31, -18.00, 2.00, 2.80, 0.8012100942184509
No.1038: 1.00, 1.00, 0.01, 0.14, 3.01, 21.70, 10.31, -18.00, 2.00, 2.80, 0.8012100942184509
No.1039: 1.00, 1.00, 0.01, 0.14, 3.00, 21.71, 10.31, -18.00, 2.00, 2.80, 0.8012100942184509
No.103: 1.00, 1.00, 0.01, 0.14, 3.00, 22.17, 10.31, -18.00, 2.00, 2.80, 0.8012100942184509
No.1040: 1.00, 1.00, 0.01, 0.14, 3.00, 21.70, 10.31, -18.00, 2.00, 2.80, 0.8012100942184509
No.1041: 1.00, 1.00, 0.01, 0.14, 3.00, 21.70, 10.31, -18.00, 2.00, 2.80, 0.8012100942184509
No.1042: 1.00, 1.00, 0.01, 0.14, 3.00, 21.70, 10.31, -18.00, 2.00, 2.80, 0.8012100942184509
No.1043: 1.00, 1.00, 0.01, 0.14, 3.00, 21.70, 10.31, -18.00, 2.00, 2.80, 0.8012100942184509
No.1044: 1.01, 1.01, 0.01, 0.14, 3.01, 21.71, 10.31, -18.00, 2.00, 2.80, 0.8012100942184509
No.1045: 1.01, 1.01, 0.01, 0.14, 3.01, 21.71, 10.31, -18.00, 2.00, 2.80, 0.8012100942184509
No.1046: 1.01, 1.00, 0.01, 0.14, 3.00, 21.70, 10.31, -18.00, 2.00, 2.80, 0.8012100942184509
No.1047: 1.00, 1.01, 0.01, 0.14, 3.00, 21.70, 10.31, -18.00, 2.00, 2.80, 0.8012100942184509
No.1048: 1.00, 1.00, 0.01, 0.14, 3.00, 21.70, 10.31, -18.00, 2.00, 2.80, 0.8012100942184509
No.1049: 1.00, 1.00, 0.01, 0.14, 3.00, 21.70, 10.31, -18.00, 2.00, 2.80, 0.8012100942184509
No.104: 1.00, 1.00, 0.01, 0.14, 3.00, 21.70, 10.53, -18.00, 2.00, 2.80, 0.8012100942184509
No.1050: 1.00, 1.00, 0.01, 0.14, 3.01, 21.70, 10.31, -18.00, 2.00, 2.80, 0.8012100942184509
No.1051: 1.00, 1.00, 0.01, 0.14, 3.00, 21.71, 10.31, -18.00, 2.00, 2.80, 0.8012100942184509
No.1052: 1.00, 1.00, 0.01, 0.14, 3.00, 21.70, 10.31, -18.00, 2.00, 2.80, 0.8012100942184509
No.1053: 1.00, 1.00, 0.01, 0.14, 3.00, 21.70, 10.31, -18.00, 2.00, 2.80, 0.8012100942184509
No.1054: 1.00, 1.00, 0.01, 0.14, 3.00, 21.70, 10.31, -18.00, 2.00, 2.80, 0.8012100942184509
No.1055: 1.00, 1.00, 0.01, 0.14, 3.00, 21.70, 10.31, -18.00, 2.00, 2.80, 0.8012100942184509
No.1056: 1.01, 1.01, 0.01, 0.14, 3.01, 21.71, 10.31, -18.00, 2.00, 2.80, 0.8012100942184509
No.1057: 1.01, 1.01, 0.01, 0.14, 3.01, 21.71, 10.31, -18.00, 2.00, 2.80, 0.8012100942184509
No.1058: 1.01, 1.00, 0.01, 0.14, 3.00, 21.70, 10.31, -18.00, 2.00, 2.80, 0.8012100942184509
No.1059: 1.00, 1.01, 0.01, 0.14, 3.00, 21.70, 10.31, -18.00, 2.00, 2.80, 0.8012100942184509
No.105: 1.00, 1.00, 0.01, 0.14, 3.00, 21.70, 10.31, -18.38, 2.00, 2.80, 0.8012100942184509
No.1060: 1.00, 1.00, 0.01, 0.14, 3.00, 21.70, 10.31, -18.00, 2.00, 2.80, 0.8012100942184509
No.1061: 1.00, 1.00, 0.01, 0.14, 3.00, 21.70, 10.31, -18.00, 2.00, 2.80, 0.8012100942184509
No.1062: 1.00, 1.00, 0.01, 0.14, 3.01, 21.70, 10.31, -18.00, 2.00, 2.80, 0.8012100942184509
No.1063: 1.00, 1.00, 0.01, 0.14, 3.00, 21.71, 10.31, -18.00, 2.00, 2.80, 0.8012100942184509
No.1064: 1.00, 1.00, 0.01, 0.14, 3.00, 21.70, 10.31, -18.00, 2.00, 2.80, 0.8012100942184509
No.1065: 1.00, 1.00, 0.01, 0.14, 3.00, 21.70, 10.31, -18.00, 2.00, 2.80, 0.8012100942184509
No.1066: 1.00, 1.00, 0.01, 0.14, 3.00, 21.70, 10.31, -18.00, 2.00, 2.80, 0.8012100942184509
No.1067: 1.00, 1.00, 0.01, 0.14, 3.00, 21.70, 10.31, -18.00, 2.00, 2.80, 0.8012100942184509
No.1068: 1.01, 1.01, 0.01, 0.14, 3.01, 21.71, 10.31, -18.00, 2.00, 2.80, 0.8012100942184509
No.1069: 1.01, 1.01, 0.01, 0.14, 3.01, 21.71, 10.31, -18.00, 2.00, 2.80, 0.8012100942184509
No.106: 1.00, 1.00, 0.01, 0.14, 3.00, 21.70, 10.31, -18.00, 2.00, 2.80, 0.8012100942184509
No.1070: 1.01, 1.00, 0.01, 0.14, 3.00, 21.70, 10.31, -18.00, 2.00, 2.80, 0.8012100942184509
No.1071: 1.00, 1.01, 0.01, 0.14, 3.00, 21.70, 10.31, -18.00, 2.00, 2.80, 0.8012100942184509
No.1072: 1.00, 1.00, 0.01, 0.14, 3.00, 21.70, 10.31, -18.00, 2.00, 2.80, 0.8012100942184509
No.1073: 1.00, 1.00, 0.01, 0.14, 3.00, 21.70, 10.31, -18.00, 2.00, 2.80, 0.8012100942184509
No.1074: 1.00, 1.00, 0.01, 0.14, 3.01, 21.70, 10.31, -18.00, 2.00, 2.80, 0.8012100942184509
No.1075: 1.00, 1.00, 0.01, 0.14, 3.00, 21.71, 10.31, -18.00, 2.00, 2.80, 0.8012100942184509
No.1076: 1.00, 1.00, 0.01, 0.14, 3.00, 21.70, 10.31, -18.00, 2.00, 2.80, 0.8012100942184509
No.1077: 1.00, 1.00, 0.01, 0.14, 3.00, 21.70, 10.31, -18.00, 2.00, 2.80, 0.8012100942184509
No.1078: 1.00, 1.00, 0.01, 0.14, 3.00, 21.70, 10.31, -18.00, 2.00, 2.80, 0.8012100942184509
No.1079: 1.00, 1.00, 0.01, 0.14, 3.00, 21.70, 10.31, -18.00, 2.00, 2.80, 0.8012100942184509
No.107: 1.00, 1.00, 0.01, 0.14, 3.00, 21.70, 10.31, -18.00, 2.00, 2.80, 0.8012100942184509
No.108: 1.01, 1.01, 0.01, 0.14, 3.02, 21.80, 10.35, -18.07, 2.00, 2.74, 0.8012100942184509
No.109: 1.01, 1.01, 0.01, 0.14, 3.01, 21.72, 10.31, -18.01, 2.00, 2.80, 0.8012100942184509
No.10: 1.00, 1.00, 0.01, 0.14, 3.00, 21.70, 10.31, -18.00, 2.00, 2.80, 0.8012100942184509
No.110: 1.02, 1.00, 0.01, 0.14, 3.00, 21.70, 10.31, -18.00, 2.00, 2.80, 0.8012100942184509
No.111: 1.00, 1.02, 0.01, 0.14, 3.00, 21.70, 10.31, -18.00, 2.00, 2.80, 0.8012100942184509
No.112: 1.00, 1.00, 0.01, 0.14, 3.00, 21.70, 10.31, -18.00, 2.00, 2.80, 0.8012100942184509
No.113: 1.00, 1.00, 0.01, 0.14, 3.00, 21.70, 10.31, -18.00, 2.00, 2.80, 0.8012100942184509
No.114: 1.00, 1.00, 0.01, 0.14, 3.06, 21.70, 10.31, -18.00, 2.00, 2.80, 0.8012100942184509
No.115: 1.00, 1.00, 0.01, 0.14, 3.00, 22.13, 10.31, -18.00, 2.00, 2.80, 0.8012100942184509
No.116: 1.00, 1.00, 0.01, 0.14, 3.00, 21.70, 10.50, -18.00, 2.00, 2.80, 0.8012100942184509
No.117: 1.00, 1.00, 0.01, 0.14, 3.00, 21.70, 10.31, -18.34, 2.00, 2.80, 0.8012100942184509
No.118: 1.00, 1.00, 0.01, 0.14, 3.00, 21.70, 10.31, -18.00, 2.00, 2.80, 0.8012100942184509
No.119: 1.00, 1.00, 0.01, 0.14, 3.00, 21.70, 10.31, -18.00, 2.00, 2.80, 0.8012100942184509
No.11: 1.00, 1.00, 0.01, 0.14, 3.00, 21.70, 10.31, -18.00, 2.00, 2.80, 0.8012100942184509
No.120: 1.01, 1.01, 0.01, 0.14, 3.02, 21.79, 10.34, -18.06, 2.00, 2.75, 0.8012100942184509
No.121: 1.01, 1.01, 0.01, 0.14, 3.01, 21.72, 10.31, -18.01, 2.00, 2.80, 0.8012100942184509
No.122: 1.02, 1.00, 0.01, 0.14, 3.00, 21.70, 10.31, -18.00, 2.00, 2.80, 0.8012100942184509
No.123: 1.00, 1.02, 0.01, 0.14, 3.00, 21.70, 10.31, -18.00, 2.00, 2.80, 0.8012100942184509
No.124: 1.00, 1.00, 0.01, 0.14, 3.00, 21.70, 10.31, -18.00, 2.00, 2.80, 0.8012100942184509
No.125: 1.00, 1.00, 0.01, 0.14, 3.00, 21.70, 10.31, -18.00, 2.00, 2.80, 0.8012100942184509
No.126: 1.00, 1.00, 0.01, 0.14, 3.06, 21.70, 10.31, -18.00, 2.00, 2.80, 0.8012100942184509
No.127: 1.00, 1.00, 0.01, 0.14, 3.00, 22.08, 10.31, -18.00, 2.00, 2.80, 0.8012100942184509
No.128: 1.00, 1.00, 0.01, 0.14, 3.00, 21.70, 10.48, -18.00, 2.00, 2.80, 0.8012100942184509
No.129: 1.00, 1.00, 0.01, 0.14, 3.00, 21.70, 10.31, -18.31, 2.00, 2.80, 0.8012100942184509
No.12: 1.02, 1.02, 0.01, 0.14, 3.03, 21.92, 10.41, -18.18, 2.00, 2.67, 0.8012100942184509
No.130: 1.00, 1.00, 0.01, 0.14, 3.00, 21.70, 10.31, -18.00, 2.00, 2.80, 0.8012100942184509
No.131: 1.00, 1.00, 0.01, 0.14, 3.00, 21.70, 10.31, -18.00, 2.00, 2.80, 0.8012100942184509
No.132: 1.01, 1.01, 0.01, 0.14, 3.02, 21.78, 10.34, -18.06, 2.00, 2.76, 0.8012100942184509
No.133: 1.01, 1.01, 0.01, 0.14, 3.01, 21.72, 10.31, -18.00, 2.00, 2.80, 0.8012100942184509
No.134: 1.02, 1.00, 0.01, 0.14, 3.00, 21.70, 10.31, -18.00, 2.00, 2.80, 0.8012100942184509
No.135: 1.00, 1.02, 0.01, 0.14, 3.00, 21.70, 10.31, -18.00, 2.00, 2.80, 0.8012100942184509
No.136: 1.00, 1.00, 0.01, 0.14, 3.00, 21.70, 10.31, -18.00, 2.00, 2.80, 0.8012100942184509
No.137: 1.00, 1.00, 0.01, 0.14, 3.00, 21.70, 10.31, -18.00, 2.00, 2.80, 0.8012100942184509
No.138: 1.00, 1.00, 0.01, 0.14, 3.05, 21.70, 10.31, -18.00, 2.00, 2.80, 0.8012100942184509
No.139: 1.00, 1.00, 0.01, 0.14, 3.00, 22.05, 10.31, -18.00, 2.00, 2.80, 0.8012100942184509
No.13: 1.01, 1.01, 0.01, 0.14, 3.01, 21.74, 10.32, -18.02, 2.00, 2.80, 0.8012100942184509
No.140: 1.00, 1.00, 0.01, 0.14, 3.00, 21.70, 10.47, -18.00, 2.00, 2.80, 0.8012100942184509
No.141: 1.00, 1.00, 0.01, 0.14, 3.00, 21.70, 10.31, -18.28, 2.00, 2.80, 0.8012100942184509
No.142: 1.00, 1.00, 0.01, 0.14, 3.00, 21.70, 10.31, -18.00, 2.00, 2.80, 0.8012100942184509
No.143: 1.00, 1.00, 0.01, 0.14, 3.00, 21.70, 10.31, -18.00, 2.00, 2.80, 0.8012100942184509
No.144: 1.01, 1.01, 0.01, 0.14, 3.01, 21.77, 10.34, -18.05, 2.00, 2.76, 0.8012100942184509
No.145: 1.01, 1.01, 0.01, 0.14, 3.01, 21.72, 10.31, -18.00, 2.00, 2.80, 0.8012100942184509
No.146: 1.02, 1.00, 0.01, 0.14, 3.00, 21.70, 10.31, -18.00, 2.00, 2.80, 0.8012100942184509
No.147: 1.00, 1.02, 0.01, 0.14, 3.00, 21.70, 10.31, -18.00, 2.00, 2.80, 0.8012100942184509
No.148: 1.00, 1.00, 0.01, 0.14, 3.00, 21.70, 10.31, -18.00, 2.00, 2.80, 0.8012100942184509
No.149: 1.00, 1.00, 0.01, 0.14, 3.00, 21.70, 10.31, -18.00, 2.00, 2.80, 0.8012100942184509
No.14: 1.05, 1.00, 0.01, 0.14, 3.00, 21.70, 10.31, -18.00, 2.00, 2.80, 0.8012100942184509
No.150: 1.00, 1.00, 0.01, 0.14, 3.05, 21.70, 10.31, -18.00, 2.00, 2.80, 0.8012100942184509
No.151: 1.00, 1.00, 0.01, 0.14, 3.00, 22.01, 10.31, -18.00, 2.00, 2.80, 0.8012100942184509
No.152: 1.00, 1.00, 0.01, 0.14, 3.00, 21.70, 10.45, -18.00, 2.00, 2.80, 0.8012100942184509
No.153: 1.00, 1.00, 0.01, 0.14, 3.00, 21.70, 10.31, -18.25, 2.00, 2.80, 0.8012100942184509
No.154: 1.00, 1.00, 0.01, 0.14, 3.00, 21.70, 10.31, -18.00, 2.00, 2.80, 0.8012100942184509
No.155: 1.00, 1.00, 0.01, 0.14, 3.00, 21.70, 10.31, -18.00, 2.00, 2.80, 0.8012100942184509
No.156: 1.01, 1.01, 0.01, 0.14, 3.01, 21.77, 10.33, -18.05, 2.00, 2.77, 0.8012100942184509
No.157: 1.01, 1.01, 0.01, 0.14, 3.01, 21.71, 10.31, -18.00, 2.00, 2.80, 0.8012100942184509
No.158: 1.02, 1.00, 0.01, 0.14, 3.00, 21.70, 10.31, -18.00, 2.00, 2.80, 0.8012100942184509
No.159: 1.00, 1.02, 0.01, 0.14, 3.00, 21.70, 10.31, -18.00, 2.00, 2.80, 0.8012100942184509
No.15: 1.00, 1.05, 0.01, 0.14, 3.00, 21.70, 10.31, -18.00, 2.00, 2.80, 0.8012100942184509
No.160: 1.00, 1.00, 0.01, 0.14, 3.00, 21.70, 10.31, -18.00, 2.00, 2.80, 0.8012100942184509
No.161: 1.00, 1.00, 0.01, 0.14, 3.00, 21.70, 10.31, -18.00, 2.00, 2.80, 0.8012100942184509
No.162: 1.00, 1.00, 0.01, 0.14, 3.04, 21.70, 10.31, -18.00, 2.00, 2.80, 0.8012100942184509
No.163: 1.00, 1.00, 0.01, 0.14, 3.00, 21.98, 10.31, -18.00, 2.00, 2.80, 0.8012100942184509
No.164: 1.00, 1.00, 0.01, 0.14, 3.00, 21.70, 10.44, -18.00, 2.00, 2.80, 0.8012100942184509
No.165: 1.00, 1.00, 0.01, 0.14, 3.00, 21.70, 10.31, -18.22, 2.00, 2.80, 0.8012100942184509
No.166: 1.00, 1.00, 0.01, 0.14, 3.00, 21.70, 10.31, -18.00, 2.00, 2.80, 0.8012100942184509
No.167: 1.00, 1.00, 0.01, 0.14, 3.00, 21.70, 10.31, -18.00, 2.00, 2.80, 0.8012100942184509
No.168: 1.01, 1.01, 0.01, 0.14, 3.01, 21.76, 10.33, -18.04, 2.00, 2.77, 0.8012100942184509
No.169: 1.01, 1.01, 0.01, 0.14, 3.01, 21.71, 10.31, -18.00, 2.00, 2.80, 0.8012100942184509
No.16: 1.00, 1.00, 0.01, 0.14, 3.00, 21.70, 10.31, -18.00, 2.00, 2.80, 0.8012100942184509
No.170: 1.02, 1.00, 0.01, 0.14, 3.00, 21.70, 10.31, -18.00, 2.00, 2.80, 0.8012100942184509
No.171: 1.00, 1.02, 0.01, 0.14, 3.00, 21.70, 10.31, -18.00, 2.00, 2.80, 0.8012100942184509
No.172: 1.00, 1.00, 0.01, 0.14, 3.00, 21.70, 10.31, -18.00, 2.00, 2.80, 0.8012100942184509
No.173: 1.00, 1.00, 0.01, 0.14, 3.00, 21.70, 10.31, -18.00, 2.00, 2.80, 0.8012100942184509
No.174: 1.00, 1.00, 0.01, 0.14, 3.04, 21.70, 10.31, -18.00, 2.00, 2.80, 0.8012100942184509
No.175: 1.00, 1.00, 0.01, 0.14, 3.00, 21.95, 10.31, -18.00, 2.00, 2.80, 0.8012100942184509
No.176: 1.00, 1.00, 0.01, 0.14, 3.00, 21.70, 10.42, -18.00, 2.00, 2.80, 0.8012100942184509
No.177: 1.00, 1.00, 0.01, 0.14, 3.00, 21.70, 10.31, -18.20, 2.00, 2.80, 0.8012100942184509
No.178: 1.00, 1.00, 0.01, 0.14, 3.00, 21.70, 10.31, -18.00, 2.00, 2.80, 0.8012100942184509
No.179: 1.00, 1.00, 0.01, 0.14, 3.00, 21.70, 10.31, -18.00, 2.00, 2.80, 0.8012100942184509
No.17: 1.00, 1.00, 0.01, 0.14, 3.00, 21.70, 10.31, -18.00, 2.00, 2.80, 0.8012100942184509
No.180: 1.01, 1.01, 0.01, 0.14, 3.01, 21.75, 10.33, -18.04, 2.00, 2.77, 0.8012100942184509
No.181: 1.01, 1.01, 0.01, 0.14, 3.01, 21.71, 10.31, -18.00, 2.00, 2.80, 0.8012100942184509
No.182: 1.02, 1.00, 0.01, 0.14, 3.00, 21.70, 10.31, -18.00, 2.00, 2.80, 0.8012100942184509
No.183: 1.00, 1.02, 0.01, 0.14, 3.00, 21.70, 10.31, -18.00, 2.00, 2.80, 0.8012100942184509
No.184: 1.00, 1.00, 0.01, 0.14, 3.00, 21.70, 10.31, -18.00, 2.00, 2.80, 0.8012100942184509
No.185: 1.00, 1.00, 0.01, 0.14, 3.00, 21.70, 10.31, -18.00, 2.00, 2.80, 0.8012100942184509
No.186: 1.00, 1.00, 0.01, 0.14, 3.04, 21.70, 10.31, -18.00, 2.00, 2.80, 0.8012100942184509
No.187: 1.00, 1.00, 0.01, 0.14, 3.00, 21.93, 10.31, -18.00, 2.00, 2.80, 0.8012100942184509
No.188: 1.00, 1.00, 0.01, 0.14, 3.00, 21.70, 10.41, -18.00, 2.00, 2.80, 0.8012100942184509
No.189: 1.00, 1.00, 0.01, 0.14, 3.00, 21.70, 10.31, -18.18, 2.00, 2.80, 0.8012100942184509
No.18: 1.00, 1.00, 0.01, 0.14, 3.14, 21.70, 10.31, -18.00, 2.00, 2.80, 0.8012100942184509
No.190: 1.00, 1.00, 0.01, 0.14, 3.00, 21.70, 10.31, -18.00, 2.00, 2.80, 0.8012100942184509
No.191: 1.00, 1.00, 0.01, 0.14, 3.00, 21.70, 10.31, -18.00, 2.00, 2.80, 0.8012100942184509
No.192: 1.01, 1.01, 0.01, 0.14, 3.01, 21.75, 10.33, -18.03, 2.00, 2.78, 0.8012100942184509
No.193: 1.01, 1.01, 0.01, 0.14, 3.01, 21.71, 10.31, -18.00, 2.00, 2.80, 0.8012100942184509
No.194: 1.01, 1.00, 0.01, 0.14, 3.00, 21.70, 10.31, -18.00, 2.00, 2.80, 0.8012100942184509
No.195: 1.00, 1.01, 0.01, 0.14, 3.00, 21.70, 10.31, -18.00, 2.00, 2.80, 0.8012100942184509
No.196: 1.00, 1.00, 0.01, 0.14, 3.00, 21.70, 10.31, -18.00, 2.00, 2.80, 0.8012100942184509
No.197: 1.00, 1.00, 0.01, 0.14, 3.00, 21.70, 10.31, -18.00, 2.00, 2.80, 0.8012100942184509
No.198: 1.00, 1.00, 0.01, 0.14, 3.03, 21.70, 10.31, -18.00, 2.00, 2.80, 0.8012100942184509
No.199: 1.00, 1.00, 0.01, 0.14, 3.00, 21.91, 10.31, -18.00, 2.00, 2.80, 0.8012100942184509
No.19: 1.00, 1.00, 0.01, 0.14, 3.00, 22.68, 10.31, -18.00, 2.00, 2.80, 0.8012100942184509
No.1: 1.00, 1.00, 0.01, 0.14, 3.00, 21.70, 10.31, -18.00, 2.00, 2.80, 0.8012100942184509
No.200: 1.00, 1.00, 0.01, 0.14, 3.00, 21.70, 10.40, -18.00, 2.00, 2.80, 0.8012100942184509
No.201: 1.00, 1.00, 0.01, 0.14, 3.00, 21.70, 10.31, -18.16, 2.00, 2.80, 0.8012100942184509
No.202: 1.00, 1.00, 0.01, 0.14, 3.00, 21.70, 10.31, -18.00, 2.00, 2.80, 0.8012100942184509
No.203: 1.00, 1.00, 0.01, 0.14, 3.00, 21.70, 10.31, -18.00, 2.00, 2.80, 0.8012100942184509
No.204: 1.01, 1.01, 0.01, 0.14, 3.01, 21.75, 10.32, -18.03, 2.00, 2.78, 0.8012100942184509
No.205: 1.01, 1.01, 0.01, 0.14, 3.01, 21.71, 10.31, -18.00, 2.00, 2.80, 0.8012100942184509
No.206: 1.01, 1.00, 0.01, 0.14, 3.00, 21.70, 10.31, -18.00, 2.00, 2.80, 0.8012100942184509
No.207: 1.00, 1.01, 0.01, 0.14, 3.00, 21.70, 10.31, -18.00, 2.00, 2.80, 0.8012100942184509
No.208: 1.00, 1.00, 0.01, 0.14, 3.00, 21.70, 10.31, -18.00, 2.00, 2.80, 0.8012100942184509
No.209: 1.00, 1.00, 0.01, 0.14, 3.00, 21.70, 10.31, -18.00, 2.00, 2.80, 0.8012100942184509
No.20: 1.00, 1.00, 0.01, 0.14, 3.00, 21.70, 10.77, -18.00, 2.00, 2.80, 0.8012100942184509
No.210: 1.00, 1.00, 0.01, 0.14, 3.03, 21.70, 10.31, -18.00, 2.00, 2.80, 0.8012100942184509
No.211: 1.00, 1.00, 0.01, 0.14, 3.00, 21.89, 10.31, -18.00, 2.00, 2.80, 0.8012100942184509
No.212: 1.00, 1.00, 0.01, 0.14, 3.00, 21.70, 10.39, -18.00, 2.00, 2.80, 0.8012100942184509
No.213: 1.00, 1.00, 0.01, 0.14, 3.00, 21.70, 10.31, -18.15, 2.00, 2.80, 0.8012100942184509
No.214: 1.00, 1.00, 0.01, 0.14, 3.00, 21.70, 10.31, -18.00, 2.00, 2.80, 0.8012100942184509
No.215: 1.00, 1.00, 0.01, 0.14, 3.00, 21.70, 10.31, -18.00, 2.00, 2.80, 0.8012100942184509
No.216: 1.01, 1.01, 0.01, 0.14, 3.01, 21.74, 10.32, -18.03, 2.00, 2.78, 0.8012100942184509
No.217: 1.01, 1.01, 0.01, 0.14, 3.01, 21.71, 10.31, -18.00, 2.00, 2.80, 0.8012100942184509
No.218: 1.01, 1.00, 0.01, 0.14, 3.00, 21.70, 10.31, -18.00, 2.00, 2.80, 0.8012100942184509
No.219: 1.00, 1.01, 0.01, 0.14, 3.00, 21.70, 10.31, -18.00, 2.00, 2.80, 0.8012100942184509
No.21: 1.00, 1.00, 0.01, 0.14, 3.00, 21.70, 10.31, -18.81, 2.00, 2.80, 0.8012100942184509
No.220: 1.00, 1.00, 0.01, 0.14, 3.00, 21.70, 10.31, -18.00, 2.00, 2.80, 0.8012100942184509
No.221: 1.00, 1.00, 0.01, 0.14, 3.00, 21.70, 10.31, -18.00, 2.00, 2.80, 0.8012100942184509
No.222: 1.00, 1.00, 0.01, 0.14, 3.03, 21.70, 10.31, -18.00, 2.00, 2.80, 0.8012100942184509
No.223: 1.00, 1.00, 0.01, 0.14, 3.00, 21.87, 10.31, -18.00, 2.00, 2.80, 0.8012100942184509
No.224: 1.00, 1.00, 0.01, 0.14, 3.00, 21.70, 10.38, -18.00, 2.00, 2.80, 0.8012100942184509
No.225: 1.00, 1.00, 0.01, 0.14, 3.00, 21.70, 10.31, -18.13, 2.00, 2.80, 0.8012100942184509
No.226: 1.00, 1.00, 0.01, 0.14, 3.00, 21.70, 10.31, -18.00, 2.00, 2.80, 0.8012100942184509
No.227: 1.00, 1.00, 0.01, 0.14, 3.00, 21.70, 10.31, -18.00, 2.00, 2.80, 0.8012100942184509
No.228: 1.01, 1.01, 0.01, 0.14, 3.01, 21.74, 10.32, -18.02, 2.00, 2.78, 0.8012100942184509
No.229: 1.01, 1.01, 0.01, 0.14, 3.01, 21.71, 10.31, -18.00, 2.00, 2.80, 0.8012100942184509
No.22: 1.00, 1.00, 0.01, 0.14, 3.00, 21.70, 10.31, -18.00, 2.00, 2.80, 0.8012100942184509
No.230: 1.01, 1.00, 0.01, 0.14, 3.00, 21.70, 10.31, -18.00, 2.00, 2.80, 0.8012100942184509
No.231: 1.00, 1.01, 0.01, 0.14, 3.00, 21.70, 10.31, -18.00, 2.00, 2.80, 0.8012100942184509
No.232: 1.00, 1.00, 0.01, 0.14, 3.00, 21.70, 10.31, -18.00, 2.00, 2.80, 0.8012100942184509
No.233: 1.00, 1.00, 0.01, 0.14, 3.00, 21.70, 10.31, -18.00, 2.00, 2.80, 0.8012100942184509
No.234: 1.00, 1.00, 0.01, 0.14, 3.03, 21.70, 10.31, -18.00, 2.00, 2.80, 0.8012100942184509
No.235: 1.00, 1.00, 0.01, 0.14, 3.00, 21.85, 10.31, -18.00, 2.00, 2.80, 0.8012100942184509
No.236: 1.00, 1.00, 0.01, 0.14, 3.00, 21.70, 10.37, -18.00, 2.00, 2.80, 0.8012100942184509
No.237: 1.00, 1.00, 0.01, 0.14, 3.00, 21.70, 10.31, -18.12, 2.00, 2.80, 0.8012100942184509
No.238: 1.00, 1.00, 0.01, 0.14, 3.00, 21.70, 10.31, -18.00, 2.00, 2.80, 0.8012100942184509
No.239: 1.00, 1.00, 0.01, 0.14, 3.00, 21.70, 10.31, -18.00, 2.00, 2.80, 0.8012100942184509
No.23: 1.00, 1.00, 0.01, 0.14, 3.00, 21.70, 10.31, -18.00, 2.00, 2.80, 0.8012100942184509
No.240: 1.01, 1.01, 0.01, 0.14, 3.01, 21.73, 10.32, -18.02, 2.00, 2.79, 0.8012100942184509
No.241: 1.01, 1.01, 0.01, 0.14, 3.01, 21.71, 10.31, -18.00, 2.00, 2.80, 0.8012100942184509
No.242: 1.01, 1.00, 0.01, 0.14, 3.00, 21.70, 10.31, -18.00, 2.00, 2.80, 0.8012100942184509
No.243: 1.00, 1.01, 0.01, 0.14, 3.00, 21.70, 10.31, -18.00, 2.00, 2.80, 0.8012100942184509
No.244: 1.00, 1.00, 0.01, 0.14, 3.00, 21.70, 10.31, -18.00, 2.00, 2.80, 0.8012100942184509
No.245: 1.00, 1.00, 0.01, 0.14, 3.00, 21.70, 10.31, -18.00, 2.00, 2.80, 0.8012100942184509
No.246: 1.00, 1.00, 0.01, 0.14, 3.02, 21.70, 10.31, -18.00, 2.00, 2.80, 0.8012100942184509
No.247: 1.00, 1.00, 0.01, 0.14, 3.00, 21.84, 10.31, -18.00, 2.00, 2.80, 0.8012100942184509
No.248: 1.00, 1.00, 0.01, 0.14, 3.00, 21.70, 10.37, -18.00, 2.00, 2.80, 0.8012100942184509
No.249: 1.00, 1.00, 0.01, 0.14, 3.00, 21.70, 10.31, -18.10, 2.00, 2.80, 0.8012100942184509
No.24: 1.01, 1.01, 0.01, 0.14, 3.03, 21.90, 10.40, -18.16, 2.00, 2.68, 0.8012100942184509
No.250: 1.00, 1.00, 0.01, 0.14, 3.00, 21.70, 10.31, -18.00, 2.00, 2.80, 0.8012100942184509
No.251: 1.00, 1.00, 0.01, 0.14, 3.00, 21.70, 10.31, -18.00, 2.00, 2.80, 0.8012100942184509
No.252: 1.01, 1.01, 0.01, 0.14, 3.01, 21.73, 10.32, -18.02, 2.00, 2.79, 0.8012100942184509
No.253: 1.01, 1.01, 0.01, 0.14, 3.01, 21.71, 10.31, -18.00, 2.00, 2.80, 0.8012100942184509
No.254: 1.01, 1.00, 0.01, 0.14, 3.00, 21.70, 10.31, -18.00, 2.00, 2.80, 0.8012100942184509
No.255: 1.00, 1.01, 0.01, 0.14, 3.00, 21.70, 10.31, -18.00, 2.00, 2.80, 0.8012100942184509
No.256: 1.00, 1.00, 0.01, 0.14, 3.00, 21.70, 10.31, -18.00, 2.00, 2.80, 0.8012100942184509
No.257: 1.00, 1.00, 0.01, 0.14, 3.00, 21.70, 10.31, -18.00, 2.00, 2.80, 0.8012100942184509
No.258: 1.00, 1.00, 0.01, 0.14, 3.02, 21.70, 10.31, -18.00, 2.00, 2.80, 0.8012100942184509
No.259: 1.00, 1.00, 0.01, 0.14, 3.00, 21.82, 10.31, -18.00, 2.00, 2.80, 0.8012100942184509
No.25: 1.01, 1.01, 0.01, 0.14, 3.01, 21.73, 10.32, -18.02, 2.00, 2.80, 0.8012100942184509
No.260: 1.00, 1.00, 0.01, 0.14, 3.00, 21.70, 10.36, -18.00, 2.00, 2.80, 0.8012100942184509
No.261: 1.00, 1.00, 0.01, 0.14, 3.00, 21.70, 10.31, -18.09, 2.00, 2.80, 0.8012100942184509
No.262: 1.00, 1.00, 0.01, 0.14, 3.00, 21.70, 10.31, -18.00, 2.00, 2.80, 0.8012100942184509
No.263: 1.00, 1.00, 0.01, 0.14, 3.00, 21.70, 10.31, -18.00, 2.00, 2.80, 0.8012100942184509
No.264: 1.01, 1.01, 0.01, 0.14, 3.01, 21.73, 10.32, -18.01, 2.00, 2.79, 0.8012100942184509
No.265: 1.01, 1.01, 0.01, 0.14, 3.01, 21.71, 10.31, -18.00, 2.00, 2.80, 0.8012100942184509
No.266: 1.01, 1.00, 0.01, 0.14, 3.00, 21.70, 10.31, -18.00, 2.00, 2.80, 0.8012100942184509
No.267: 1.00, 1.01, 0.01, 0.14, 3.00, 21.70, 10.31, -18.00, 2.00, 2.80, 0.8012100942184509
No.268: 1.00, 1.00, 0.01, 0.14, 3.00, 21.70, 10.31, -18.00, 2.00, 2.80, 0.8012100942184509
No.269: 1.00, 1.00, 0.01, 0.14, 3.00, 21.70, 10.31, -18.00, 2.00, 2.80, 0.8012100942184509
No.26: 1.05, 1.00, 0.01, 0.14, 3.00, 21.70, 10.31, -18.00, 2.00, 2.80, 0.8012100942184509
No.270: 1.00, 1.00, 0.01, 0.14, 3.02, 21.70, 10.31, -18.00, 2.00, 2.80, 0.8012100942184509
No.271: 1.00, 1.00, 0.01, 0.14, 3.00, 21.81, 10.31, -18.00, 2.00, 2.80, 0.8012100942184509
No.272: 1.00, 1.00, 0.01, 0.14, 3.00, 21.70, 10.36, -18.00, 2.00, 2.80, 0.8012100942184509
No.273: 1.00, 1.00, 0.01, 0.14, 3.00, 21.70, 10.31, -18.08, 2.00, 2.80, 0.8012100942184509
No.274: 1.00, 1.00, 0.01, 0.14, 3.00, 21.70, 10.31, -18.00, 2.00, 2.80, 0.8012100942184509
No.275: 1.00, 1.00, 0.01, 0.14, 3.00, 21.70, 10.31, -18.00, 2.00, 2.80, 0.8012100942184509
No.276: 1.01, 1.01, 0.01, 0.14, 3.01, 21.73, 10.32, -18.01, 2.00, 2.79, 0.8012100942184509
No.277: 1.01, 1.01, 0.01, 0.14, 3.01, 21.71, 10.31, -18.00, 2.00, 2.80, 0.8012100942184509
No.278: 1.01, 1.00, 0.01, 0.14, 3.00, 21.70, 10.31, -18.00, 2.00, 2.80, 0.8012100942184509
No.279: 1.00, 1.01, 0.01, 0.14, 3.00, 21.70, 10.31, -18.00, 2.00, 2.80, 0.8012100942184509
No.27: 1.00, 1.05, 0.01, 0.14, 3.00, 21.70, 10.31, -18.00, 2.00, 2.80, 0.8012100942184509
No.280: 1.00, 1.00, 0.01, 0.14, 3.00, 21.70, 10.31, -18.00, 2.00, 2.80, 0.8012100942184509
No.281: 1.00, 1.00, 0.01, 0.14, 3.00, 21.70, 10.31, -18.00, 2.00, 2.80, 0.8012100942184509
No.282: 1.00, 1.00, 0.01, 0.14, 3.02, 21.70, 10.31, -18.00, 2.00, 2.80, 0.8012100942184509
No.283: 1.00, 1.00, 0.01, 0.14, 3.00, 21.80, 10.31, -18.00, 2.00, 2.80, 0.8012100942184509
No.284: 1.00, 1.00, 0.01, 0.14, 3.00, 21.70, 10.35, -18.00, 2.00, 2.80, 0.8012100942184509
No.285: 1.00, 1.00, 0.01, 0.14, 3.00, 21.70, 10.31, -18.07, 2.00, 2.80, 0.8012100942184509
No.286: 1.00, 1.00, 0.01, 0.14, 3.00, 21.70, 10.31, -18.00, 2.00, 2.80, 0.8012100942184509
No.287: 1.00, 1.00, 0.01, 0.14, 3.00, 21.70, 10.31, -18.00, 2.00, 2.80, 0.8012100942184509
No.288: 1.01, 1.01, 0.01, 0.14, 3.01, 21.72, 10.31, -18.01, 2.00, 2.79, 0.8012100942184509
No.289: 1.01, 1.01, 0.01, 0.14, 3.01, 21.71, 10.31, -18.00, 2.00, 2.80, 0.8012100942184509
No.28: 1.00, 1.00, 0.01, 0.14, 3.00, 21.70, 10.31, -18.00, 2.00, 2.80, 0.8012100942184509
No.290: 1.01, 1.00, 0.01, 0.14, 3.00, 21.70, 10.31, -18.00, 2.00, 2.80, 0.8012100942184509
No.291: 1.00, 1.01, 0.01, 0.14, 3.00, 21.70, 10.31, -18.00, 2.00, 2.80, 0.8012100942184509
No.292: 1.00, 1.00, 0.01, 0.14, 3.00, 21.70, 10.31, -18.00, 2.00, 2.80, 0.8012100942184509
No.293: 1.00, 1.00, 0.01, 0.14, 3.00, 21.70, 10.31, -18.00, 2.00, 2.80, 0.8012100942184509
No.294: 1.00, 1.00, 0.01, 0.14, 3.02, 21.70, 10.31, -18.00, 2.00, 2.80, 0.8012100942184509
No.295: 1.00, 1.00, 0.01, 0.14, 3.00, 21.79, 10.31, -18.00, 2.00, 2.80, 0.8012100942184509
No.296: 1.00, 1.00, 0.01, 0.14, 3.00, 21.70, 10.35, -18.00, 2.00, 2.80, 0.8012100942184509
No.297: 1.00, 1.00, 0.01, 0.14, 3.00, 21.70, 10.31, -18.07, 2.00, 2.80, 0.8012100942184509
No.298: 1.00, 1.00, 0.01, 0.14, 3.00, 21.70, 10.31, -18.00, 2.00, 2.80, 0.8012100942184509
No.299: 1.00, 1.00, 0.01, 0.14, 3.00, 21.70, 10.31, -18.00, 2.00, 2.80, 0.8012100942184509
No.29: 1.00, 1.00, 0.01, 0.14, 3.00, 21.70, 10.31, -18.00, 2.00, 2.80, 0.8012100942184509
No.2: 1.05, 1.00, 0.01, 0.14, 3.00, 21.70, 10.31, -18.00, 2.00, 2.80, 0.8012100942184509
No.300: 1.01, 1.01, 0.01, 0.14, 3.01, 21.72, 10.31, -18.01, 2.00, 2.79, 0.8012100942184509
No.301: 1.01, 1.01, 0.01, 0.14, 3.01, 21.71, 10.31, -18.00, 2.00, 2.80, 0.8012100942184509
No.302: 1.01, 1.00, 0.01, 0.14, 3.00, 21.70, 10.31, -18.00, 2.00, 2.80, 0.8012100942184509
No.303: 1.00, 1.01, 0.01, 0.14, 3.00, 21.70, 10.31, -18.00, 2.00, 2.80, 0.8012100942184509
No.304: 1.00, 1.00, 0.01, 0.14, 3.00, 21.70, 10.31, -18.00, 2.00, 2.80, 0.8012100942184509
No.305: 1.00, 1.00, 0.01, 0.14, 3.00, 21.70, 10.31, -18.00, 2.00, 2.80, 0.8012100942184509
No.306: 1.00, 1.00, 0.01, 0.14, 3.02, 21.70, 10.31, -18.00, 2.00, 2.80, 0.8012100942184509
No.307: 1.00, 1.00, 0.01, 0.14, 3.00, 21.78, 10.31, -18.00, 2.00, 2.80, 0.8012100942184509
No.308: 1.00, 1.00, 0.01, 0.14, 3.00, 21.70, 10.34, -18.00, 2.00, 2.80, 0.8012100942184509
No.309: 1.00, 1.00, 0.01, 0.14, 3.00, 21.70, 10.31, -18.06, 2.00, 2.80, 0.8012100942184509
No.30: 1.00, 1.00, 0.01, 0.14, 3.13, 21.70, 10.31, -18.00, 2.00, 2.80, 0.8012100942184509
No.310: 1.00, 1.00, 0.01, 0.14, 3.00, 21.70, 10.31, -18.00, 2.00, 2.80, 0.8012100942184509
No.311: 1.00, 1.00, 0.01, 0.14, 3.00, 21.70, 10.31, -18.00, 2.00, 2.80, 0.8012100942184509
No.312: 1.01, 1.01, 0.01, 0.14, 3.01, 21.72, 10.31, -18.01, 2.00, 2.79, 0.8012100942184509
No.313: 1.01, 1.01, 0.01, 0.14, 3.01, 21.71, 10.31, -18.00, 2.00, 2.80, 0.8012100942184509
No.314: 1.01, 1.00, 0.01, 0.14, 3.00, 21.70, 10.31, -18.00, 2.00, 2.80, 0.8012100942184509
No.315: 1.00, 1.01, 0.01, 0.14, 3.00, 21.70, 10.31, -18.00, 2.00, 2.80, 0.8012100942184509
No.316: 1.00, 1.00, 0.01, 0.14, 3.00, 21.70, 10.31, -18.00, 2.00, 2.80, 0.8012100942184509
No.317: 1.00, 1.00, 0.01, 0.14, 3.00, 21.70, 10.31, -18.00, 2.00, 2.80, 0.8012100942184509
No.318: 1.00, 1.00, 0.01, 0.14, 3.01, 21.70, 10.31, -18.00, 2.00, 2.80, 0.8012100942184509
No.319: 1.00, 1.00, 0.01, 0.14, 3.00, 21.78, 10.31, -18.00, 2.00, 2.80, 0.8012100942184509
No.31: 1.00, 1.00, 0.01, 0.14, 3.00, 22.58, 10.31, -18.00, 2.00, 2.80, 0.8012100942184509
No.320: 1.00, 1.00, 0.01, 0.14, 3.00, 21.70, 10.34, -18.00, 2.00, 2.80, 0.8012100942184509
No.321: 1.00, 1.00, 0.01, 0.14, 3.00, 21.70, 10.31, -18.05, 2.00, 2.80, 0.8012100942184509
No.322: 1.00, 1.00, 0.01, 0.14, 3.00, 21.70, 10.31, -18.00, 2.00, 2.80, 0.8012100942184509
No.323: 1.00, 1.00, 0.01, 0.14, 3.00, 21.70, 10.31, -18.00, 2.00, 2.80, 0.8012100942184509
No.324: 1.01, 1.01, 0.01, 0.14, 3.01, 21.72, 10.31, -18.01, 2.00, 2.80, 0.8012100942184509
No.325: 1.01, 1.01, 0.01, 0.14, 3.01, 21.71, 10.31, -18.00, 2.00, 2.80, 0.8012100942184509
No.326: 1.01, 1.00, 0.01, 0.14, 3.00, 21.70, 10.31, -18.00, 2.00, 2.80, 0.8012100942184509
No.327: 1.00, 1.01, 0.01, 0.14, 3.00, 21.70, 10.31, -18.00, 2.00, 2.80, 0.8012100942184509
No.328: 1.00, 1.00, 0.01, 0.14, 3.00, 21.70, 10.31, -18.00, 2.00, 2.80, 0.8012100942184509
No.329: 1.00, 1.00, 0.01, 0.14, 3.00, 21.70, 10.31, -18.00, 2.00, 2.80, 0.8012100942184509
No.32: 1.00, 1.00, 0.01, 0.14, 3.00, 21.70, 10.72, -18.00, 2.00, 2.80, 0.8012100942184509
No.330: 1.00, 1.00, 0.01, 0.14, 3.01, 21.70, 10.31, -18.00, 2.00, 2.80, 0.8012100942184509
No.331: 1.00, 1.00, 0.01, 0.14, 3.00, 21.77, 10.31, -18.00, 2.00, 2.80, 0.8012100942184509
No.332: 1.00, 1.00, 0.01, 0.14, 3.00, 21.70, 10.33, -18.00, 2.00, 2.80, 0.8012100942184509
No.333: 1.00, 1.00, 0.01, 0.14, 3.00, 21.70, 10.31, -18.05, 2.00, 2.80, 0.8012100942184509
No.334: 1.00, 1.00, 0.01, 0.14, 3.00, 21.70, 10.31, -18.00, 2.00, 2.80, 0.8012100942184509
No.335: 1.00, 1.00, 0.01, 0.14, 3.00, 21.70, 10.31, -18.00, 2.00, 2.80, 0.8012100942184509
No.336: 1.01, 1.01, 0.01, 0.14, 3.01, 21.72, 10.31, -18.01, 2.00, 2.80, 0.8012100942184509
No.337: 1.01, 1.01, 0.01, 0.14, 3.01, 21.71, 10.31, -18.00, 2.00, 2.80, 0.8012100942184509
No.338: 1.01, 1.00, 0.01, 0.14, 3.00, 21.70, 10.31, -18.00, 2.00, 2.80, 0.8012100942184509
No.339: 1.00, 1.01, 0.01, 0.14, 3.00, 21.70, 10.31, -18.00, 2.00, 2.80, 0.8012100942184509
No.33: 1.00, 1.00, 0.01, 0.14, 3.00, 21.70, 10.31, -18.72, 2.00, 2.80, 0.8012100942184509
No.340: 1.00, 1.00, 0.01, 0.14, 3.00, 21.70, 10.31, -18.00, 2.00, 2.80, 0.8012100942184509
No.341: 1.00, 1.00, 0.01, 0.14, 3.00, 21.70, 10.31, -18.00, 2.00, 2.80, 0.8012100942184509
No.342: 1.00, 1.00, 0.01, 0.14, 3.01, 21.70, 10.31, -18.00, 2.00, 2.80, 0.8012100942184509
No.343: 1.00, 1.00, 0.01, 0.14, 3.00, 21.76, 10.31, -18.00, 2.00, 2.80, 0.8012100942184509
No.344: 1.00, 1.00, 0.01, 0.14, 3.00, 21.70, 10.33, -18.00, 2.00, 2.80, 0.8012100942184509
No.345: 1.00, 1.00, 0.01, 0.14, 3.00, 21.70, 10.31, -18.04, 2.00, 2.80, 0.8012100942184509
No.346: 1.00, 1.00, 0.01, 0.14, 3.00, 21.70, 10.31, -18.00, 2.00, 2.80, 0.8012100942184509
No.347: 1.00, 1.00, 0.01, 0.14, 3.00, 21.70, 10.31, -18.00, 2.00, 2.80, 0.8012100942184509
No.348: 1.01, 1.01, 0.01, 0.14, 3.01, 21.72, 10.31, -18.00, 2.00, 2.80, 0.8012100942184509
No.349: 1.01, 1.01, 0.01, 0.14, 3.01, 21.71, 10.31, -18.00, 2.00, 2.80, 0.8012100942184509
No.34: 1.00, 1.00, 0.01, 0.14, 3.00, 21.70, 10.31, -18.00, 2.00, 2.80, 0.8012100942184509
No.350: 1.01, 1.00, 0.01, 0.14, 3.00, 21.70, 10.31, -18.00, 2.00, 2.80, 0.8012100942184509
No.351: 1.00, 1.01, 0.01, 0.14, 3.00, 21.70, 10.31, -18.00, 2.00, 2.80, 0.8012100942184509
No.352: 1.00, 1.00, 0.01, 0.14, 3.00, 21.70, 10.31, -18.00, 2.00, 2.80, 0.8012100942184509
No.353: 1.00, 1.00, 0.01, 0.14, 3.00, 21.70, 10.31, -18.00, 2.00, 2.80, 0.8012100942184509
No.354: 1.00, 1.00, 0.01, 0.14, 3.01, 21.70, 10.31, -18.00, 2.00, 2.80, 0.8012100942184509
No.355: 1.00, 1.00, 0.01, 0.14, 3.00, 21.76, 10.31, -18.00, 2.00, 2.80, 0.8012100942184509
No.356: 1.00, 1.00, 0.01, 0.14, 3.00, 21.70, 10.33, -18.00, 2.00, 2.80, 0.8012100942184509
No.357: 1.00, 1.00, 0.01, 0.14, 3.00, 21.70, 10.31, -18.04, 2.00, 2.80, 0.8012100942184509
No.358: 1.00, 1.00, 0.01, 0.14, 3.00, 21.70, 10.31, -18.00, 2.00, 2.80, 0.8012100942184509
No.359: 1.00, 1.00, 0.01, 0.14, 3.00, 21.70, 10.31, -18.00, 2.00, 2.80, 0.8012100942184509
No.35: 1.00, 1.00, 0.01, 0.14, 3.00, 21.70, 10.31, -18.00, 2.00, 2.80, 0.8012100942184509
No.360: 1.01, 1.01, 0.01, 0.14, 3.01, 21.72, 10.31, -18.00, 2.00, 2.80, 0.8012100942184509
No.361: 1.01, 1.01, 0.01, 0.14, 3.01, 21.71, 10.31, -18.00, 2.00, 2.80, 0.8012100942184509
No.362: 1.01, 1.00, 0.01, 0.14, 3.00, 21.70, 10.31, -18.00, 2.00, 2.80, 0.8012100942184509
No.363: 1.00, 1.01, 0.01, 0.14, 3.00, 21.70, 10.31, -18.00, 2.00, 2.80, 0.8012100942184509
No.364: 1.00, 1.00, 0.01, 0.14, 3.00, 21.70, 10.31, -18.00, 2.00, 2.80, 0.8012100942184509
No.365: 1.00, 1.00, 0.01, 0.14, 3.00, 21.70, 10.31, -18.00, 2.00, 2.80, 0.8012100942184509
No.366: 1.00, 1.00, 0.01, 0.14, 3.01, 21.70, 10.31, -18.00, 2.00, 2.80, 0.8012100942184509
No.367: 1.00, 1.00, 0.01, 0.14, 3.00, 21.75, 10.31, -18.00, 2.00, 2.80, 0.8012100942184509
No.368: 1.00, 1.00, 0.01, 0.14, 3.00, 21.70, 10.33, -18.00, 2.00, 2.80, 0.8012100942184509
No.369: 1.00, 1.00, 0.01, 0.14, 3.00, 21.70, 10.31, -18.03, 2.00, 2.80, 0.8012100942184509
No.36: 1.01, 1.01, 0.01, 0.14, 3.03, 21.88, 10.39, -18.14, 2.00, 2.69, 0.8012100942184509
No.370: 1.00, 1.00, 0.01, 0.14, 3.00, 21.70, 10.31, -18.00, 2.00, 2.80, 0.8012100942184509
No.371: 1.00, 1.00, 0.01, 0.14, 3.00, 21.70, 10.31, -18.00, 2.00, 2.80, 0.8012100942184509
No.372: 1.01, 1.01, 0.01, 0.14, 3.01, 21.71, 10.31, -18.00, 2.00, 2.80, 0.8012100942184509
No.373: 1.01, 1.01, 0.01, 0.14, 3.01, 21.71, 10.31, -18.00, 2.00, 2.80, 0.8012100942184509
No.374: 1.01, 1.00, 0.01, 0.14, 3.00, 21.70, 10.31, -18.00, 2.00, 2.80, 0.8012100942184509
No.375: 1.00, 1.01, 0.01, 0.14, 3.00, 21.70, 10.31, -18.00, 2.00, 2.80, 0.8012100942184509
No.376: 1.00, 1.00, 0.01, 0.14, 3.00, 21.70, 10.31, -18.00, 2.00, 2.80, 0.8012100942184509
No.377: 1.00, 1.00, 0.01, 0.14, 3.00, 21.70, 10.31, -18.00, 2.00, 2.80, 0.8012100942184509
No.378: 1.00, 1.00, 0.01, 0.14, 3.01, 21.70, 10.31, -18.00, 2.00, 2.80, 0.8012100942184509
No.379: 1.00, 1.00, 0.01, 0.14, 3.00, 21.75, 10.31, -18.00, 2.00, 2.80, 0.8012100942184509
No.37: 1.01, 1.01, 0.01, 0.14, 3.01, 21.73, 10.32, -18.02, 2.00, 2.80, 0.8012100942184509
No.380: 1.00, 1.00, 0.01, 0.14, 3.00, 21.70, 10.32, -18.00, 2.00, 2.80, 0.8012100942184509
No.381: 1.00, 1.00, 0.01, 0.14, 3.00, 21.70, 10.31, -18.03, 2.00, 2.80, 0.8012100942184509
No.382: 1.00, 1.00, 0.01, 0.14, 3.00, 21.70, 10.31, -18.00, 2.00, 2.80, 0.8012100942184509
No.383: 1.00, 1.00, 0.01, 0.14, 3.00, 21.70, 10.31, -18.00, 2.00, 2.80, 0.8012100942184509
No.384: 1.01, 1.01, 0.01, 0.14, 3.01, 21.71, 10.31, -18.00, 2.00, 2.80, 0.8012100942184509
No.385: 1.01, 1.01, 0.01, 0.14, 3.01, 21.71, 10.31, -18.00, 2.00, 2.80, 0.8012100942184509
No.386: 1.01, 1.00, 0.01, 0.14, 3.00, 21.70, 10.31, -18.00, 2.00, 2.80, 0.8012100942184509
No.387: 1.00, 1.01, 0.01, 0.14, 3.00, 21.70, 10.31, -18.00, 2.00, 2.80, 0.8012100942184509
No.388: 1.00, 1.00, 0.01, 0.14, 3.00, 21.70, 10.31, -18.00, 2.00, 2.80, 0.8012100942184509
No.389: 1.00, 1.00, 0.01, 0.14, 3.00, 21.70, 10.31, -18.00, 2.00, 2.80, 0.8012100942184509
No.38: 1.04, 1.00, 0.01, 0.14, 3.00, 21.70, 10.31, -18.00, 2.00, 2.80, 0.8012100942184509
No.390: 1.00, 1.00, 0.01, 0.14, 3.01, 21.70, 10.31, -18.00, 2.00, 2.80, 0.8012100942184509
No.391: 1.00, 1.00, 0.01, 0.14, 3.00, 21.74, 10.31, -18.00, 2.00, 2.80, 0.8012100942184509
No.392: 1.00, 1.00, 0.01, 0.14, 3.00, 21.70, 10.32, -18.00, 2.00, 2.80, 0.8012100942184509
No.393: 1.00, 1.00, 0.01, 0.14, 3.00, 21.70, 10.31, -18.03, 2.00, 2.80, 0.8012100942184509
No.394: 1.00, 1.00, 0.01, 0.14, 3.00, 21.70, 10.31, -18.00, 2.00, 2.80, 0.8012100942184509
No.395: 1.00, 1.00, 0.01, 0.14, 3.00, 21.70, 10.31, -18.00, 2.00, 2.80, 0.8012100942184509
No.396: 1.01, 1.01, 0.01, 0.14, 3.01, 21.71, 10.31, -18.00, 2.00, 2.80, 0.8012100942184509
No.397: 1.01, 1.01, 0.01, 0.14, 3.01, 21.71, 10.31, -18.00, 2.00, 2.80, 0.8012100942184509
No.398: 1.01, 1.00, 0.01, 0.14, 3.00, 21.70, 10.31, -18.00, 2.00, 2.80, 0.8012100942184509
No.399: 1.00, 1.01, 0.01, 0.14, 3.00, 21.70, 10.31, -18.00, 2.00, 2.80, 0.8012100942184509
No.39: 1.00, 1.04, 0.01, 0.14, 3.00, 21.70, 10.31, -18.00, 2.00, 2.80, 0.8012100942184509
No.3: 1.00, 1.05, 0.01, 0.14, 3.00, 21.70, 10.31, -18.00, 2.00, 2.80, 0.8012100942184509
No.400: 1.00, 1.00, 0.01, 0.14, 3.00, 21.70, 10.31, -18.00, 2.00, 2.80, 0.8012100942184509
No.401: 1.00, 1.00, 0.01, 0.14, 3.00, 21.70, 10.31, -18.00, 2.00, 2.80, 0.8012100942184509
No.402: 1.00, 1.00, 0.01, 0.14, 3.01, 21.70, 10.31, -18.00, 2.00, 2.80, 0.8012100942184509
No.403: 1.00, 1.00, 0.01, 0.14, 3.00, 21.74, 10.31, -18.00, 2.00, 2.80, 0.8012100942184509
No.404: 1.00, 1.00, 0.01, 0.14, 3.00, 21.70, 10.32, -18.00, 2.00, 2.80, 0.8012100942184509
No.405: 1.00, 1.00, 0.01, 0.14, 3.00, 21.70, 10.31, -18.02, 2.00, 2.80, 0.8012100942184509
No.406: 1.00, 1.00, 0.01, 0.14, 3.00, 21.70, 10.31, -18.00, 2.00, 2.80, 0.8012100942184509
No.407: 1.00, 1.00, 0.01, 0.14, 3.00, 21.70, 10.31, -18.00, 2.00, 2.80, 0.8012100942184509
No.408: 1.01, 1.01, 0.01, 0.14, 3.01, 21.71, 10.31, -18.00, 2.00, 2.80, 0.8012100942184509
No.409: 1.01, 1.01, 0.01, 0.14, 3.01, 21.71, 10.31, -18.00, 2.00, 2.80, 0.8012100942184509
No.40: 1.00, 1.00, 0.01, 0.14, 3.00, 21.70, 10.31, -18.00, 2.00, 2.80, 0.8012100942184509
No.410: 1.01, 1.00, 0.01, 0.14, 3.00, 21.70, 10.31, -18.00, 2.00, 2.80, 0.8012100942184509
No.411: 1.00, 1.01, 0.01, 0.14, 3.00, 21.70, 10.31, -18.00, 2.00, 2.80, 0.8012100942184509
No.412: 1.00, 1.00, 0.01, 0.14, 3.00, 21.70, 10.31, -18.00, 2.00, 2.80, 0.8012100942184509
No.413: 1.00, 1.00, 0.01, 0.14, 3.00, 21.70, 10.31, -18.00, 2.00, 2.80, 0.8012100942184509
No.414: 1.00, 1.00, 0.01, 0.14, 3.01, 21.70, 10.31, -18.00, 2.00, 2.80, 0.8012100942184509
No.415: 1.00, 1.00, 0.01, 0.14, 3.00, 21.74, 10.31, -18.00, 2.00, 2.80, 0.8012100942184509
No.416: 1.00, 1.00, 0.01, 0.14, 3.00, 21.70, 10.32, -18.00, 2.00, 2.80, 0.8012100942184509
No.417: 1.00, 1.00, 0.01, 0.14, 3.00, 21.70, 10.31, -18.02, 2.00, 2.80, 0.8012100942184509
No.418: 1.00, 1.00, 0.01, 0.14, 3.00, 21.70, 10.31, -18.00, 2.00, 2.80, 0.8012100942184509
No.419: 1.00, 1.00, 0.01, 0.14, 3.00, 21.70, 10.31, -18.00, 2.00, 2.80, 0.8012100942184509
No.41: 1.00, 1.00, 0.01, 0.14, 3.00, 21.70, 10.31, -18.00, 2.00, 2.80, 0.8012100942184509
No.420: 1.01, 1.01, 0.01, 0.14, 3.01, 21.71, 10.31, -18.00, 2.00, 2.80, 0.8012100942184509
No.421: 1.01, 1.01, 0.01, 0.14, 3.01, 21.71, 10.31, -18.00, 2.00, 2.80, 0.8012100942184509
No.422: 1.01, 1.00, 0.01, 0.14, 3.00, 21.70, 10.31, -18.00, 2.00, 2.80, 0.8012100942184509
No.423: 1.00, 1.01, 0.01, 0.14, 3.00, 21.70, 10.31, -18.00, 2.00, 2.80, 0.8012100942184509
No.424: 1.00, 1.00, 0.01, 0.14, 3.00, 21.70, 10.31, -18.00, 2.00, 2.80, 0.8012100942184509
No.425: 1.00, 1.00, 0.01, 0.14, 3.00, 21.70, 10.31, -18.00, 2.00, 2.80, 0.8012100942184509
No.426: 1.00, 1.00, 0.01, 0.14, 3.01, 21.70, 10.31, -18.00, 2.00, 2.80, 0.8012100942184509
No.427: 1.00, 1.00, 0.01, 0.14, 3.00, 21.73, 10.31, -18.00, 2.00, 2.80, 0.8012100942184509
No.428: 1.00, 1.00, 0.01, 0.14, 3.00, 21.70, 10.32, -18.00, 2.00, 2.80, 0.8012100942184509
No.429: 1.00, 1.00, 0.01, 0.14, 3.00, 21.70, 10.31, -18.02, 2.00, 2.80, 0.8012100942184509
No.42: 1.00, 1.00, 0.01, 0.14, 3.11, 21.70, 10.31, -18.00, 2.00, 2.80, 0.8012100942184509
No.430: 1.00, 1.00, 0.01, 0.14, 3.00, 21.70, 10.31, -18.00, 2.00, 2.80, 0.8012100942184509
No.431: 1.00, 1.00, 0.01, 0.14, 3.00, 21.70, 10.31, -18.00, 2.00, 2.80, 0.8012100942184509
No.432: 1.01, 1.01, 0.01, 0.14, 3.01, 21.71, 10.31, -18.00, 2.00, 2.80, 0.8012100942184509
No.433: 1.01, 1.01, 0.01, 0.14, 3.01, 21.71, 10.31, -18.00, 2.00, 2.80, 0.8012100942184509
No.434: 1.01, 1.00, 0.01, 0.14, 3.00, 21.70, 10.31, -18.00, 2.00, 2.80, 0.8012100942184509
No.435: 1.00, 1.01, 0.01, 0.14, 3.00, 21.70, 10.31, -18.00, 2.00, 2.80, 0.8012100942184509
No.436: 1.00, 1.00, 0.01, 0.14, 3.00, 21.70, 10.31, -18.00, 2.00, 2.80, 0.8012100942184509
No.437: 1.00, 1.00, 0.01, 0.14, 3.00, 21.70, 10.31, -18.00, 2.00, 2.80, 0.8012100942184509
No.438: 1.00, 1.00, 0.01, 0.14, 3.01, 21.70, 10.31, -18.00, 2.00, 2.80, 0.8012100942184509
No.439: 1.00, 1.00, 0.01, 0.14, 3.00, 21.73, 10.31, -18.00, 2.00, 2.80, 0.8012100942184509
No.43: 1.00, 1.00, 0.01, 0.14, 3.00, 22.50, 10.31, -18.00, 2.00, 2.80, 0.8012100942184509
No.440: 1.00, 1.00, 0.01, 0.14, 3.00, 21.70, 10.32, -18.00, 2.00, 2.80, 0.8012100942184509
No.441: 1.00, 1.00, 0.01, 0.14, 3.00, 21.70, 10.31, -18.02, 2.00, 2.80, 0.8012100942184509
No.442: 1.00, 1.00, 0.01, 0.14, 3.00, 21.70, 10.31, -18.00, 2.00, 2.80, 0.8012100942184509
No.443: 1.00, 1.00, 0.01, 0.14, 3.00, 21.70, 10.31, -18.00, 2.00, 2.80, 0.8012100942184509
No.444: 1.01, 1.01, 0.01, 0.14, 3.01, 21.71, 10.31, -18.00, 2.00, 2.80, 0.8012100942184509
No.445: 1.01, 1.01, 0.01, 0.14, 3.01, 21.71, 10.31, -18.00, 2.00, 2.80, 0.8012100942184509
No.446: 1.01, 1.00, 0.01, 0.14, 3.00, 21.70, 10.31, -18.00, 2.00, 2.80, 0.8012100942184509
No.447: 1.00, 1.01, 0.01, 0.14, 3.00, 21.70, 10.31, -18.00, 2.00, 2.80, 0.8012100942184509
No.448: 1.00, 1.00, 0.01, 0.14, 3.00, 21.70, 10.31, -18.00, 2.00, 2.80, 0.8012100942184509
No.449: 1.00, 1.00, 0.01, 0.14, 3.00, 21.70, 10.31, -18.00, 2.00, 2.80, 0.8012100942184509
No.44: 1.00, 1.00, 0.01, 0.14, 3.00, 21.70, 10.68, -18.00, 2.00, 2.80, 0.8012100942184509
No.450: 1.00, 1.00, 0.01, 0.14, 3.01, 21.70, 10.31, -18.00, 2.00, 2.80, 0.8012100942184509
No.451: 1.00, 1.00, 0.01, 0.14, 3.00, 21.73, 10.31, -18.00, 2.00, 2.80, 0.8012100942184509
No.452: 1.00, 1.00, 0.01, 0.14, 3.00, 21.70, 10.32, -18.00, 2.00, 2.80, 0.8012100942184509
No.453: 1.00, 1.00, 0.01, 0.14, 3.00, 21.70, 10.31, -18.01, 2.00, 2.80, 0.8012100942184509
No.454: 1.00, 1.00, 0.01, 0.14, 3.00, 21.70, 10.31, -18.00, 2.00, 2.80, 0.8012100942184509
No.455: 1.00, 1.00, 0.01, 0.14, 3.00, 21.70, 10.31, -18.00, 2.00, 2.80, 0.8012100942184509
No.456: 1.01, 1.01, 0.01, 0.14, 3.01, 21.71, 10.31, -18.00, 2.00, 2.80, 0.8012100942184509
No.457: 1.01, 1.01, 0.01, 0.14, 3.01, 21.71, 10.31, -18.00, 2.00, 2.80, 0.8012100942184509
No.458: 1.01, 1.00, 0.01, 0.14, 3.00, 21.70, 10.31, -18.00, 2.00, 2.80, 0.8012100942184509
No.459: 1.00, 1.01, 0.01, 0.14, 3.00, 21.70, 10.31, -18.00, 2.00, 2.80, 0.8012100942184509
No.45: 1.00, 1.00, 0.01, 0.14, 3.00, 21.70, 10.31, -18.65, 2.00, 2.80, 0.8012100942184509
No.460: 1.00, 1.00, 0.01, 0.14, 3.00, 21.70, 10.31, -18.00, 2.00, 2.80, 0.8012100942184509
No.461: 1.00, 1.00, 0.01, 0.14, 3.00, 21.70, 10.31, -18.00, 2.00, 2.80, 0.8012100942184509
No.462: 1.00, 1.00, 0.01, 0.14, 3.01, 21.70, 10.31, -18.00, 2.00, 2.80, 0.8012100942184509
No.463: 1.00, 1.00, 0.01, 0.14, 3.00, 21.72, 10.31, -18.00, 2.00, 2.80, 0.8012100942184509
No.464: 1.00, 1.00, 0.01, 0.14, 3.00, 21.70, 10.31, -18.00, 2.00, 2.80, 0.8012100942184509
No.465: 1.00, 1.00, 0.01, 0.14, 3.00, 21.70, 10.31, -18.01, 2.00, 2.80, 0.8012100942184509
No.466: 1.00, 1.00, 0.01, 0.14, 3.00, 21.70, 10.31, -18.00, 2.00, 2.80, 0.8012100942184509
No.467: 1.00, 1.00, 0.01, 0.14, 3.00, 21.70, 10.31, -18.00, 2.00, 2.80, 0.8012100942184509
No.468: 1.01, 1.01, 0.01, 0.14, 3.01, 21.71, 10.31, -18.00, 2.00, 2.80, 0.8012100942184509
No.469: 1.01, 1.01, 0.01, 0.14, 3.01, 21.71, 10.31, -18.00, 2.00, 2.80, 0.8012100942184509
No.46: 1.00, 1.00, 0.01, 0.14, 3.00, 21.70, 10.31, -18.00, 2.00, 2.80, 0.8012100942184509
No.470: 1.01, 1.00, 0.01, 0.14, 3.00, 21.70, 10.31, -18.00, 2.00, 2.80, 0.8012100942184509
No.471: 1.00, 1.01, 0.01, 0.14, 3.00, 21.70, 10.31, -18.00, 2.00, 2.80, 0.8012100942184509
No.472: 1.00, 1.00, 0.01, 0.14, 3.00, 21.70, 10.31, -18.00, 2.00, 2.80, 0.8012100942184509
No.473: 1.00, 1.00, 0.01, 0.14, 3.00, 21.70, 10.31, -18.00, 2.00, 2.80, 0.8012100942184509
No.474: 1.00, 1.00, 0.01, 0.14, 3.01, 21.70, 10.31, -18.00, 2.00, 2.80, 0.8012100942184509
No.475: 1.00, 1.00, 0.01, 0.14, 3.00, 21.72, 10.31, -18.00, 2.00, 2.80, 0.8012100942184509
No.476: 1.00, 1.00, 0.01, 0.14, 3.00, 21.70, 10.31, -18.00, 2.00, 2.80, 0.8012100942184509
No.477: 1.00, 1.00, 0.01, 0.14, 3.00, 21.70, 10.31, -18.01, 2.00, 2.80, 0.8012100942184509
No.478: 1.00, 1.00, 0.01, 0.14, 3.00, 21.70, 10.31, -18.00, 2.00, 2.80, 0.8012100942184509
No.479: 1.00, 1.00, 0.01, 0.14, 3.00, 21.70, 10.31, -18.00, 2.00, 2.80, 0.8012100942184509
No.47: 1.00, 1.00, 0.01, 0.14, 3.00, 21.70, 10.31, -18.00, 2.00, 2.80, 0.8012100942184509
No.480: 1.01, 1.01, 0.01, 0.14, 3.01, 21.71, 10.31, -18.00, 2.00, 2.80, 0.8012100942184509
No.481: 1.01, 1.01, 0.01, 0.14, 3.01, 21.71, 10.31, -18.00, 2.00, 2.80, 0.8012100942184509
No.482: 1.01, 1.00, 0.01, 0.14, 3.00, 21.70, 10.31, -18.00, 2.00, 2.80, 0.8012100942184509
No.483: 1.00, 1.01, 0.01, 0.14, 3.00, 21.70, 10.31, -18.00, 2.00, 2.80, 0.8012100942184509
No.484: 1.00, 1.00, 0.01, 0.14, 3.00, 21.70, 10.31, -18.00, 2.00, 2.80, 0.8012100942184509
No.485: 1.00, 1.00, 0.01, 0.14, 3.00, 21.70, 10.31, -18.00, 2.00, 2.80, 0.8012100942184509
No.486: 1.00, 1.00, 0.01, 0.14, 3.01, 21.70, 10.31, -18.00, 2.00, 2.80, 0.8012100942184509
No.487: 1.00, 1.00, 0.01, 0.14, 3.00, 21.72, 10.31, -18.00, 2.00, 2.80, 0.8012100942184509
No.488: 1.00, 1.00, 0.01, 0.14, 3.00, 21.70, 10.31, -18.00, 2.00, 2.80, 0.8012100942184509
No.489: 1.00, 1.00, 0.01, 0.14, 3.00, 21.70, 10.31, -18.01, 2.00, 2.80, 0.8012100942184509
No.48: 1.01, 1.01, 0.01, 0.14, 3.03, 21.86, 10.38, -18.13, 2.00, 2.70, 0.8012100942184509
No.490: 1.00, 1.00, 0.01, 0.14, 3.00, 21.70, 10.31, -18.00, 2.00, 2.80, 0.8012100942184509
No.491: 1.00, 1.00, 0.01, 0.14, 3.00, 21.70, 10.31, -18.00, 2.00, 2.80, 0.8012100942184509
No.492: 1.01, 1.01, 0.01, 0.14, 3.01, 21.71, 10.31, -18.00, 2.00, 2.80, 0.8012100942184509
No.493: 1.01, 1.01, 0.01, 0.14, 3.01, 21.71, 10.31, -18.00, 2.00, 2.80, 0.8012100942184509
No.494: 1.01, 1.00, 0.01, 0.14, 3.00, 21.70, 10.31, -18.00, 2.00, 2.80, 0.8012100942184509
No.495: 1.00, 1.01, 0.01, 0.14, 3.00, 21.70, 10.31, -18.00, 2.00, 2.80, 0.8012100942184509
No.496: 1.00, 1.00, 0.01, 0.14, 3.00, 21.70, 10.31, -18.00, 2.00, 2.80, 0.8012100942184509
No.497: 1.00, 1.00, 0.01, 0.14, 3.00, 21.70, 10.31, -18.00, 2.00, 2.80, 0.8012100942184509
No.498: 1.00, 1.00, 0.01, 0.14, 3.01, 21.70, 10.31, -18.00, 2.00, 2.80, 0.8012100942184509
No.499: 1.00, 1.00, 0.01, 0.14, 3.00, 21.72, 10.31, -18.00, 2.00, 2.80, 0.8012100942184509
No.49: 1.01, 1.01, 0.01, 0.14, 3.01, 21.73, 10.32, -18.01, 2.00, 2.80, 0.8012100942184509
No.4: 1.00, 1.00, 0.01, 0.14, 3.00, 21.70, 10.31, -18.00, 2.00, 2.80, 0.8012100942184509
No.500: 1.00, 1.00, 0.01, 0.14, 3.00, 21.70, 10.31, -18.00, 2.00, 2.80, 0.8012100942184509
No.501: 1.00, 1.00, 0.01, 0.14, 3.00, 21.70, 10.31, -18.01, 2.00, 2.80, 0.8012100942184509
No.502: 1.00, 1.00, 0.01, 0.14, 3.00, 21.70, 10.31, -18.00, 2.00, 2.80, 0.8012100942184509
No.503: 1.00, 1.00, 0.01, 0.14, 3.00, 21.70, 10.31, -18.00, 2.00, 2.80, 0.8012100942184509
No.504: 1.01, 1.01, 0.01, 0.14, 3.01, 21.71, 10.31, -18.00, 2.00, 2.80, 0.8012100942184509
No.505: 1.01, 1.01, 0.01, 0.14, 3.01, 21.71, 10.31, -18.00, 2.00, 2.80, 0.8012100942184509
No.506: 1.01, 1.00, 0.01, 0.14, 3.00, 21.70, 10.31, -18.00, 2.00, 2.80, 0.8012100942184509
No.507: 1.00, 1.01, 0.01, 0.14, 3.00, 21.70, 10.31, -18.00, 2.00, 2.80, 0.8012100942184509
No.508: 1.00, 1.00, 0.01, 0.14, 3.00, 21.70, 10.31, -18.00, 2.00, 2.80, 0.8012100942184509
No.509: 1.00, 1.00, 0.01, 0.14, 3.00, 21.70, 10.31, -18.00, 2.00, 2.80, 0.8012100942184509
No.50: 1.04, 1.00, 0.01, 0.14, 3.00, 21.70, 10.31, -18.00, 2.00, 2.80, 0.8012100942184509
No.510: 1.00, 1.00, 0.01, 0.14, 3.01, 21.70, 10.31, -18.00, 2.00, 2.80, 0.8012100942184509
No.511: 1.00, 1.00, 0.01, 0.14, 3.00, 21.72, 10.31, -18.00, 2.00, 2.80, 0.8012100942184509
No.512: 1.00, 1.00, 0.01, 0.14, 3.00, 21.70, 10.31, -18.00, 2.00, 2.80, 0.8012100942184509
No.513: 1.00, 1.00, 0.01, 0.14, 3.00, 21.70, 10.31, -18.01, 2.00, 2.80, 0.8012100942184509
No.514: 1.00, 1.00, 0.01, 0.14, 3.00, 21.70, 10.31, -18.00, 2.00, 2.80, 0.8012100942184509
No.515: 1.00, 1.00, 0.01, 0.14, 3.00, 21.70, 10.31, -18.00, 2.00, 2.80, 0.8012100942184509
No.516: 1.01, 1.01, 0.01, 0.14, 3.01, 21.71, 10.31, -18.00, 2.00, 2.80, 0.8012100942184509
No.517: 1.01, 1.01, 0.01, 0.14, 3.01, 21.71, 10.31, -18.00, 2.00, 2.80, 0.8012100942184509
No.518: 1.01, 1.00, 0.01, 0.14, 3.00, 21.70, 10.31, -18.00, 2.00, 2.80, 0.8012100942184509
No.519: 1.00, 1.01, 0.01, 0.14, 3.00, 21.70, 10.31, -18.00, 2.00, 2.80, 0.8012100942184509
No.51: 1.00, 1.04, 0.01, 0.14, 3.00, 21.70, 10.31, -18.00, 2.00, 2.80, 0.8012100942184509
No.520: 1.00, 1.00, 0.01, 0.14, 3.00, 21.70, 10.31, -18.00, 2.00, 2.80, 0.8012100942184509
No.521: 1.00, 1.00, 0.01, 0.14, 3.00, 21.70, 10.31, -18.00, 2.00, 2.80, 0.8012100942184509
No.522: 1.00, 1.00, 0.01, 0.14, 3.01, 21.70, 10.31, -18.00, 2.00, 2.80, 0.8012100942184509
No.523: 1.00, 1.00, 0.01, 0.14, 3.00, 21.72, 10.31, -18.00, 2.00, 2.80, 0.8012100942184509
No.524: 1.00, 1.00, 0.01, 0.14, 3.00, 21.70, 10.31, -18.00, 2.00, 2.80, 0.8012100942184509
No.525: 1.00, 1.00, 0.01, 0.14, 3.00, 21.70, 10.31, -18.00, 2.00, 2.80, 0.8012100942184509
No.526: 1.00, 1.00, 0.01, 0.14, 3.00, 21.70, 10.31, -18.00, 2.00, 2.80, 0.8012100942184509
No.527: 1.00, 1.00, 0.01, 0.14, 3.00, 21.70, 10.31, -18.00, 2.00, 2.80, 0.8012100942184509
No.528: 1.01, 1.01, 0.01, 0.14, 3.01, 21.71, 10.31, -18.00, 2.00, 2.80, 0.8012100942184509
No.529: 1.01, 1.01, 0.01, 0.14, 3.01, 21.71, 10.31, -18.00, 2.00, 2.80, 0.8012100942184509
No.52: 1.00, 1.00, 0.01, 0.14, 3.00, 21.70, 10.31, -18.00, 2.00, 2.80, 0.8012100942184509
No.530: 1.01, 1.00, 0.01, 0.14, 3.00, 21.70, 10.31, -18.00, 2.00, 2.80, 0.8012100942184509
No.531: 1.00, 1.01, 0.01, 0.14, 3.00, 21.70, 10.31, -18.00, 2.00, 2.80, 0.8012100942184509
No.532: 1.00, 1.00, 0.01, 0.14, 3.00, 21.70, 10.31, -18.00, 2.00, 2.80, 0.8012100942184509
No.533: 1.00, 1.00, 0.01, 0.14, 3.00, 21.70, 10.31, -18.00, 2.00, 2.80, 0.8012100942184509
No.534: 1.00, 1.00, 0.01, 0.14, 3.01, 21.70, 10.31, -18.00, 2.00, 2.80, 0.8012100942184509
No.535: 1.00, 1.00, 0.01, 0.14, 3.00, 21.72, 10.31, -18.00, 2.00, 2.80, 0.8012100942184509
No.536: 1.00, 1.00, 0.01, 0.14, 3.00, 21.70, 10.31, -18.00, 2.00, 2.80, 0.8012100942184509
No.537: 1.00, 1.00, 0.01, 0.14, 3.00, 21.70, 10.31, -18.00, 2.00, 2.80, 0.8012100942184509
No.538: 1.00, 1.00, 0.01, 0.14, 3.00, 21.70, 10.31, -18.00, 2.00, 2.80, 0.8012100942184509
No.539: 1.00, 1.00, 0.01, 0.14, 3.00, 21.70, 10.31, -18.00, 2.00, 2.80, 0.8012100942184509
No.53: 1.00, 1.00, 0.01, 0.14, 3.00, 21.70, 10.31, -18.00, 2.00, 2.80, 0.8012100942184509
No.540: 1.01, 1.01, 0.01, 0.14, 3.01, 21.71, 10.31, -18.00, 2.00, 2.80, 0.8012100942184509
No.541: 1.01, 1.01, 0.01, 0.14, 3.01, 21.71, 10.31, -18.00, 2.00, 2.80, 0.8012100942184509
No.542: 1.01, 1.00, 0.01, 0.14, 3.00, 21.70, 10.31, -18.00, 2.00, 2.80, 0.8012100942184509
No.543: 1.00, 1.01, 0.01, 0.14, 3.00, 21.70, 10.31, -18.00, 2.00, 2.80, 0.8012100942184509
No.544: 1.00, 1.00, 0.01, 0.14, 3.00, 21.70, 10.31, -18.00, 2.00, 2.80, 0.8012100942184509
No.545: 1.00, 1.00, 0.01, 0.14, 3.00, 21.70, 10.31, -18.00, 2.00, 2.80, 0.8012100942184509
No.546: 1.00, 1.00, 0.01, 0.14, 3.01, 21.70, 10.31, -18.00, 2.00, 2.80, 0.8012100942184509
No.547: 1.00, 1.00, 0.01, 0.14, 3.00, 21.71, 10.31, -18.00, 2.00, 2.80, 0.8012100942184509
No.548: 1.00, 1.00, 0.01, 0.14, 3.00, 21.70, 10.31, -18.00, 2.00, 2.80, 0.8012100942184509
No.549: 1.00, 1.00, 0.01, 0.14, 3.00, 21.70, 10.31, -18.00, 2.00, 2.80, 0.8012100942184509
No.54: 1.00, 1.00, 0.01, 0.14, 3.10, 21.70, 10.31, -18.00, 2.00, 2.80, 0.8012100942184509
No.550: 1.00, 1.00, 0.01, 0.14, 3.00, 21.70, 10.31, -18.00, 2.00, 2.80, 0.8012100942184509
No.551: 1.00, 1.00, 0.01, 0.14, 3.00, 21.70, 10.31, -18.00, 2.00, 2.80, 0.8012100942184509
No.552: 1.01, 1.01, 0.01, 0.14, 3.01, 21.71, 10.31, -18.00, 2.00, 2.80, 0.8012100942184509
No.553: 1.01, 1.01, 0.01, 0.14, 3.01, 21.71, 10.31, -18.00, 2.00, 2.80, 0.8012100942184509
No.554: 1.01, 1.00, 0.01, 0.14, 3.00, 21.70, 10.31, -18.00, 2.00, 2.80, 0.8012100942184509
No.555: 1.00, 1.01, 0.01, 0.14, 3.00, 21.70, 10.31, -18.00, 2.00, 2.80, 0.8012100942184509
No.556: 1.00, 1.00, 0.01, 0.14, 3.00, 21.70, 10.31, -18.00, 2.00, 2.80, 0.8012100942184509
No.557: 1.00, 1.00, 0.01, 0.14, 3.00, 21.70, 10.31, -18.00, 2.00, 2.80, 0.8012100942184509
No.558: 1.00, 1.00, 0.01, 0.14, 3.01, 21.70, 10.31, -18.00, 2.00, 2.80, 0.8012100942184509
No.559: 1.00, 1.00, 0.01, 0.14, 3.00, 21.71, 10.31, -18.00, 2.00, 2.80, 0.8012100942184509
No.55: 1.00, 1.00, 0.01, 0.14, 3.00, 22.42, 10.31, -18.00, 2.00, 2.80, 0.8012100942184509
No.560: 1.00, 1.00, 0.01, 0.14, 3.00, 21.70, 10.31, -18.00, 2.00, 2.80, 0.8012100942184509
No.561: 1.00, 1.00, 0.01, 0.14, 3.00, 21.70, 10.31, -18.00, 2.00, 2.80, 0.8012100942184509
No.562: 1.00, 1.00, 0.01, 0.14, 3.00, 21.70, 10.31, -18.00, 2.00, 2.80, 0.8012100942184509
No.563: 1.00, 1.00, 0.01, 0.14, 3.00, 21.70, 10.31, -18.00, 2.00, 2.80, 0.8012100942184509
No.564: 1.01, 1.01, 0.01, 0.14, 3.01, 21.71, 10.31, -18.00, 2.00, 2.80, 0.8012100942184509
No.565: 1.01, 1.01, 0.01, 0.14, 3.01, 21.71, 10.31, -18.00, 2.00, 2.80, 0.8012100942184509
No.566: 1.01, 1.00, 0.01, 0.14, 3.00, 21.70, 10.31, -18.00, 2.00, 2.80, 0.8012100942184509
No.567: 1.00, 1.01, 0.01, 0.14, 3.00, 21.70, 10.31, -18.00, 2.00, 2.80, 0.8012100942184509
No.568: 1.00, 1.00, 0.01, 0.14, 3.00, 21.70, 10.31, -18.00, 2.00, 2.80, 0.8012100942184509
No.569: 1.00, 1.00, 0.01, 0.14, 3.00, 21.70, 10.31, -18.00, 2.00, 2.80, 0.8012100942184509
No.56: 1.00, 1.00, 0.01, 0.14, 3.00, 21.70, 10.64, -18.00, 2.00, 2.80, 0.8012100942184509
No.570: 1.00, 1.00, 0.01, 0.14, 3.01, 21.70, 10.31, -18.00, 2.00, 2.80, 0.8012100942184509
No.571: 1.00, 1.00, 0.01, 0.14, 3.00, 21.71, 10.31, -18.00, 2.00, 2.80, 0.8012100942184509
No.572: 1.00, 1.00, 0.01, 0.14, 3.00, 21.70, 10.31, -18.00, 2.00, 2.80, 0.8012100942184509
No.573: 1.00, 1.00, 0.01, 0.14, 3.00, 21.70, 10.31, -18.00, 2.00, 2.80, 0.8012100942184509
No.574: 1.00, 1.00, 0.01, 0.14, 3.00, 21.70, 10.31, -18.00, 2.00, 2.80, 0.8012100942184509
No.575: 1.00, 1.00, 0.01, 0.14, 3.00, 21.70, 10.31, -18.00, 2.00, 2.80, 0.8012100942184509
No.576: 1.01, 1.01, 0.01, 0.14, 3.01, 21.71, 10.31, -18.00, 2.00, 2.80, 0.8012100942184509
No.577: 1.01, 1.01, 0.01, 0.14, 3.01, 21.71, 10.31, -18.00, 2.00, 2.80, 0.8012100942184509
No.578: 1.01, 1.00, 0.01, 0.14, 3.00, 21.70, 10.31, -18.00, 2.00, 2.80, 0.8012100942184509
No.579: 1.00, 1.01, 0.01, 0.14, 3.00, 21.70, 10.31, -18.00, 2.00, 2.80, 0.8012100942184509
No.57: 1.00, 1.00, 0.01, 0.14, 3.00, 21.70, 10.31, -18.59, 2.00, 2.80, 0.8012100942184509
No.580: 1.00, 1.00, 0.01, 0.14, 3.00, 21.70, 10.31, -18.00, 2.00, 2.80, 0.8012100942184509
No.581: 1.00, 1.00, 0.01, 0.14, 3.00, 21.70, 10.31, -18.00, 2.00, 2.80, 0.8012100942184509
No.582: 1.00, 1.00, 0.01, 0.14, 3.01, 21.70, 10.31, -18.00, 2.00, 2.80, 0.8012100942184509
No.583: 1.00, 1.00, 0.01, 0.14, 3.00, 21.71, 10.31, -18.00, 2.00, 2.80, 0.8012100942184509
No.584: 1.00, 1.00, 0.01, 0.14, 3.00, 21.70, 10.31, -18.00, 2.00, 2.80, 0.8012100942184509
No.585: 1.00, 1.00, 0.01, 0.14, 3.00, 21.70, 10.31, -18.00, 2.00, 2.80, 0.8012100942184509
No.586: 1.00, 1.00, 0.01, 0.14, 3.00, 21.70, 10.31, -18.00, 2.00, 2.80, 0.8012100942184509
No.587: 1.00, 1.00, 0.01, 0.14, 3.00, 21.70, 10.31, -18.00, 2.00, 2.80, 0.8012100942184509
No.588: 1.01, 1.01, 0.01, 0.14, 3.01, 21.71, 10.31, -18.00, 2.00, 2.80, 0.8012100942184509
No.589: 1.01, 1.01, 0.01, 0.14, 3.01, 21.71, 10.31, -18.00, 2.00, 2.80, 0.8012100942184509
No.58: 1.00, 1.00, 0.01, 0.14, 3.00, 21.70, 10.31, -18.00, 2.00, 2.80, 0.8012100942184509
No.590: 1.01, 1.00, 0.01, 0.14, 3.00, 21.70, 10.31, -18.00, 2.00, 2.80, 0.8012100942184509
No.591: 1.00, 1.01, 0.01, 0.14, 3.00, 21.70, 10.31, -18.00, 2.00, 2.80, 0.8012100942184509
No.592: 1.00, 1.00, 0.01, 0.14, 3.00, 21.70, 10.31, -18.00, 2.00, 2.80, 0.8012100942184509
No.593: 1.00, 1.00, 0.01, 0.14, 3.00, 21.70, 10.31, -18.00, 2.00, 2.80, 0.8012100942184509
No.594: 1.00, 1.00, 0.01, 0.14, 3.01, 21.70, 10.31, -18.00, 2.00, 2.80, 0.8012100942184509
No.595: 1.00, 1.00, 0.01, 0.14, 3.00, 21.71, 10.31, -18.00, 2.00, 2.80, 0.8012100942184509
No.596: 1.00, 1.00, 0.01, 0.14, 3.00, 21.70, 10.31, -18.00, 2.00, 2.80, 0.8012100942184509
No.597: 1.00, 1.00, 0.01, 0.14, 3.00, 21.70, 10.31, -18.00, 2.00, 2.80, 0.8012100942184509
No.598: 1.00, 1.00, 0.01, 0.14, 3.00, 21.70, 10.31, -18.00, 2.00, 2.80, 0.8012100942184509
No.599: 1.00, 1.00, 0.01, 0.14, 3.00, 21.70, 10.31, -18.00, 2.00, 2.80, 0.8012100942184509
No.59: 1.00, 1.00, 0.01, 0.14, 3.00, 21.70, 10.31, -18.00, 2.00, 2.80, 0.8012100942184509
No.5: 1.00, 1.00, 0.01, 0.14, 3.00, 21.70, 10.31, -18.00, 2.00, 2.80, 0.8012100942184509
No.600: 1.01, 1.01, 0.01, 0.14, 3.01, 21.71, 10.31, -18.00, 2.00, 2.80, 0.8012100942184509
No.601: 1.01, 1.01, 0.01, 0.14, 3.01, 21.71, 10.31, -18.00, 2.00, 2.80, 0.8012100942184509
No.602: 1.01, 1.00, 0.01, 0.14, 3.00, 21.70, 10.31, -18.00, 2.00, 2.80, 0.8012100942184509
No.603: 1.00, 1.01, 0.01, 0.14, 3.00, 21.70, 10.31, -18.00, 2.00, 2.80, 0.8012100942184509
No.604: 1.00, 1.00, 0.01, 0.14, 3.00, 21.70, 10.31, -18.00, 2.00, 2.80, 0.8012100942184509
No.605: 1.00, 1.00, 0.01, 0.14, 3.00, 21.70, 10.31, -18.00, 2.00, 2.80, 0.8012100942184509
No.606: 1.00, 1.00, 0.01, 0.14, 3.01, 21.70, 10.31, -18.00, 2.00, 2.80, 0.8012100942184509
No.607: 1.00, 1.00, 0.01, 0.14, 3.00, 21.71, 10.31, -18.00, 2.00, 2.80, 0.8012100942184509
No.608: 1.00, 1.00, 0.01, 0.14, 3.00, 21.70, 10.31, -18.00, 2.00, 2.80, 0.8012100942184509
No.609: 1.00, 1.00, 0.01, 0.14, 3.00, 21.70, 10.31, -18.00, 2.00, 2.80, 0.8012100942184509
No.60: 1.01, 1.01, 0.01, 0.14, 3.02, 21.85, 10.37, -18.11, 2.00, 2.71, 0.8012100942184509
No.610: 1.00, 1.00, 0.01, 0.14, 3.00, 21.70, 10.31, -18.00, 2.00, 2.80, 0.8012100942184509
No.611: 1.00, 1.00, 0.01, 0.14, 3.00, 21.70, 10.31, -18.00, 2.00, 2.80, 0.8012100942184509
No.612: 1.01, 1.01, 0.01, 0.14, 3.01, 21.71, 10.31, -18.00, 2.00, 2.80, 0.8012100942184509
No.613: 1.01, 1.01, 0.01, 0.14, 3.01, 21.71, 10.31, -18.00, 2.00, 2.80, 0.8012100942184509
No.614: 1.01, 1.00, 0.01, 0.14, 3.00, 21.70, 10.31, -18.00, 2.00, 2.80, 0.8012100942184509
No.615: 1.00, 1.01, 0.01, 0.14, 3.00, 21.70, 10.31, -18.00, 2.00, 2.80, 0.8012100942184509
No.616: 1.00, 1.00, 0.01, 0.14, 3.00, 21.70, 10.31, -18.00, 2.00, 2.80, 0.8012100942184509
No.617: 1.00, 1.00, 0.01, 0.14, 3.00, 21.70, 10.31, -18.00, 2.00, 2.80, 0.8012100942184509
No.618: 1.00, 1.00, 0.01, 0.14, 3.01, 21.70, 10.31, -18.00, 2.00, 2.80, 0.8012100942184509
No.619: 1.00, 1.00, 0.01, 0.14, 3.00, 21.71, 10.31, -18.00, 2.00, 2.80, 0.8012100942184509
No.61: 1.01, 1.01, 0.01, 0.14, 3.01, 21.73, 10.32, -18.01, 2.00, 2.80, 0.8012100942184509
No.620: 1.00, 1.00, 0.01, 0.14, 3.00, 21.70, 10.31, -18.00, 2.00, 2.80, 0.8012100942184509
No.621: 1.00, 1.00, 0.01, 0.14, 3.00, 21.70, 10.31, -18.00, 2.00, 2.80, 0.8012100942184509
No.622: 1.00, 1.00, 0.01, 0.14, 3.00, 21.70, 10.31, -18.00, 2.00, 2.80, 0.8012100942184509
No.623: 1.00, 1.00, 0.01, 0.14, 3.00, 21.70, 10.31, -18.00, 2.00, 2.80, 0.8012100942184509
No.624: 1.01, 1.01, 0.01, 0.14, 3.01, 21.71, 10.31, -18.00, 2.00, 2.80, 0.8012100942184509
No.625: 1.01, 1.01, 0.01, 0.14, 3.01, 21.71, 10.31, -18.00, 2.00, 2.80, 0.8012100942184509
No.626: 1.01, 1.00, 0.01, 0.14, 3.00, 21.70, 10.31, -18.00, 2.00, 2.80, 0.8012100942184509
No.627: 1.00, 1.01, 0.01, 0.14, 3.00, 21.70, 10.31, -18.00, 2.00, 2.80, 0.8012100942184509
No.628: 1.00, 1.00, 0.01, 0.14, 3.00, 21.70, 10.31, -18.00, 2.00, 2.80, 0.8012100942184509
No.629: 1.00, 1.00, 0.01, 0.14, 3.00, 21.70, 10.31, -18.00, 2.00, 2.80, 0.8012100942184509
No.62: 1.03, 1.00, 0.01, 0.14, 3.00, 21.70, 10.31, -18.00, 2.00, 2.80, 0.8012100942184509
No.630: 1.00, 1.00, 0.01, 0.14, 3.01, 21.70, 10.31, -18.00, 2.00, 2.80, 0.8012100942184509
No.631: 1.00, 1.00, 0.01, 0.14, 3.00, 21.71, 10.31, -18.00, 2.00, 2.80, 0.8012100942184509
No.632: 1.00, 1.00, 0.01, 0.14, 3.00, 21.70, 10.31, -18.00, 2.00, 2.80, 0.8012100942184509
No.633: 1.00, 1.00, 0.01, 0.14, 3.00, 21.70, 10.31, -18.00, 2.00, 2.80, 0.8012100942184509
No.634: 1.00, 1.00, 0.01, 0.14, 3.00, 21.70, 10.31, -18.00, 2.00, 2.80, 0.8012100942184509
No.635: 1.00, 1.00, 0.01, 0.14, 3.00, 21.70, 10.31, -18.00, 2.00, 2.80, 0.8012100942184509
No.636: 1.01, 1.01, 0.01, 0.14, 3.01, 21.71, 10.31, -18.00, 2.00, 2.80, 0.8012100942184509
No.637: 1.01, 1.01, 0.01, 0.14, 3.01, 21.71, 10.31, -18.00, 2.00, 2.80, 0.8012100942184509
No.638: 1.01, 1.00, 0.01, 0.14, 3.00, 21.70, 10.31, -18.00, 2.00, 2.80, 0.8012100942184509
No.639: 1.00, 1.01, 0.01, 0.14, 3.00, 21.70, 10.31, -18.00, 2.00, 2.80, 0.8012100942184509
No.63: 1.00, 1.03, 0.01, 0.14, 3.00, 21.70, 10.31, -18.00, 2.00, 2.80, 0.8012100942184509
No.640: 1.00, 1.00, 0.01, 0.14, 3.00, 21.70, 10.31, -18.00, 2.00, 2.80, 0.8012100942184509
No.641: 1.00, 1.00, 0.01, 0.14, 3.00, 21.70, 10.31, -18.00, 2.00, 2.80, 0.8012100942184509
No.642: 1.00, 1.00, 0.01, 0.14, 3.01, 21.70, 10.31, -18.00, 2.00, 2.80, 0.8012100942184509
No.643: 1.00, 1.00, 0.01, 0.14, 3.00, 21.71, 10.31, -18.00, 2.00, 2.80, 0.8012100942184509
No.644: 1.00, 1.00, 0.01, 0.14, 3.00, 21.70, 10.31, -18.00, 2.00, 2.80, 0.8012100942184509
No.645: 1.00, 1.00, 0.01, 0.14, 3.00, 21.70, 10.31, -18.00, 2.00, 2.80, 0.8012100942184509
No.646: 1.00, 1.00, 0.01, 0.14, 3.00, 21.70, 10.31, -18.00, 2.00, 2.80, 0.8012100942184509
No.647: 1.00, 1.00, 0.01, 0.14, 3.00, 21.70, 10.31, -18.00, 2.00, 2.80, 0.8012100942184509
No.648: 1.01, 1.01, 0.01, 0.14, 3.01, 21.71, 10.31, -18.00, 2.00, 2.80, 0.8012100942184509
No.649: 1.01, 1.01, 0.01, 0.14, 3.01, 21.71, 10.31, -18.00, 2.00, 2.80, 0.8012100942184509
No.64: 1.00, 1.00, 0.01, 0.14, 3.00, 21.70, 10.31, -18.00, 2.00, 2.80, 0.8012100942184509
No.650: 1.01, 1.00, 0.01, 0.14, 3.00, 21.70, 10.31, -18.00, 2.00, 2.80, 0.8012100942184509
No.651: 1.00, 1.01, 0.01, 0.14, 3.00, 21.70, 10.31, -18.00, 2.00, 2.80, 0.8012100942184509
No.652: 1.00, 1.00, 0.01, 0.14, 3.00, 21.70, 10.31, -18.00, 2.00, 2.80, 0.8012100942184509
No.653: 1.00, 1.00, 0.01, 0.14, 3.00, 21.70, 10.31, -18.00, 2.00, 2.80, 0.8012100942184509
No.654: 1.00, 1.00, 0.01, 0.14, 3.01, 21.70, 10.31, -18.00, 2.00, 2.80, 0.8012100942184509
No.655: 1.00, 1.00, 0.01, 0.14, 3.00, 21.71, 10.31, -18.00, 2.00, 2.80, 0.8012100942184509
No.656: 1.00, 1.00, 0.01, 0.14, 3.00, 21.70, 10.31, -18.00, 2.00, 2.80, 0.8012100942184509
No.657: 1.00, 1.00, 0.01, 0.14, 3.00, 21.70, 10.31, -18.00, 2.00, 2.80, 0.8012100942184509
No.658: 1.00, 1.00, 0.01, 0.14, 3.00, 21.70, 10.31, -18.00, 2.00, 2.80, 0.8012100942184509
No.659: 1.00, 1.00, 0.01, 0.14, 3.00, 21.70, 10.31, -18.00, 2.00, 2.80, 0.8012100942184509
No.65: 1.00, 1.00, 0.01, 0.14, 3.00, 21.70, 10.31, -18.00, 2.00, 2.80, 0.8012100942184509
No.660: 1.01, 1.01, 0.01, 0.14, 3.01, 21.71, 10.31, -18.00, 2.00, 2.80, 0.8012100942184509
No.661: 1.01, 1.01, 0.01, 0.14, 3.01, 21.71, 10.31, -18.00, 2.00, 2.80, 0.8012100942184509
No.662: 1.01, 1.00, 0.01, 0.14, 3.00, 21.70, 10.31, -18.00, 2.00, 2.80, 0.8012100942184509
No.663: 1.00, 1.01, 0.01, 0.14, 3.00, 21.70, 10.31, -18.00, 2.00, 2.80, 0.8012100942184509
No.664: 1.00, 1.00, 0.01, 0.14, 3.00, 21.70, 10.31, -18.00, 2.00, 2.80, 0.8012100942184509
No.665: 1.00, 1.00, 0.01, 0.14, 3.00, 21.70, 10.31, -18.00, 2.00, 2.80, 0.8012100942184509
No.666: 1.00, 1.00, 0.01, 0.14, 3.01, 21.70, 10.31, -18.00, 2.00, 2.80, 0.8012100942184509
No.667: 1.00, 1.00, 0.01, 0.14, 3.00, 21.71, 10.31, -18.00, 2.00, 2.80, 0.8012100942184509
No.668: 1.00, 1.00, 0.01, 0.14, 3.00, 21.70, 10.31, -18.00, 2.00, 2.80, 0.8012100942184509
No.669: 1.00, 1.00, 0.01, 0.14, 3.00, 21.70, 10.31, -18.00, 2.00, 2.80, 0.8012100942184509
No.66: 1.00, 1.00, 0.01, 0.14, 3.09, 21.70, 10.31, -18.00, 2.00, 2.80, 0.8012100942184509
No.670: 1.00, 1.00, 0.01, 0.14, 3.00, 21.70, 10.31, -18.00, 2.00, 2.80, 0.8012100942184509
No.671: 1.00, 1.00, 0.01, 0.14, 3.00, 21.70, 10.31, -18.00, 2.00, 2.80, 0.8012100942184509
No.672: 1.01, 1.01, 0.01, 0.14, 3.01, 21.71, 10.31, -18.00, 2.00, 2.80, 0.8012100942184509
No.673: 1.01, 1.01, 0.01, 0.14, 3.01, 21.71, 10.31, -18.00, 2.00, 2.80, 0.8012100942184509
No.674: 1.01, 1.00, 0.01, 0.14, 3.00, 21.70, 10.31, -18.00, 2.00, 2.80, 0.8012100942184509
No.675: 1.00, 1.01, 0.01, 0.14, 3.00, 21.70, 10.31, -18.00, 2.00, 2.80, 0.8012100942184509
No.676: 1.00, 1.00, 0.01, 0.14, 3.00, 21.70, 10.31, -18.00, 2.00, 2.80, 0.8012100942184509
No.677: 1.00, 1.00, 0.01, 0.14, 3.00, 21.70, 10.31, -18.00, 2.00, 2.80, 0.8012100942184509
No.678: 1.00, 1.00, 0.01, 0.14, 3.01, 21.70, 10.31, -18.00, 2.00, 2.80, 0.8012100942184509
No.679: 1.00, 1.00, 0.01, 0.14, 3.00, 21.71, 10.31, -18.00, 2.00, 2.80, 0.8012100942184509
No.67: 1.00, 1.00, 0.01, 0.14, 3.00, 22.35, 10.31, -18.00, 2.00, 2.80, 0.8012100942184509
No.680: 1.00, 1.00, 0.01, 0.14, 3.00, 21.70, 10.31, -18.00, 2.00, 2.80, 0.8012100942184509
No.681: 1.00, 1.00, 0.01, 0.14, 3.00, 21.70, 10.31, -18.00, 2.00, 2.80, 0.8012100942184509
No.682: 1.00, 1.00, 0.01, 0.14, 3.00, 21.70, 10.31, -18.00, 2.00, 2.80, 0.8012100942184509
No.683: 1.00, 1.00, 0.01, 0.14, 3.00, 21.70, 10.31, -18.00, 2.00, 2.80, 0.8012100942184509
No.684: 1.01, 1.01, 0.01, 0.14, 3.01, 21.71, 10.31, -18.00, 2.00, 2.80, 0.8012100942184509
No.685: 1.01, 1.01, 0.01, 0.14, 3.01, 21.71, 10.31, -18.00, 2.00, 2.80, 0.8012100942184509
No.686: 1.01, 1.00, 0.01, 0.14, 3.00, 21.70, 10.31, -18.00, 2.00, 2.80, 0.8012100942184509
No.687: 1.00, 1.01, 0.01, 0.14, 3.00, 21.70, 10.31, -18.00, 2.00, 2.80, 0.8012100942184509
No.688: 1.00, 1.00, 0.01, 0.14, 3.00, 21.70, 10.31, -18.00, 2.00, 2.80, 0.8012100942184509
No.689: 1.00, 1.00, 0.01, 0.14, 3.00, 21.70, 10.31, -18.00, 2.00, 2.80, 0.8012100942184509
No.68: 1.00, 1.00, 0.01, 0.14, 3.00, 21.70, 10.61, -18.00, 2.00, 2.80, 0.8012100942184509
No.690: 1.00, 1.00, 0.01, 0.14, 3.01, 21.70, 10.31, -18.00, 2.00, 2.80, 0.8012100942184509
No.691: 1.00, 1.00, 0.01, 0.14, 3.00, 21.71, 10.31, -18.00, 2.00, 2.80, 0.8012100942184509
No.692: 1.00, 1.00, 0.01, 0.14, 3.00, 21.70, 10.31, -18.00, 2.00, 2.80, 0.8012100942184509
No.693: 1.00, 1.00, 0.01, 0.14, 3.00, 21.70, 10.31, -18.00, 2.00, 2.80, 0.8012100942184509
No.694: 1.00, 1.00, 0.01, 0.14, 3.00, 21.70, 10.31, -18.00, 2.00, 2.80, 0.8012100942184509
No.695: 1.00, 1.00, 0.01, 0.14, 3.00, 21.70, 10.31, -18.00, 2.00, 2.80, 0.8012100942184509
No.696: 1.01, 1.01, 0.01, 0.14, 3.01, 21.71, 10.31, -18.00, 2.00, 2.80, 0.8012100942184509
No.697: 1.01, 1.01, 0.01, 0.14, 3.01, 21.71, 10.31, -18.00, 2.00, 2.80, 0.8012100942184509
No.698: 1.01, 1.00, 0.01, 0.14, 3.00, 21.70, 10.31, -18.00, 2.00, 2.80, 0.8012100942184509
No.699: 1.00, 1.01, 0.01, 0.14, 3.00, 21.70, 10.31, -18.00, 2.00, 2.80, 0.8012100942184509
No.69: 1.00, 1.00, 0.01, 0.14, 3.00, 21.70, 10.31, -18.53, 2.00, 2.80, 0.8012100942184509
No.6: 1.00, 1.00, 0.01, 0.14, 3.16, 21.70, 10.31, -18.00, 2.00, 2.80, 0.8012100942184509
No.700: 1.00, 1.00, 0.01, 0.14, 3.00, 21.70, 10.31, -18.00, 2.00, 2.80, 0.8012100942184509
No.701: 1.00, 1.00, 0.01, 0.14, 3.00, 21.70, 10.31, -18.00, 2.00, 2.80, 0.8012100942184509
No.702: 1.00, 1.00, 0.01, 0.14, 3.01, 21.70, 10.31, -18.00, 2.00, 2.80, 0.8012100942184509
No.703: 1.00, 1.00, 0.01, 0.14, 3.00, 21.71, 10.31, -18.00, 2.00, 2.80, 0.8012100942184509
No.704: 1.00, 1.00, 0.01, 0.14, 3.00, 21.70, 10.31, -18.00, 2.00, 2.80, 0.8012100942184509
No.705: 1.00, 1.00, 0.01, 0.14, 3.00, 21.70, 10.31, -18.00, 2.00, 2.80, 0.8012100942184509
No.706: 1.00, 1.00, 0.01, 0.14, 3.00, 21.70, 10.31, -18.00, 2.00, 2.80, 0.8012100942184509
No.707: 1.00, 1.00, 0.01, 0.14, 3.00, 21.70, 10.31, -18.00, 2.00, 2.80, 0.8012100942184509
No.708: 1.01, 1.01, 0.01, 0.14, 3.01, 21.71, 10.31, -18.00, 2.00, 2.80, 0.8012100942184509
No.709: 1.01, 1.01, 0.01, 0.14, 3.01, 21.71, 10.31, -18.00, 2.00, 2.80, 0.8012100942184509
No.70: 1.00, 1.00, 0.01, 0.14, 3.00, 21.70, 10.31, -18.00, 2.00, 2.80, 0.8012100942184509
No.710: 1.01, 1.00, 0.01, 0.14, 3.00, 21.70, 10.31, -18.00, 2.00, 2.80, 0.8012100942184509
No.711: 1.00, 1.01, 0.01, 0.14, 3.00, 21.70, 10.31, -18.00, 2.00, 2.80, 0.8012100942184509
No.712: 1.00, 1.00, 0.01, 0.14, 3.00, 21.70, 10.31, -18.00, 2.00, 2.80, 0.8012100942184509
No.713: 1.00, 1.00, 0.01, 0.14, 3.00, 21.70, 10.31, -18.00, 2.00, 2.80, 0.8012100942184509
No.714: 1.00, 1.00, 0.01, 0.14, 3.01, 21.70, 10.31, -18.00, 2.00, 2.80, 0.8012100942184509
No.715: 1.00, 1.00, 0.01, 0.14, 3.00, 21.71, 10.31, -18.00, 2.00, 2.80, 0.8012100942184509
No.716: 1.00, 1.00, 0.01, 0.14, 3.00, 21.70, 10.31, -18.00, 2.00, 2.80, 0.8012100942184509
No.717: 1.00, 1.00, 0.01, 0.14, 3.00, 21.70, 10.31, -18.00, 2.00, 2.80, 0.8012100942184509
No.718: 1.00, 1.00, 0.01, 0.14, 3.00, 21.70, 10.31, -18.00, 2.00, 2.80, 0.8012100942184509
No.719: 1.00, 1.00, 0.01, 0.14, 3.00, 21.70, 10.31, -18.00, 2.00, 2.80, 0.8012100942184509
No.71: 1.00, 1.00, 0.01, 0.14, 3.00, 21.70, 10.31, -18.00, 2.00, 2.80, 0.8012100942184509
No.720: 1.01, 1.01, 0.01, 0.14, 3.01, 21.71, 10.31, -18.00, 2.00, 2.80, 0.8012100942184509
No.721: 1.01, 1.01, 0.01, 0.14, 3.01, 21.71, 10.31, -18.00, 2.00, 2.80, 0.8012100942184509
No.722: 1.01, 1.00, 0.01, 0.14, 3.00, 21.70, 10.31, -18.00, 2.00, 2.80, 0.8012100942184509
No.723: 1.00, 1.01, 0.01, 0.14, 3.00, 21.70, 10.31, -18.00, 2.00, 2.80, 0.8012100942184509
No.724: 1.00, 1.00, 0.01, 0.14, 3.00, 21.70, 10.31, -18.00, 2.00, 2.80, 0.8012100942184509
No.725: 1.00, 1.00, 0.01, 0.14, 3.00, 21.70, 10.31, -18.00, 2.00, 2.80, 0.8012100942184509
No.726: 1.00, 1.00, 0.01, 0.14, 3.01, 21.70, 10.31, -18.00, 2.00, 2.80, 0.8012100942184509
No.727: 1.00, 1.00, 0.01, 0.14, 3.00, 21.71, 10.31, -18.00, 2.00, 2.80, 0.8012100942184509
No.728: 1.00, 1.00, 0.01, 0.14, 3.00, 21.70, 10.31, -18.00, 2.00, 2.80, 0.8012100942184509
No.729: 1.00, 1.00, 0.01, 0.14, 3.00, 21.70, 10.31, -18.00, 2.00, 2.80, 0.8012100942184509
No.72: 1.01, 1.01, 0.01, 0.14, 3.02, 21.83, 10.37, -18.10, 2.00, 2.72, 0.8012100942184509
No.730: 1.00, 1.00, 0.01, 0.14, 3.00, 21.70, 10.31, -18.00, 2.00, 2.80, 0.8012100942184509
No.731: 1.00, 1.00, 0.01, 0.14, 3.00, 21.70, 10.31, -18.00, 2.00, 2.80, 0.8012100942184509
No.732: 1.01, 1.01, 0.01, 0.14, 3.01, 21.71, 10.31, -18.00, 2.00, 2.80, 0.8012100942184509
No.733: 1.01, 1.01, 0.01, 0.14, 3.01, 21.71, 10.31, -18.00, 2.00, 2.80, 0.8012100942184509
No.734: 1.01, 1.00, 0.01, 0.14, 3.00, 21.70, 10.31, -18.00, 2.00, 2.80, 0.8012100942184509
No.735: 1.00, 1.01, 0.01, 0.14, 3.00, 21.70, 10.31, -18.00, 2.00, 2.80, 0.8012100942184509
No.736: 1.00, 1.00, 0.01, 0.14, 3.00, 21.70, 10.31, -18.00, 2.00, 2.80, 0.8012100942184509
No.737: 1.00, 1.00, 0.01, 0.14, 3.00, 21.70, 10.31, -18.00, 2.00, 2.80, 0.8012100942184509
No.738: 1.00, 1.00, 0.01, 0.14, 3.01, 21.70, 10.31, -18.00, 2.00, 2.80, 0.8012100942184509
No.739: 1.00, 1.00, 0.01, 0.14, 3.00, 21.71, 10.31, -18.00, 2.00, 2.80, 0.8012100942184509
No.73: 1.01, 1.01, 0.01, 0.14, 3.01, 21.72, 10.31, -18.01, 2.00, 2.80, 0.8012100942184509
No.740: 1.00, 1.00, 0.01, 0.14, 3.00, 21.70, 10.31, -18.00, 2.00, 2.80, 0.8012100942184509
No.741: 1.00, 1.00, 0.01, 0.14, 3.00, 21.70, 10.31, -18.00, 2.00, 2.80, 0.8012100942184509
No.742: 1.00, 1.00, 0.01, 0.14, 3.00, 21.70, 10.31, -18.00, 2.00, 2.80, 0.8012100942184509
No.743: 1.00, 1.00, 0.01, 0.14, 3.00, 21.70, 10.31, -18.00, 2.00, 2.80, 0.8012100942184509
No.744: 1.01, 1.01, 0.01, 0.14, 3.01, 21.71, 10.31, -18.00, 2.00, 2.80, 0.8012100942184509
No.745: 1.01, 1.01, 0.01, 0.14, 3.01, 21.71, 10.31, -18.00, 2.00, 2.80, 0.8012100942184509
No.746: 1.01, 1.00, 0.01, 0.14, 3.00, 21.70, 10.31, -18.00, 2.00, 2.80, 0.8012100942184509
No.747: 1.00, 1.01, 0.01, 0.14, 3.00, 21.70, 10.31, -18.00, 2.00, 2.80, 0.8012100942184509
No.748: 1.00, 1.00, 0.01, 0.14, 3.00, 21.70, 10.31, -18.00, 2.00, 2.80, 0.8012100942184509
No.749: 1.00, 1.00, 0.01, 0.14, 3.00, 21.70, 10.31, -18.00, 2.00, 2.80, 0.8012100942184509
No.74: 1.03, 1.00, 0.01, 0.14, 3.00, 21.70, 10.31, -18.00, 2.00, 2.80, 0.8012100942184509
No.750: 1.00, 1.00, 0.01, 0.14, 3.01, 21.70, 10.31, -18.00, 2.00, 2.80, 0.8012100942184509
No.751: 1.00, 1.00, 0.01, 0.14, 3.00, 21.71, 10.31, -18.00, 2.00, 2.80, 0.8012100942184509
No.752: 1.00, 1.00, 0.01, 0.14, 3.00, 21.70, 10.31, -18.00, 2.00, 2.80, 0.8012100942184509
No.753: 1.00, 1.00, 0.01, 0.14, 3.00, 21.70, 10.31, -18.00, 2.00, 2.80, 0.8012100942184509
No.754: 1.00, 1.00, 0.01, 0.14, 3.00, 21.70, 10.31, -18.00, 2.00, 2.80, 0.8012100942184509
No.755: 1.00, 1.00, 0.01, 0.14, 3.00, 21.70, 10.31, -18.00, 2.00, 2.80, 0.8012100942184509
No.756: 1.01, 1.01, 0.01, 0.14, 3.01, 21.71, 10.31, -18.00, 2.00, 2.80, 0.8012100942184509
No.757: 1.01, 1.01, 0.01, 0.14, 3.01, 21.71, 10.31, -18.00, 2.00, 2.80, 0.8012100942184509
No.758: 1.01, 1.00, 0.01, 0.14, 3.00, 21.70, 10.31, -18.00, 2.00, 2.80, 0.8012100942184509
No.759: 1.00, 1.01, 0.01, 0.14, 3.00, 21.70, 10.31, -18.00, 2.00, 2.80, 0.8012100942184509
No.75: 1.00, 1.03, 0.01, 0.14, 3.00, 21.70, 10.31, -18.00, 2.00, 2.80, 0.8012100942184509
No.760: 1.00, 1.00, 0.01, 0.14, 3.00, 21.70, 10.31, -18.00, 2.00, 2.80, 0.8012100942184509
No.761: 1.00, 1.00, 0.01, 0.14, 3.00, 21.70, 10.31, -18.00, 2.00, 2.80, 0.8012100942184509
No.762: 1.00, 1.00, 0.01, 0.14, 3.01, 21.70, 10.31, -18.00, 2.00, 2.80, 0.8012100942184509
No.763: 1.00, 1.00, 0.01, 0.14, 3.00, 21.71, 10.31, -18.00, 2.00, 2.80, 0.8012100942184509
No.764: 1.00, 1.00, 0.01, 0.14, 3.00, 21.70, 10.31, -18.00, 2.00, 2.80, 0.8012100942184509
No.765: 1.00, 1.00, 0.01, 0.14, 3.00, 21.70, 10.31, -18.00, 2.00, 2.80, 0.8012100942184509
No.766: 1.00, 1.00, 0.01, 0.14, 3.00, 21.70, 10.31, -18.00, 2.00, 2.80, 0.8012100942184509
No.767: 1.00, 1.00, 0.01, 0.14, 3.00, 21.70, 10.31, -18.00, 2.00, 2.80, 0.8012100942184509
No.768: 1.01, 1.01, 0.01, 0.14, 3.01, 21.71, 10.31, -18.00, 2.00, 2.80, 0.8012100942184509
No.769: 1.01, 1.01, 0.01, 0.14, 3.01, 21.71, 10.31, -18.00, 2.00, 2.80, 0.8012100942184509
No.76: 1.00, 1.00, 0.01, 0.14, 3.00, 21.70, 10.31, -18.00, 2.00, 2.80, 0.8012100942184509
No.770: 1.01, 1.00, 0.01, 0.14, 3.00, 21.70, 10.31, -18.00, 2.00, 2.80, 0.8012100942184509
No.771: 1.00, 1.01, 0.01, 0.14, 3.00, 21.70, 10.31, -18.00, 2.00, 2.80, 0.8012100942184509
No.772: 1.00, 1.00, 0.01, 0.14, 3.00, 21.70, 10.31, -18.00, 2.00, 2.80, 0.8012100942184509
No.773: 1.00, 1.00, 0.01, 0.14, 3.00, 21.70, 10.31, -18.00, 2.00, 2.80, 0.8012100942184509
No.774: 1.00, 1.00, 0.01, 0.14, 3.01, 21.70, 10.31, -18.00, 2.00, 2.80, 0.8012100942184509
No.775: 1.00, 1.00, 0.01, 0.14, 3.00, 21.71, 10.31, -18.00, 2.00, 2.80, 0.8012100942184509
No.776: 1.00, 1.00, 0.01, 0.14, 3.00, 21.70, 10.31, -18.00, 2.00, 2.80, 0.8012100942184509
No.777: 1.00, 1.00, 0.01, 0.14, 3.00, 21.70, 10.31, -18.00, 2.00, 2.80, 0.8012100942184509
No.778: 1.00, 1.00, 0.01, 0.14, 3.00, 21.70, 10.31, -18.00, 2.00, 2.80, 0.8012100942184509
No.779: 1.00, 1.00, 0.01, 0.14, 3.00, 21.70, 10.31, -18.00, 2.00, 2.80, 0.8012100942184509
No.77: 1.00, 1.00, 0.01, 0.14, 3.00, 21.70, 10.31, -18.00, 2.00, 2.80, 0.8012100942184509
No.780: 1.01, 1.01, 0.01, 0.14, 3.01, 21.71, 10.31, -18.00, 2.00, 2.80, 0.8012100942184509
No.781: 1.01, 1.01, 0.01, 0.14, 3.01, 21.71, 10.31, -18.00, 2.00, 2.80, 0.8012100942184509
No.782: 1.01, 1.00, 0.01, 0.14, 3.00, 21.70, 10.31, -18.00, 2.00, 2.80, 0.8012100942184509
No.783: 1.00, 1.01, 0.01, 0.14, 3.00, 21.70, 10.31, -18.00, 2.00, 2.80, 0.8012100942184509
No.784: 1.00, 1.00, 0.01, 0.14, 3.00, 21.70, 10.31, -18.00, 2.00, 2.80, 0.8012100942184509
No.785: 1.00, 1.00, 0.01, 0.14, 3.00, 21.70, 10.31, -18.00, 2.00, 2.80, 0.8012100942184509
No.786: 1.00, 1.00, 0.01, 0.14, 3.01, 21.70, 10.31, -18.00, 2.00, 2.80, 0.8012100942184509
No.787: 1.00, 1.00, 0.01, 0.14, 3.00, 21.71, 10.31, -18.00, 2.00, 2.80, 0.8012100942184509
No.788: 1.00, 1.00, 0.01, 0.14, 3.00, 21.70, 10.31, -18.00, 2.00, 2.80, 0.8012100942184509
No.789: 1.00, 1.00, 0.01, 0.14, 3.00, 21.70, 10.31, -18.00, 2.00, 2.80, 0.8012100942184509
No.78: 1.00, 1.00, 0.01, 0.14, 3.08, 21.70, 10.31, -18.00, 2.00, 2.80, 0.8012100942184509
No.790: 1.00, 1.00, 0.01, 0.14, 3.00, 21.70, 10.31, -18.00, 2.00, 2.80, 0.8012100942184509
No.791: 1.00, 1.00, 0.01, 0.14, 3.00, 21.70, 10.31, -18.00, 2.00, 2.80, 0.8012100942184509
No.792: 1.01, 1.01, 0.01, 0.14, 3.01, 21.71, 10.31, -18.00, 2.00, 2.80, 0.8012100942184509
No.793: 1.01, 1.01, 0.01, 0.14, 3.01, 21.71, 10.31, -18.00, 2.00, 2.80, 0.8012100942184509
No.794: 1.01, 1.00, 0.01, 0.14, 3.00, 21.70, 10.31, -18.00, 2.00, 2.80, 0.8012100942184509
No.795: 1.00, 1.01, 0.01, 0.14, 3.00, 21.70, 10.31, -18.00, 2.00, 2.80, 0.8012100942184509
No.796: 1.00, 1.00, 0.01, 0.14, 3.00, 21.70, 10.31, -18.00, 2.00, 2.80, 0.8012100942184509
No.797: 1.00, 1.00, 0.01, 0.14, 3.00, 21.70, 10.31, -18.00, 2.00, 2.80, 0.8012100942184509
No.798: 1.00, 1.00, 0.01, 0.14, 3.01, 21.70, 10.31, -18.00, 2.00, 2.80, 0.8012100942184509
No.799: 1.00, 1.00, 0.01, 0.14, 3.00, 21.71, 10.31, -18.00, 2.00, 2.80, 0.8012100942184509
No.79: 1.00, 1.00, 0.01, 0.14, 3.00, 22.28, 10.31, -18.00, 2.00, 2.80, 0.8012100942184509
No.7: 1.00, 1.00, 0.01, 0.14, 3.00, 22.79, 10.31, -18.00, 2.00, 2.80, 0.8012100942184509
No.800: 1.00, 1.00, 0.01, 0.14, 3.00, 21.70, 10.31, -18.00, 2.00, 2.80, 0.8012100942184509
No.801: 1.00, 1.00, 0.01, 0.14, 3.00, 21.70, 10.31, -18.00, 2.00, 2.80, 0.8012100942184509
No.802: 1.00, 1.00, 0.01, 0.14, 3.00, 21.70, 10.31, -18.00, 2.00, 2.80, 0.8012100942184509
No.803: 1.00, 1.00, 0.01, 0.14, 3.00, 21.70, 10.31, -18.00, 2.00, 2.80, 0.8012100942184509
No.804: 1.01, 1.01, 0.01, 0.14, 3.01, 21.71, 10.31, -18.00, 2.00, 2.80, 0.8012100942184509
No.805: 1.01, 1.01, 0.01, 0.14, 3.01, 21.71, 10.31, -18.00, 2.00, 2.80, 0.8012100942184509
No.806: 1.01, 1.00, 0.01, 0.14, 3.00, 21.70, 10.31, -18.00, 2.00, 2.80, 0.8012100942184509
No.807: 1.00, 1.01, 0.01, 0.14, 3.00, 21.70, 10.31, -18.00, 2.00, 2.80, 0.8012100942184509
No.808: 1.00, 1.00, 0.01, 0.14, 3.00, 21.70, 10.31, -18.00, 2.00, 2.80, 0.8012100942184509
No.809: 1.00, 1.00, 0.01, 0.14, 3.00, 21.70, 10.31, -18.00, 2.00, 2.80, 0.8012100942184509
No.80: 1.00, 1.00, 0.01, 0.14, 3.00, 21.70, 10.58, -18.00, 2.00, 2.80, 0.8012100942184509
No.810: 1.00, 1.00, 0.01, 0.14, 3.01, 21.70, 10.31, -18.00, 2.00, 2.80, 0.8012100942184509
No.811: 1.00, 1.00, 0.01, 0.14, 3.00, 21.71, 10.31, -18.00, 2.00, 2.80, 0.8012100942184509
No.812: 1.00, 1.00, 0.01, 0.14, 3.00, 21.70, 10.31, -18.00, 2.00, 2.80, 0.8012100942184509
No.813: 1.00, 1.00, 0.01, 0.14, 3.00, 21.70, 10.31, -18.00, 2.00, 2.80, 0.8012100942184509
No.814: 1.00, 1.00, 0.01, 0.14, 3.00, 21.70, 10.31, -18.00, 2.00, 2.80, 0.8012100942184509
No.815: 1.00, 1.00, 0.01, 0.14, 3.00, 21.70, 10.31, -18.00, 2.00, 2.80, 0.8012100942184509
No.816: 1.01, 1.01, 0.01, 0.14, 3.01, 21.71, 10.31, -18.00, 2.00, 2.80, 0.8012100942184509
No.817: 1.01, 1.01, 0.01, 0.14, 3.01, 21.71, 10.31, -18.00, 2.00, 2.80, 0.8012100942184509
No.818: 1.01, 1.00, 0.01, 0.14, 3.00, 21.70, 10.31, -18.00, 2.00, 2.80, 0.8012100942184509
No.819: 1.00, 1.01, 0.01, 0.14, 3.00, 21.70, 10.31, -18.00, 2.00, 2.80, 0.8012100942184509
No.81: 1.00, 1.00, 0.01, 0.14, 3.00, 21.70, 10.31, -18.47, 2.00, 2.80, 0.8012100942184509
No.820: 1.00, 1.00, 0.01, 0.14, 3.00, 21.70, 10.31, -18.00, 2.00, 2.80, 0.8012100942184509
No.821: 1.00, 1.00, 0.01, 0.14, 3.00, 21.70, 10.31, -18.00, 2.00, 2.80, 0.8012100942184509
No.822: 1.00, 1.00, 0.01, 0.14, 3.01, 21.70, 10.31, -18.00, 2.00, 2.80, 0.8012100942184509
No.823: 1.00, 1.00, 0.01, 0.14, 3.00, 21.71, 10.31, -18.00, 2.00, 2.80, 0.8012100942184509
No.824: 1.00, 1.00, 0.01, 0.14, 3.00, 21.70, 10.31, -18.00, 2.00, 2.80, 0.8012100942184509
No.825: 1.00, 1.00, 0.01, 0.14, 3.00, 21.70, 10.31, -18.00, 2.00, 2.80, 0.8012100942184509
No.826: 1.00, 1.00, 0.01, 0.14, 3.00, 21.70, 10.31, -18.00, 2.00, 2.80, 0.8012100942184509
No.827: 1.00, 1.00, 0.01, 0.14, 3.00, 21.70, 10.31, -18.00, 2.00, 2.80, 0.8012100942184509
No.828: 1.01, 1.01, 0.01, 0.14, 3.01, 21.71, 10.31, -18.00, 2.00, 2.80, 0.8012100942184509
No.829: 1.01, 1.01, 0.01, 0.14, 3.01, 21.71, 10.31, -18.00, 2.00, 2.80, 0.8012100942184509
No.82: 1.00, 1.00, 0.01, 0.14, 3.00, 21.70, 10.31, -18.00, 2.00, 2.80, 0.8012100942184509
No.830: 1.01, 1.00, 0.01, 0.14, 3.00, 21.70, 10.31, -18.00, 2.00, 2.80, 0.8012100942184509
No.831: 1.00, 1.01, 0.01, 0.14, 3.00, 21.70, 10.31, -18.00, 2.00, 2.80, 0.8012100942184509
No.832: 1.00, 1.00, 0.01, 0.14, 3.00, 21.70, 10.31, -18.00, 2.00, 2.80, 0.8012100942184509
No.833: 1.00, 1.00, 0.01, 0.14, 3.00, 21.70, 10.31, -18.00, 2.00, 2.80, 0.8012100942184509
No.834: 1.00, 1.00, 0.01, 0.14, 3.01, 21.70, 10.31, -18.00, 2.00, 2.80, 0.8012100942184509
No.835: 1.00, 1.00, 0.01, 0.14, 3.00, 21.71, 10.31, -18.00, 2.00, 2.80, 0.8012100942184509
No.836: 1.00, 1.00, 0.01, 0.14, 3.00, 21.70, 10.31, -18.00, 2.00, 2.80, 0.8012100942184509
No.837: 1.00, 1.00, 0.01, 0.14, 3.00, 21.70, 10.31, -18.00, 2.00, 2.80, 0.8012100942184509
No.838: 1.00, 1.00, 0.01, 0.14, 3.00, 21.70, 10.31, -18.00, 2.00, 2.80, 0.8012100942184509
No.839: 1.00, 1.00, 0.01, 0.14, 3.00, 21.70, 10.31, -18.00, 2.00, 2.80, 0.8012100942184509
No.83: 1.00, 1.00, 0.01, 0.14, 3.00, 21.70, 10.31, -18.00, 2.00, 2.80, 0.8012100942184509
No.840: 1.01, 1.01, 0.01, 0.14, 3.01, 21.71, 10.31, -18.00, 2.00, 2.80, 0.8012100942184509
No.841: 1.01, 1.01, 0.01, 0.14, 3.01, 21.71, 10.31, -18.00, 2.00, 2.80, 0.8012100942184509
No.842: 1.01, 1.00, 0.01, 0.14, 3.00, 21.70, 10.31, -18.00, 2.00, 2.80, 0.8012100942184509
No.843: 1.00, 1.01, 0.01, 0.14, 3.00, 21.70, 10.31, -18.00, 2.00, 2.80, 0.8012100942184509
No.844: 1.00, 1.00, 0.01, 0.14, 3.00, 21.70, 10.31, -18.00, 2.00, 2.80, 0.8012100942184509
No.845: 1.00, 1.00, 0.01, 0.14, 3.00, 21.70, 10.31, -18.00, 2.00, 2.80, 0.8012100942184509
No.846: 1.00, 1.00, 0.01, 0.14, 3.01, 21.70, 10.31, -18.00, 2.00, 2.80, 0.8012100942184509
No.847: 1.00, 1.00, 0.01, 0.14, 3.00, 21.71, 10.31, -18.00, 2.00, 2.80, 0.8012100942184509
No.848: 1.00, 1.00, 0.01, 0.14, 3.00, 21.70, 10.31, -18.00, 2.00, 2.80, 0.8012100942184509
No.849: 1.00, 1.00, 0.01, 0.14, 3.00, 21.70, 10.31, -18.00, 2.00, 2.80, 0.8012100942184509
No.84: 1.01, 1.01, 0.01, 0.14, 3.02, 21.82, 10.36, -18.09, 2.00, 2.73, 0.8012100942184509
No.850: 1.00, 1.00, 0.01, 0.14, 3.00, 21.70, 10.31, -18.00, 2.00, 2.80, 0.8012100942184509
No.851: 1.00, 1.00, 0.01, 0.14, 3.00, 21.70, 10.31, -18.00, 2.00, 2.80, 0.8012100942184509
No.852: 1.01, 1.01, 0.01, 0.14, 3.01, 21.71, 10.31, -18.00, 2.00, 2.80, 0.8012100942184509
No.853: 1.01, 1.01, 0.01, 0.14, 3.01, 21.71, 10.31, -18.00, 2.00, 2.80, 0.8012100942184509
No.854: 1.01, 1.00, 0.01, 0.14, 3.00, 21.70, 10.31, -18.00, 2.00, 2.80, 0.8012100942184509
No.855: 1.00, 1.01, 0.01, 0.14, 3.00, 21.70, 10.31, -18.00, 2.00, 2.80, 0.8012100942184509
No.856: 1.00, 1.00, 0.01, 0.14, 3.00, 21.70, 10.31, -18.00, 2.00, 2.80, 0.8012100942184509
No.857: 1.00, 1.00, 0.01, 0.14, 3.00, 21.70, 10.31, -18.00, 2.00, 2.80, 0.8012100942184509
No.858: 1.00, 1.00, 0.01, 0.14, 3.01, 21.70, 10.31, -18.00, 2.00, 2.80, 0.8012100942184509
No.859: 1.00, 1.00, 0.01, 0.14, 3.00, 21.71, 10.31, -18.00, 2.00, 2.80, 0.8012100942184509
No.85: 1.01, 1.01, 0.01, 0.14, 3.01, 21.72, 10.31, -18.01, 2.00, 2.80, 0.8012100942184509
No.860: 1.00, 1.00, 0.01, 0.14, 3.00, 21.70, 10.31, -18.00, 2.00, 2.80, 0.8012100942184509
No.861: 1.00, 1.00, 0.01, 0.14, 3.00, 21.70, 10.31, -18.00, 2.00, 2.80, 0.8012100942184509
No.862: 1.00, 1.00, 0.01, 0.14, 3.00, 21.70, 10.31, -18.00, 2.00, 2.80, 0.8012100942184509
No.863: 1.00, 1.00, 0.01, 0.14, 3.00, 21.70, 10.31, -18.00, 2.00, 2.80, 0.8012100942184509
No.864: 1.01, 1.01, 0.01, 0.14, 3.01, 21.71, 10.31, -18.00, 2.00, 2.80, 0.8012100942184509
No.865: 1.01, 1.01, 0.01, 0.14, 3.01, 21.71, 10.31, -18.00, 2.00, 2.80, 0.8012100942184509
No.866: 1.01, 1.00, 0.01, 0.14, 3.00, 21.70, 10.31, -18.00, 2.00, 2.80, 0.8012100942184509
No.867: 1.00, 1.01, 0.01, 0.14, 3.00, 21.70, 10.31, -18.00, 2.00, 2.80, 0.8012100942184509
No.868: 1.00, 1.00, 0.01, 0.14, 3.00, 21.70, 10.31, -18.00, 2.00, 2.80, 0.8012100942184509
No.869: 1.00, 1.00, 0.01, 0.14, 3.00, 21.70, 10.31, -18.00, 2.00, 2.80, 0.8012100942184509
No.86: 1.03, 1.00, 0.01, 0.14, 3.00, 21.70, 10.31, -18.00, 2.00, 2.80, 0.8012100942184509
No.870: 1.00, 1.00, 0.01, 0.14, 3.01, 21.70, 10.31, -18.00, 2.00, 2.80, 0.8012100942184509
No.871: 1.00, 1.00, 0.01, 0.14, 3.00, 21.71, 10.31, -18.00, 2.00, 2.80, 0.8012100942184509
No.872: 1.00, 1.00, 0.01, 0.14, 3.00, 21.70, 10.31, -18.00, 2.00, 2.80, 0.8012100942184509
No.873: 1.00, 1.00, 0.01, 0.14, 3.00, 21.70, 10.31, -18.00, 2.00, 2.80, 0.8012100942184509
No.874: 1.00, 1.00, 0.01, 0.14, 3.00, 21.70, 10.31, -18.00, 2.00, 2.80, 0.8012100942184509
No.875: 1.00, 1.00, 0.01, 0.14, 3.00, 21.70, 10.31, -18.00, 2.00, 2.80, 0.8012100942184509
No.876: 1.01, 1.01, 0.01, 0.14, 3.01, 21.71, 10.31, -18.00, 2.00, 2.80, 0.8012100942184509
No.877: 1.01, 1.01, 0.01, 0.14, 3.01, 21.71, 10.31, -18.00, 2.00, 2.80, 0.8012100942184509
No.878: 1.01, 1.00, 0.01, 0.14, 3.00, 21.70, 10.31, -18.00, 2.00, 2.80, 0.8012100942184509
No.879: 1.00, 1.01, 0.01, 0.14, 3.00, 21.70, 10.31, -18.00, 2.00, 2.80, 0.8012100942184509
No.87: 1.00, 1.03, 0.01, 0.14, 3.00, 21.70, 10.31, -18.00, 2.00, 2.80, 0.8012100942184509
No.880: 1.00, 1.00, 0.01, 0.14, 3.00, 21.70, 10.31, -18.00, 2.00, 2.80, 0.8012100942184509
No.881: 1.00, 1.00, 0.01, 0.14, 3.00, 21.70, 10.31, -18.00, 2.00, 2.80, 0.8012100942184509
No.882: 1.00, 1.00, 0.01, 0.14, 3.01, 21.70, 10.31, -18.00, 2.00, 2.80, 0.8012100942184509
No.883: 1.00, 1.00, 0.01, 0.14, 3.00, 21.71, 10.31, -18.00, 2.00, 2.80, 0.8012100942184509
No.884: 1.00, 1.00, 0.01, 0.14, 3.00, 21.70, 10.31, -18.00, 2.00, 2.80, 0.8012100942184509
No.885: 1.00, 1.00, 0.01, 0.14, 3.00, 21.70, 10.31, -18.00, 2.00, 2.80, 0.8012100942184509
No.886: 1.00, 1.00, 0.01, 0.14, 3.00, 21.70, 10.31, -18.00, 2.00, 2.80, 0.8012100942184509
No.887: 1.00, 1.00, 0.01, 0.14, 3.00, 21.70, 10.31, -18.00, 2.00, 2.80, 0.8012100942184509
No.888: 1.01, 1.01, 0.01, 0.14, 3.01, 21.71, 10.31, -18.00, 2.00, 2.80, 0.8012100942184509
No.889: 1.01, 1.01, 0.01, 0.14, 3.01, 21.71, 10.31, -18.00, 2.00, 2.80, 0.8012100942184509
No.88: 1.00, 1.00, 0.01, 0.14, 3.00, 21.70, 10.31, -18.00, 2.00, 2.80, 0.8012100942184509
No.890: 1.01, 1.00, 0.01, 0.14, 3.00, 21.70, 10.31, -18.00, 2.00, 2.80, 0.8012100942184509
No.891: 1.00, 1.01, 0.01, 0.14, 3.00, 21.70, 10.31, -18.00, 2.00, 2.80, 0.8012100942184509
No.892: 1.00, 1.00, 0.01, 0.14, 3.00, 21.70, 10.31, -18.00, 2.00, 2.80, 0.8012100942184509
No.893: 1.00, 1.00, 0.01, 0.14, 3.00, 21.70, 10.31, -18.00, 2.00, 2.80, 0.8012100942184509
No.894: 1.00, 1.00, 0.01, 0.14, 3.01, 21.70, 10.31, -18.00, 2.00, 2.80, 0.8012100942184509
No.895: 1.00, 1.00, 0.01, 0.14, 3.00, 21.71, 10.31, -18.00, 2.00, 2.80, 0.8012100942184509
No.896: 1.00, 1.00, 0.01, 0.14, 3.00, 21.70, 10.31, -18.00, 2.00, 2.80, 0.8012100942184509
No.897: 1.00, 1.00, 0.01, 0.14, 3.00, 21.70, 10.31, -18.00, 2.00, 2.80, 0.8012100942184509
No.898: 1.00, 1.00, 0.01, 0.14, 3.00, 21.70, 10.31, -18.00, 2.00, 2.80, 0.8012100942184509
No.899: 1.00, 1.00, 0.01, 0.14, 3.00, 21.70, 10.31, -18.00, 2.00, 2.80, 0.8012100942184509
No.89: 1.00, 1.00, 0.01, 0.14, 3.00, 21.70, 10.31, -18.00, 2.00, 2.80, 0.8012100942184509
No.8: 1.00, 1.00, 0.01, 0.14, 3.00, 21.70, 10.82, -18.00, 2.00, 2.80, 0.8012100942184509
No.900: 1.01, 1.01, 0.01, 0.14, 3.01, 21.71, 10.31, -18.00, 2.00, 2.80, 0.8012100942184509
No.901: 1.01, 1.01, 0.01, 0.14, 3.01, 21.71, 10.31, -18.00, 2.00, 2.80, 0.8012100942184509
No.902: 1.01, 1.00, 0.01, 0.14, 3.00, 21.70, 10.31, -18.00, 2.00, 2.80, 0.8012100942184509
No.903: 1.00, 1.01, 0.01, 0.14, 3.00, 21.70, 10.31, -18.00, 2.00, 2.80, 0.8012100942184509
No.904: 1.00, 1.00, 0.01, 0.14, 3.00, 21.70, 10.31, -18.00, 2.00, 2.80, 0.8012100942184509
No.905: 1.00, 1.00, 0.01, 0.14, 3.00, 21.70, 10.31, -18.00, 2.00, 2.80, 0.8012100942184509
No.906: 1.00, 1.00, 0.01, 0.14, 3.01, 21.70, 10.31, -18.00, 2.00, 2.80, 0.8012100942184509
No.907: 1.00, 1.00, 0.01, 0.14, 3.00, 21.71, 10.31, -18.00, 2.00, 2.80, 0.8012100942184509
No.908: 1.00, 1.00, 0.01, 0.14, 3.00, 21.70, 10.31, -18.00, 2.00, 2.80, 0.8012100942184509
No.909: 1.00, 1.00, 0.01, 0.14, 3.00, 21.70, 10.31, -18.00, 2.00, 2.80, 0.8012100942184509
No.90: 1.00, 1.00, 0.01, 0.14, 3.08, 21.70, 10.31, -18.00, 2.00, 2.80, 0.8012100942184509
No.910: 1.00, 1.00, 0.01, 0.14, 3.00, 21.70, 10.31, -18.00, 2.00, 2.80, 0.8012100942184509
No.911: 1.00, 1.00, 0.01, 0.14, 3.00, 21.70, 10.31, -18.00, 2.00, 2.80, 0.8012100942184509
No.912: 1.01, 1.01, 0.01, 0.14, 3.01, 21.71, 10.31, -18.00, 2.00, 2.80, 0.8012100942184509
No.913: 1.01, 1.01, 0.01, 0.14, 3.01, 21.71, 10.31, -18.00, 2.00, 2.80, 0.8012100942184509
No.914: 1.01, 1.00, 0.01, 0.14, 3.00, 21.70, 10.31, -18.00, 2.00, 2.80, 0.8012100942184509
No.915: 1.00, 1.01, 0.01, 0.14, 3.00, 21.70, 10.31, -18.00, 2.00, 2.80, 0.8012100942184509
No.916: 1.00, 1.00, 0.01, 0.14, 3.00, 21.70, 10.31, -18.00, 2.00, 2.80, 0.8012100942184509
No.917: 1.00, 1.00, 0.01, 0.14, 3.00, 21.70, 10.31, -18.00, 2.00, 2.80, 0.8012100942184509
No.918: 1.00, 1.00, 0.01, 0.14, 3.01, 21.70, 10.31, -18.00, 2.00, 2.80, 0.8012100942184509
No.919: 1.00, 1.00, 0.01, 0.14, 3.00, 21.71, 10.31, -18.00, 2.00, 2.80, 0.8012100942184509
No.91: 1.00, 1.00, 0.01, 0.14, 3.00, 22.22, 10.31, -18.00, 2.00, 2.80, 0.8012100942184509
No.920: 1.00, 1.00, 0.01, 0.14, 3.00, 21.70, 10.31, -18.00, 2.00, 2.80, 0.8012100942184509
No.921: 1.00, 1.00, 0.01, 0.14, 3.00, 21.70, 10.31, -18.00, 2.00, 2.80, 0.8012100942184509
No.922: 1.00, 1.00, 0.01, 0.14, 3.00, 21.70, 10.31, -18.00, 2.00, 2.80, 0.8012100942184509
No.923: 1.00, 1.00, 0.01, 0.14, 3.00, 21.70, 10.31, -18.00, 2.00, 2.80, 0.8012100942184509
No.924: 1.01, 1.01, 0.01, 0.14, 3.01, 21.71, 10.31, -18.00, 2.00, 2.80, 0.8012100942184509
No.925: 1.01, 1.01, 0.01, 0.14, 3.01, 21.71, 10.31, -18.00, 2.00, 2.80, 0.8012100942184509
No.926: 1.01, 1.00, 0.01, 0.14, 3.00, 21.70, 10.31, -18.00, 2.00, 2.80, 0.8012100942184509
No.927: 1.00, 1.01, 0.01, 0.14, 3.00, 21.70, 10.31, -18.00, 2.00, 2.80, 0.8012100942184509
No.928: 1.00, 1.00, 0.01, 0.14, 3.00, 21.70, 10.31, -18.00, 2.00, 2.80, 0.8012100942184509
No.929: 1.00, 1.00, 0.01, 0.14, 3.00, 21.70, 10.31, -18.00, 2.00, 2.80, 0.8012100942184509
No.92: 1.00, 1.00, 0.01, 0.14, 3.00, 21.70, 10.55, -18.00, 2.00, 2.80, 0.8012100942184509
No.930: 1.00, 1.00, 0.01, 0.14, 3.01, 21.70, 10.31, -18.00, 2.00, 2.80, 0.8012100942184509
No.931: 1.00, 1.00, 0.01, 0.14, 3.00, 21.71, 10.31, -18.00, 2.00, 2.80, 0.8012100942184509
No.932: 1.00, 1.00, 0.01, 0.14, 3.00, 21.70, 10.31, -18.00, 2.00, 2.80, 0.8012100942184509
No.933: 1.00, 1.00, 0.01, 0.14, 3.00, 21.70, 10.31, -18.00, 2.00, 2.80, 0.8012100942184509
No.934: 1.00, 1.00, 0.01, 0.14, 3.00, 21.70, 10.31, -18.00, 2.00, 2.80, 0.8012100942184509
No.935: 1.00, 1.00, 0.01, 0.14, 3.00, 21.70, 10.31, -18.00, 2.00, 2.80, 0.8012100942184509
No.936: 1.01, 1.01, 0.01, 0.14, 3.01, 21.71, 10.31, -18.00, 2.00, 2.80, 0.8012100942184509
No.937: 1.01, 1.01, 0.01, 0.14, 3.01, 21.71, 10.31, -18.00, 2.00, 2.80, 0.8012100942184509
No.938: 1.01, 1.00, 0.01, 0.14, 3.00, 21.70, 10.31, -18.00, 2.00, 2.80, 0.8012100942184509
No.939: 1.00, 1.01, 0.01, 0.14, 3.00, 21.70, 10.31, -18.00, 2.00, 2.80, 0.8012100942184509
No.93: 1.00, 1.00, 0.01, 0.14, 3.00, 21.70, 10.31, -18.43, 2.00, 2.80, 0.8012100942184509
No.940: 1.00, 1.00, 0.01, 0.14, 3.00, 21.70, 10.31, -18.00, 2.00, 2.80, 0.8012100942184509
No.941: 1.00, 1.00, 0.01, 0.14, 3.00, 21.70, 10.31, -18.00, 2.00, 2.80, 0.8012100942184509
No.942: 1.00, 1.00, 0.01, 0.14, 3.01, 21.70, 10.31, -18.00, 2.00, 2.80, 0.8012100942184509
No.943: 1.00, 1.00, 0.01, 0.14, 3.00, 21.71, 10.31, -18.00, 2.00, 2.80, 0.8012100942184509
No.944: 1.00, 1.00, 0.01, 0.14, 3.00, 21.70, 10.31, -18.00, 2.00, 2.80, 0.8012100942184509
No.945: 1.00, 1.00, 0.01, 0.14, 3.00, 21.70, 10.31, -18.00, 2.00, 2.80, 0.8012100942184509
No.946: 1.00, 1.00, 0.01, 0.14, 3.00, 21.70, 10.31, -18.00, 2.00, 2.80, 0.8012100942184509
No.947: 1.00, 1.00, 0.01, 0.14, 3.00, 21.70, 10.31, -18.00, 2.00, 2.80, 0.8012100942184509
No.948: 1.01, 1.01, 0.01, 0.14, 3.01, 21.71, 10.31, -18.00, 2.00, 2.80, 0.8012100942184509
No.949: 1.01, 1.01, 0.01, 0.14, 3.01, 21.71, 10.31, -18.00, 2.00, 2.80, 0.8012100942184509
No.94: 1.00, 1.00, 0.01, 0.14, 3.00, 21.70, 10.31, -18.00, 2.00, 2.80, 0.8012100942184509
No.950: 1.01, 1.00, 0.01, 0.14, 3.00, 21.70, 10.31, -18.00, 2.00, 2.80, 0.8012100942184509
No.951: 1.00, 1.01, 0.01, 0.14, 3.00, 21.70, 10.31, -18.00, 2.00, 2.80, 0.8012100942184509
No.952: 1.00, 1.00, 0.01, 0.14, 3.00, 21.70, 10.31, -18.00, 2.00, 2.80, 0.8012100942184509
No.953: 1.00, 1.00, 0.01, 0.14, 3.00, 21.70, 10.31, -18.00, 2.00, 2.80, 0.8012100942184509
No.954: 1.00, 1.00, 0.01, 0.14, 3.01, 21.70, 10.31, -18.00, 2.00, 2.80, 0.8012100942184509
No.955: 1.00, 1.00, 0.01, 0.14, 3.00, 21.71, 10.31, -18.00, 2.00, 2.80, 0.8012100942184509
No.956: 1.00, 1.00, 0.01, 0.14, 3.00, 21.70, 10.31, -18.00, 2.00, 2.80, 0.8012100942184509
No.957: 1.00, 1.00, 0.01, 0.14, 3.00, 21.70, 10.31, -18.00, 2.00, 2.80, 0.8012100942184509
No.958: 1.00, 1.00, 0.01, 0.14, 3.00, 21.70, 10.31, -18.00, 2.00, 2.80, 0.8012100942184509
No.959: 1.00, 1.00, 0.01, 0.14, 3.00, 21.70, 10.31, -18.00, 2.00, 2.80, 0.8012100942184509
No.95: 1.00, 1.00, 0.01, 0.14, 3.00, 21.70, 10.31, -18.00, 2.00, 2.80, 0.8012100942184509
No.960: 1.01, 1.01, 0.01, 0.14, 3.01, 21.71, 10.31, -18.00, 2.00, 2.80, 0.8012100942184509
No.961: 1.01, 1.01, 0.01, 0.14, 3.01, 21.71, 10.31, -18.00, 2.00, 2.80, 0.8012100942184509
No.962: 1.01, 1.00, 0.01, 0.14, 3.00, 21.70, 10.31, -18.00, 2.00, 2.80, 0.8012100942184509
No.963: 1.00, 1.01, 0.01, 0.14, 3.00, 21.70, 10.31, -18.00, 2.00, 2.80, 0.8012100942184509
No.964: 1.00, 1.00, 0.01, 0.14, 3.00, 21.70, 10.31, -18.00, 2.00, 2.80, 0.8012100942184509
No.965: 1.00, 1.00, 0.01, 0.14, 3.00, 21.70, 10.31, -18.00, 2.00, 2.80, 0.8012100942184509
No.966: 1.00, 1.00, 0.01, 0.14, 3.01, 21.70, 10.31, -18.00, 2.00, 2.80, 0.8012100942184509
No.967: 1.00, 1.00, 0.01, 0.14, 3.00, 21.71, 10.31, -18.00, 2.00, 2.80, 0.8012100942184509
No.968: 1.00, 1.00, 0.01, 0.14, 3.00, 21.70, 10.31, -18.00, 2.00, 2.80, 0.8012100942184509
No.969: 1.00, 1.00, 0.01, 0.14, 3.00, 21.70, 10.31, -18.00, 2.00, 2.80, 0.8012100942184509
No.96: 1.01, 1.01, 0.01, 0.14, 3.02, 21.81, 10.35, -18.08, 2.00, 2.74, 0.8012100942184509
No.970: 1.00, 1.00, 0.01, 0.14, 3.00, 21.70, 10.31, -18.00, 2.00, 2.80, 0.8012100942184509
No.971: 1.00, 1.00, 0.01, 0.14, 3.00, 21.70, 10.31, -18.00, 2.00, 2.80, 0.8012100942184509
No.972: 1.01, 1.01, 0.01, 0.14, 3.01, 21.71, 10.31, -18.00, 2.00, 2.80, 0.8012100942184509
No.973: 1.01, 1.01, 0.01, 0.14, 3.01, 21.71, 10.31, -18.00, 2.00, 2.80, 0.8012100942184509
No.974: 1.01, 1.00, 0.01, 0.14, 3.00, 21.70, 10.31, -18.00, 2.00, 2.80, 0.8012100942184509
No.975: 1.00, 1.01, 0.01, 0.14, 3.00, 21.70, 10.31, -18.00, 2.00, 2.80, 0.8012100942184509
No.976: 1.00, 1.00, 0.01, 0.14, 3.00, 21.70, 10.31, -18.00, 2.00, 2.80, 0.8012100942184509
No.977: 1.00, 1.00, 0.01, 0.14, 3.00, 21.70, 10.31, -18.00, 2.00, 2.80, 0.8012100942184509
No.978: 1.00, 1.00, 0.01, 0.14, 3.01, 21.70, 10.31, -18.00, 2.00, 2.80, 0.8012100942184509
No.979: 1.00, 1.00, 0.01, 0.14, 3.00, 21.71, 10.31, -18.00, 2.00, 2.80, 0.8012100942184509
No.97: 1.01, 1.01, 0.01, 0.14, 3.01, 21.72, 10.31, -18.01, 2.00, 2.80, 0.8012100942184509
No.980: 1.00, 1.00, 0.01, 0.14, 3.00, 21.70, 10.31, -18.00, 2.00, 2.80, 0.8012100942184509
No.981: 1.00, 1.00, 0.01, 0.14, 3.00, 21.70, 10.31, -18.00, 2.00, 2.80, 0.8012100942184509
No.982: 1.00, 1.00, 0.01, 0.14, 3.00, 21.70, 10.31, -18.00, 2.00, 2.80, 0.8012100942184509
No.983: 1.00, 1.00, 0.01, 0.14, 3.00, 21.70, 10.31, -18.00, 2.00, 2.80, 0.8012100942184509
No.984: 1.01, 1.01, 0.01, 0.14, 3.01, 21.71, 10.31, -18.00, 2.00, 2.80, 0.8012100942184509
No.985: 1.01, 1.01, 0.01, 0.14, 3.01, 21.71, 10.31, -18.00, 2.00, 2.80, 0.8012100942184509
No.986: 1.01, 1.00, 0.01, 0.14, 3.00, 21.70, 10.31, -18.00, 2.00, 2.80, 0.8012100942184509
No.987: 1.00, 1.01, 0.01, 0.14, 3.00, 21.70, 10.31, -18.00, 2.00, 2.80, 0.8012100942184509
No.988: 1.00, 1.00, 0.01, 0.14, 3.00, 21.70, 10.31, -18.00, 2.00, 2.80, 0.8012100942184509
No.989: 1.00, 1.00, 0.01, 0.14, 3.00, 21.70, 10.31, -18.00, 2.00, 2.80, 0.8012100942184509
No.98: 1.03, 1.00, 0.01, 0.14, 3.00, 21.70, 10.31, -18.00, 2.00, 2.80, 0.8012100942184509
No.990: 1.00, 1.00, 0.01, 0.14, 3.01, 21.70, 10.31, -18.00, 2.00, 2.80, 0.8012100942184509
No.991: 1.00, 1.00, 0.01, 0.14, 3.00, 21.71, 10.31, -18.00, 2.00, 2.80, 0.8012100942184509
No.992: 1.00, 1.00, 0.01, 0.14, 3.00, 21.70, 10.31, -18.00, 2.00, 2.80, 0.8012100942184509
No.993: 1.00, 1.00, 0.01, 0.14, 3.00, 21.70, 10.31, -18.00, 2.00, 2.80, 0.8012100942184509
No.994: 1.00, 1.00, 0.01, 0.14, 3.00, 21.70, 10.31, -18.00, 2.00, 2.80, 0.8012100942184509
No.995: 1.00, 1.00, 0.01, 0.14, 3.00, 21.70, 10.31, -18.00, 2.00, 2.80, 0.8012100942184509
No.996: 1.01, 1.01, 0.01, 0.14, 3.01, 21.71, 10.31, -18.00, 2.00, 2.80, 0.8012100942184509
No.997: 1.01, 1.01, 0.01, 0.14, 3.01, 21.71, 10.31, -18.00, 2.00, 2.80, 0.8012100942184509
No.998: 1.01, 1.00, 0.01, 0.14, 3.00, 21.70, 10.31, -18.00, 2.00, 2.80, 0.8012100942184509
No.999: 1.00, 1.01, 0.01, 0.14, 3.00, 21.70, 10.31, -18.00, 2.00, 2.80, 0.8012100942184509
No.99: 1.00, 1.03, 0.01, 0.14, 3.00, 21.70, 10.31, -18.00, 2.00, 2.80, 0.8012100942184509
No.9: 1.00, 1.00, 0.01, 0.14, 3.00, 21.70, 10.31, -18.90, 2.00, 2.80, 0.8012100942184509
#| No.|Asub | b0  | b1  | b2  | b3  | t1  | t2  | t3  |Cmin |Cmax | evalulate_value (min value is recommendation) |
#|iter| x0  | x1  | x2  | x3  | x4  | x5  | x6  | x7  | x8  | x9  | evalulate_value (min value is reccomendation) |
