# 1: Bin number
# 2: r
# 3: g(r)
0	0.00888889	0
1	0.0266667	0
2	0.0444444	0
3	0.0622222	0
4	0.08	0
5	0.0977778	0
6	0.115556	0
7	0.133333	0
8	0.151111	0
9	0.168889	0
10	0.186667	0
11	0.204444	0
12	0.222222	0
13	0.24	0
14	0.257778	0
15	0.275556	0
16	0.293333	0
17	0.311111	0
18	0.328889	0
19	0.346667	0
20	0.364444	0
21	0.382222	0
22	0.4	0
23	0.417778	0
24	0.435556	0
25	0.453333	0
26	0.471111	0
27	0.488889	0
28	0.506667	0
29	0.524444	0
30	0.542222	0
31	0.56	0
32	0.577778	0
33	0.595556	0
34	0.613333	0
35	0.631111	0
36	0.648889	0
37	0.666667	0
38	0.684444	0
39	0.702222	0
40	0.72	0
41	0.737778	0
42	0.755556	0
43	0.773333	0
44	0.791111	0
45	0.808889	0
46	0.826667	0
47	0.844444	0
48	0.862222	0
49	0.88	0
50	0.897778	0
51	0.915556	0
52	0.933333	0
53	0.951111	0
54	0.968889	0
55	0.986667	0
56	1.00444	0
57	1.02222	0
58	1.04	0
59	1.05778	0
60	1.07556	0
61	1.09333	0
62	1.11111	0
63	1.12889	0
64	1.14667	0
65	1.16444	0
66	1.18222	0
67	1.2	0
68	1.21778	0
69	1.23556	0
70	1.25333	0
71	1.27111	0
72	1.28889	0
73	1.30667	0
74	1.32444	0
75	1.34222	0
76	1.36	0
77	1.37778	0
78	1.39556	0
79	1.41333	0
80	1.43111	0
81	1.44889	0
82	1.46667	0
83	1.48444	0
84	1.50222	0
85	1.52	0
86	1.53778	0
87	1.55556	0
88	1.57333	0
89	1.59111	0
90	1.60889	0
91	1.62667	0
92	1.64444	0
93	1.66222	0
94	1.68	0
95	1.69778	0
96	1.71556	0
97	1.73333	0
98	1.75111	0
99	1.76889	0
100	1.78667	0
101	1.80444	0
102	1.82222	0
103	1.84	0
104	1.85778	0
105	1.87556	0
106	1.89333	0
107	1.91111	0
108	1.92889	0
109	1.94667	0
110	1.96444	0
111	1.98222	0
112	2	0
113	2.01778	0
114	2.03556	0
115	2.05333	0
116	2.07111	0
117	2.08889	0
118	2.10667	0
119	2.12444	0
120	2.14222	0
121	2.16	0
122	2.17778	0
123	2.19556	0
124	2.21333	0
125	2.23111	0
126	2.24889	0
127	2.26667	0
128	2.28444	0
129	2.30222	0
130	2.32	0
131	2.33778	0
132	2.35556	0
133	2.37333	0.00205239
134	2.39111	0.00606594
135	2.40889	0.0119535
136	2.42667	0.0431896
137	2.44444	0.10254
138	2.46222	0.272683
139	2.48	0.659752
140	2.49778	1.15811
141	2.51556	2.04245
142	2.53333	3.05145
143	2.55111	4.03932
144	2.56889	5.48316
145	2.58667	6.36871
146	2.60444	7.21772
147	2.62222	7.20425
148	2.64	7.3265
149	2.65778	6.32051
150	2.67556	5.29207
151	2.69333	4.23915
152	2.71111	3.11893
153	2.72889	2.10972
154	2.74667	1.36688
155	2.76444	0.918227
156	2.78222	0.519724
157	2.8	0.306708
158	2.81778	0.145601
159	2.83556	0.0934575
160	2.85333	0.0454383
161	2.87111	0.0280483
162	2.88889	0.0124669
163	2.90667	0.00547327
164	2.92444	0.00270346
165	2.94222	0.00133545
166	2.96	0.00131945
167	2.97778	0.00130375
168	2.99556	0.00128832
169	3.01333	0.00381948
170	3.03111	0
171	3.04889	0.00497456
172	3.06667	0.00614631
173	3.08444	0.0145816
174	3.10222	0.0192199
175	3.12	0.0261271
176	3.13778	0.0528379
177	3.15556	0.0487613
178	3.17333	0.0895449
179	3.19111	0.104444
180	3.20889	0.158302
181	3.22667	0.199867
182	3.24444	0.238318
183	3.26222	0.315028
184	3.28	0.380394
185	3.29778	0.444336
186	3.31556	0.534231
187	3.33333	0.606581
188	3.35111	0.783402
189	3.36889	0.841365
190	3.38667	0.949475
191	3.40444	1.16999
192	3.42222	1.20525
193	3.44	1.35792
194	3.45778	1.39911
195	3.47556	1.50734
196	3.49333	1.62182
197	3.51111	1.75547
198	3.52889	1.88729
199	3.54667	1.98973
200	3.56444	2.04182
201	3.58222	2.16034
202	3.6	2.22915
203	3.61778	2.18345
204	3.63556	2.24261
205	3.65333	2.27714
206	3.67111	2.24656
207	3.68889	2.29037
208	3.70667	2.18684
209	3.72444	2.20685
210	3.74222	2.16447
211	3.76	2.16122
212	3.77778	2.10853
213	3.79556	2.10808
214	3.81333	1.99864
215	3.83111	1.90137
216	3.84889	1.87214
217	3.86667	1.74207
218	3.88444	1.70547
219	3.90222	1.52598
220	3.92	1.35118
221	3.93778	1.29502
222	3.95556	1.11864
223	3.97333	0.989289
224	3.99111	0.834619
225	4.00889	0.705666
226	4.02667	0.651678
227	4.04444	0.54207
228	4.06222	0.430149
229	4.08	0.359044
230	4.09778	0.287778
231	4.11556	0.239568
232	4.13333	0.177288
233	4.15111	0.161684
234	4.16889	0.128379
235	4.18667	0.123334
236	4.20444	0.0987501
237	4.22222	0.123859
238	4.24	0.148545
239	4.25778	0.188757
240	4.27556	0.242842
241	4.29333	0.339302
242	4.31111	0.419237
243	4.32889	0.492915
244	4.34667	0.655934
245	4.36444	0.778051
246	4.38222	0.910811
247	4.4	1.05992
248	4.41778	1.21015
249	4.43556	1.35089
250	4.45333	1.53716
251	4.47111	1.66664
252	4.48889	1.70624
253	4.50667	1.80779
254	4.52444	1.8354
255	4.54222	1.82218
256	4.56	1.81356
257	4.57778	1.714
258	4.59556	1.54147
259	4.61333	1.44922
260	4.63111	1.24353
261	4.64889	1.11422
262	4.66667	0.925256
263	4.68444	0.748611
264	4.70222	0.604407
265	4.72	0.459238
266	4.73778	0.371333
267	4.75556	0.268371
268	4.77333	0.189761
269	4.79111	0.147058
270	4.80889	0.113479
271	4.82667	0.0694723
272	4.84444	0.0522151
273	4.86222	0.032274
274	4.88	0.0208741
275	4.89778	0.0144578
276	4.91556	0.0138749
277	4.93333	0.0128251
278	4.95111	0.0179208
279	4.96889	0.0252844
280	4.98667	0.04556
281	5.00444	0.0770873
282	5.02222	0.113668
283	5.04	0.193877
284	5.05778	0.272054
285	5.07556	0.364839
286	5.09333	0.492421
287	5.11111	0.658935
288	5.12889	0.803795
289	5.14667	0.907362
290	5.16444	1.0745
291	5.18222	1.19758
292	5.2	1.26422
293	5.21778	1.34649
294	5.23556	1.33357
295	5.25333	1.28644
296	5.27111	1.21328
297	5.28889	1.0671
298	5.30667	0.949944
299	5.32444	0.782944
300	5.34222	0.68417
301	5.36	0.595137
302	5.37778	0.502867
303	5.39556	0.42808
304	5.41333	0.356235
305	5.43111	0.343325
306	5.44889	0.361725
307	5.46667	0.355121
308	5.48444	0.425462
309	5.50222	0.45632
310	5.52	0.488291
311	5.53778	0.605037
312	5.55556	0.667843
313	5.57333	0.772265
314	5.59111	0.896057
315	5.60889	0.986663
316	5.62667	1.08816
317	5.64444	1.18582
318	5.66222	1.34714
319	5.68	1.46592
320	5.69778	1.62522
321	5.71556	1.70891
322	5.73333	1.84639
323	5.75111	1.9423
324	5.76889	2.03768
325	5.78667	2.1581
326	5.80444	2.17269
327	5.82222	2.184
328	5.84	2.20428
329	5.85778	2.13263
330	5.87556	2.11272
331	5.89333	2.0677
332	5.91111	1.95768
333	5.92889	1.90353
334	5.94667	1.75388
335	5.96444	1.67943
336	5.98222	1.60421
337	6	1.47236
338	6.01778	1.34907
339	6.03556	1.2453
340	6.05333	1.18657
341	6.07111	1.14873
342	6.08889	1.10493
343	6.10667	1.09525
344	6.12444	1.10554
345	6.14222	1.10222
346	6.16	1.16198
347	6.17778	1.24829
348	6.19556	1.21464
349	6.21333	1.32538
350	6.23111	1.43752
351	6.24889	1.52853
352	6.26667	1.61643
353	6.28444	1.74165
354	6.30222	1.79908
355	6.32	1.8457
356	6.33778	2.02359
357	6.35556	2.08812
358	6.37333	2.10495
359	6.39111	2.17052
360	6.40889	2.18777
361	6.42667	2.16701
362	6.44444	2.10106
363	6.46222	2.06322
364	6.48	1.97703
365	6.49778	1.82713
366	6.51556	1.72459
367	6.53333	1.53267
368	6.55111	1.39022
369	6.56889	1.23535
370	6.58667	1.09412
371	6.60444	0.914376
372	6.62222	0.758685
373	6.64	0.623263
374	6.65778	0.513008
375	6.67556	0.414294
376	6.69333	0.329264
377	6.71111	0.259759
378	6.72889	0.208344
379	6.74667	0.15188
380	6.76444	0.11167
381	6.78222	0.0839423
382	6.8	0.0552526
383	6.81778	0.040291
384	6.83556	0.0311746
385	6.85333	0.0246136
386	6.87111	0.0178751
387	6.88889	0.00876966
388	6.90667	0.00533168
389	6.92444	0.0077154
390	6.94222	0.00455759
391	6.96	0.00811407
392	6.97778	0.00831021
393	6.99556	0.0111028
394	7.01333	0.0164523
395	7.03111	0.0226831
396	7.04889	0.0304795
397	7.06667	0.0412068
398	7.08444	0.0608094
399	7.10222	0.0831949
400	7.12	0.106725
401	7.13778	0.144995
402	7.15556	0.192367
403	7.17333	0.233652
404	7.19111	0.301577
405	7.20889	0.370832
406	7.22667	0.452242
407	7.24444	0.49364
408	7.26222	0.565534
409	7.28	0.675767
410	7.29778	0.744546
411	7.31556	0.836626
412	7.33333	0.897065
413	7.35111	0.97809
414	7.36889	1.01553
415	7.38667	1.0437
416	7.40444	1.05873
417	7.42222	1.04674
418	7.44	1.0549
419	7.45778	1.03719
420	7.47556	0.982619
421	7.49333	0.987433
422	7.51111	0.928257
423	7.52889	0.907563
424	7.54667	0.884008
425	7.56444	0.860867
426	7.58222	0.891623
427	7.6	0.894061
428	7.61778	0.931728
429	7.63556	0.984502
430	7.65333	1.03441
431	7.67111	1.0695
432	7.68889	1.16351
433	7.70667	1.24418
434	7.72444	1.28612
435	7.74222	1.38437
436	7.76	1.43764
437	7.77778	1.53867
438	7.79556	1.58597
439	7.81333	1.59429
440	7.83111	1.65624
441	7.84889	1.66038
442	7.86667	1.73302
443	7.88444	1.66106
444	7.90222	1.64804
445	7.92	1.62388
446	7.93778	1.62285
447	7.95556	1.52135
448	7.97333	1.50758
449	7.99111	1.46702
