# Time-averaged data for fix f4
# TimeStep c_Crmsd[1] c_Crmsd[2] c_Crmsd[3] c_Crmsd[4]
41000 0 0 0 0
41005 3.1219e-05 3.26578e-05 3.84761e-05 0.000102353
41010 0.000122718 0.000128705 0.000151143 0.000402566
41015 0.000269228 0.00028439 0.000330935 0.000884554
41020 0.000463301 0.000495188 0.000567498 0.00152599
41025 0.000696143 0.000756298 0.000848109 0.00230055
41030 0.000958507 0.0010631 0.00115871 0.00318032
41035 0.00124149 0.00141143 0.00148499 0.00413792
41040 0.00153715 0.0017977 0.00181343 0.00514827
41045 0.00183886 0.00221867 0.00213221 0.00618973
41050 0.00214149 0.00267112 0.00243195 0.00724456
41055 0.00244129 0.00315139 0.00270607 0.00829875
41060 0.00273568 0.00365476 0.00295088 0.00934132
41065 0.0030228 0.00417502 0.00316532 0.0103631
41070 0.00330099 0.00470399 0.0033505 0.0113555
41075 0.0035682 0.00523129 0.0035092 0.0123087
41080 0.0038215 0.00574434 0.00364528 0.0132111
41085 0.0040568 0.00622876 0.00376318 0.0140487
41090 0.00426896 0.0066691 0.0038675 0.0148056
41095 0.00445222 0.00704996 0.00396262 0.0154648
41100 0.0046009 0.00735742 0.00405257 0.0160109
41105 0.00471036 0.00758049 0.00414094 0.0164318
41110 0.00477786 0.00771266 0.00423095 0.0167215
41115 0.00480331 0.00775295 0.00432546 0.0168817
41120 0.00478977 0.00770659 0.00442694 0.0169233
41125 0.00474346 0.00758508 0.0045374 0.0168659
41130 0.00467347 0.00740562 0.00465813 0.0167372
41135 0.00459087 0.00718986 0.00478942 0.0165702
41140 0.00450762 0.00696215 0.00493035 0.0164001
41145 0.00443508 0.00674756 0.00507862 0.0162613
41150 0.00438275 0.00656984 0.00523082 0.0161834
41155 0.00435703 0.00644946 0.00538307 0.0161895
41160 0.00436049 0.0064017 0.00553168 0.0162939
41165 0.00439173 0.00643538 0.00567394 0.0165011
41170 0.00444569 0.00655211 0.00580849 0.0168063
41175 0.00451444 0.00674633 0.00593556 0.0171963
41180 0.00458837 0.00700619 0.00605673 0.0176513
41185 0.00465731 0.00731504 0.00617447 0.0181468
41190 0.00471173 0.00765346 0.00629159 0.0186568
41195 0.00474367 0.0080015 0.00641061 0.0191558
41200 0.00474756 0.00834073 0.00653322 0.0196215
41205 0.00472063 0.00865602 0.00665982 0.0200365
41210 0.00466309 0.00893649 0.00678921 0.0203888
41215 0.00457792 0.00917586 0.00691856 0.0206723
41220 0.00447029 0.0093719 0.00704346 0.0208857
41225 0.00434681 0.0095252 0.00715828 0.0210303
41230 0.00421452 0.00963754 0.00725671 0.0211088
41235 0.00408008 0.00971014 0.00733259 0.0211228
41240 0.00394906 0.00974242 0.00738082 0.0210723
41245 0.00382558 0.00973133 0.00739834 0.0209553
41250 0.00371231 0.00967166 0.00738493 0.0207689
41255 0.00361068 0.00955722 0.00734355 0.0205114
41260 0.00352144 0.00938267 0.00728021 0.0201843
41265 0.00344521 0.0091455 0.00720323 0.0197939
41270 0.00338299 0.0088477 0.00712208 0.0193528
41275 0.00333655 0.00849642 0.00704587 0.0188788
41280 0.0033085 0.00810372 0.00698186 0.0183941
41285 0.00330212 0.00768514 0.00693412 0.0179214
41290 0.00332102 0.00725793 0.00690268 0.0174816
41295 0.00336852 0.00683899 0.00688335 0.0170909
41300 0.00344708 0.0064432 0.0068682 0.0167585
41305 0.00355764 0.00608222 0.00684669 0.0164865
41310 0.00369904 0.00576376 0.0068073 0.0162701
41315 0.00386761 0.00549143 0.00673907 0.0160981
41320 0.00405719 0.00526497 0.00663318 0.0159553
41325 0.00425934 0.00508091 0.00648446 0.0158247
41330 0.00446394 0.00493338 0.00629222 0.0156895
41335 0.00465995 0.00481508 0.00606041 0.0155354
41340 0.00483621 0.00471838 0.00579736 0.015352
41345 0.00498246 0.00463627 0.00551495 0.0151337
41350 0.00509022 0.00456314 0.00522737 0.0148807
41355 0.00515369 0.00449523 0.00494967 0.0145986
41360 0.0051705 0.00443073 0.00469611 0.0142973
41365 0.00514207 0.00436963 0.00447869 0.0139904
41370 0.00507352 0.00431333 0.00430588 0.0136927
41375 0.00497316 0.00426404 0.00418195 0.0134192
41380 0.0048514 0.0042243 0.00410674 0.0131824
41385 0.00471944 0.00419656 0.00407626 0.0129923
41390 0.00458782 0.00418277 0.00408349 0.0128541
41395 0.00446501 0.00418413 0.00411948 0.0127686
41400 0.00435651 0.00420081 0.00417452 0.0127318
41405 0.00426442 0.00423179 0.00423921 0.0127354
41410 0.00418778 0.00427473 0.00430545 0.012768
41415 0.00412339 0.00432597 0.00436714 0.0128165
41420 0.00406717 0.00438081 0.00442061 0.0128686
41425 0.00401538 0.00443379 0.00446471 0.0129139
41430 0.00396566 0.0044792 0.00450032 0.0129452
41435 0.00391754 0.00451172 0.0045295 0.0129588
41440 0.0038724 0.00452699 0.00455434 0.0129537
41445 0.00383301 0.00452239 0.00457599 0.0129314
41450 0.00380287 0.00449764 0.00459406 0.0128946
41455 0.00378541 0.00445524 0.00460663 0.0128473
41460 0.00378328 0.00440049 0.00461059 0.0127944
41465 0.00379781 0.00434116 0.0046024 0.0127414
41470 0.00382872 0.00428658 0.00457894 0.0126942
41475 0.00387412 0.00424663 0.00453817 0.0126589
41480 0.00393066 0.0042304 0.00447956 0.0126406
41485 0.00399406 0.00424516 0.00440412 0.0126433
41490 0.00405973 0.00429544 0.00431426 0.0126694
41495 0.00412344 0.00438259 0.00421354 0.0127196
41500 0.00418194 0.00450455 0.00410632 0.0127928
41505 0.00423327 0.00465599 0.00399766 0.0128869
41510 0.0042768 0.00482887 0.00389306 0.0129987
41515 0.00431296 0.00501331 0.00379837 0.0131246
41520 0.00434287 0.00519876 0.00371934 0.013261
41525 0.00436793 0.00537519 0.00366128 0.0134044
41530 0.00438953 0.00553403 0.00362851 0.0135521
41535 0.00440889 0.00566887 0.00362396 0.0137017
41540 0.00442719 0.00577576 0.00364882 0.0138518
41545 0.00444556 0.0058531 0.00370243 0.0140011
41550 0.00446516 0.0059014 0.00378246 0.014149
41555 0.004487 0.00592283 0.00388519 0.014295
41560 0.00451183 0.00592063 0.00400587 0.0144383
41565 0.00453991 0.00589857 0.00413906 0.0145775
41570 0.00457089 0.0058604 0.00427901 0.0147103
41575 0.00460391 0.00580945 0.00442016 0.0148335
41580 0.00463787 0.00574837 0.0045575 0.0149437
41585 0.00467168 0.00567913 0.00468694 0.0150378
41590 0.00470464 0.00560324 0.00480542 0.0151133
41595 0.00473658 0.00552206 0.00491089 0.0151695
41600 0.00476791 0.00543727 0.00500233 0.0152075
41605 0.00479951 0.00535114 0.00507972 0.0152304
41610 0.00483249 0.00526643 0.00514401 0.0152429
41615 0.00486791 0.00518608 0.00519681 0.0152508
41620 0.00490651 0.00511269 0.00523996 0.0152592
41625 0.0049484 0.00504798 0.00527481 0.0152712
41630 0.00499286 0.00499258 0.00530164 0.0152871
41635 0.00503822 0.00494624 0.00531928 0.0153037
41640 0.00508189 0.00490837 0.00532517 0.0153154
41645 0.00512045 0.00487876 0.00531609 0.0153153
41650 0.00514993 0.00485824 0.0052893 0.0152975
41655 0.00516599 0.00484904 0.00524371 0.0152587
41660 0.00516412 0.00485453 0.00518079 0.0151994
41665 0.00514 0.00487856 0.00510483 0.0151234
41670 0.00508983 0.00492449 0.00502256 0.0150369
41675 0.00501088 0.00499417 0.00494206 0.0149471
41680 0.00490199 0.00508732 0.0048714 0.0148607
41685 0.00476414 0.00520123 0.00481709 0.0147825
41690 0.00460072 0.00533117 0.00478281 0.0147147
41695 0.00441765 0.00547113 0.00476854 0.0146573
41700 0.00422332 0.00561476 0.0047704 0.0146085
41705 0.00402813 0.00575637 0.00478101 0.0145655
41710 0.00384391 0.00589152 0.00479045 0.0145259
41715 0.00368287 0.00601732 0.00478764 0.0144878
41720 0.00355642 0.0061323 0.00476198 0.0144507
41725 0.0034739 0.00623601 0.00470518 0.0144151
41730 0.00344147 0.00632868 0.00461297 0.0143831
41735 0.00346131 0.00641073 0.00448625 0.0143583
41740 0.00353134 0.00648256 0.00433157 0.0143455
41745 0.00364532 0.00654444 0.00416078 0.0143505
41750 0.00379355 0.0065964 0.00398966 0.0143796
41755 0.00396366 0.00663832 0.00383586 0.0144378
41760 0.00414177 0.00666984 0.00371635 0.014528
41765 0.00431367 0.00669042 0.00364474 0.0146488
41770 0.00446605 0.00669949 0.0036289 0.0147944
41775 0.00458774 0.00669663 0.00366949 0.0149539
41780 0.00467079 0.00668195 0.00375961 0.0151124
41785 0.00471138 0.00665651 0.00388566 0.0152536
41790 0.0047102 0.00662272 0.00402932 0.0153622
41795 0.00467231 0.00658447 0.00417028 0.0154271
41800 0.00460637 0.00654694 0.00428924 0.0154425
41805 0.00452343 0.00651599 0.00437074 0.0154102
41810 0.00443537 0.00649716 0.00440518 0.0153377
41815 0.00435325 0.00649445 0.00438984 0.0152375
41820 0.00428591 0.00650919 0.00432866 0.0151238
41825 0.00423893 0.00653922 0.00423094 0.0150091
41830 0.00421418 0.00657883 0.0041094 0.0149024
41835 0.00420995 0.00661919 0.0039779 0.014807
41840 0.00422174 0.00664964 0.00384937 0.0147208
41845 0.00424343 0.00665954 0.00373427 0.0146372
41850 0.00426862 0.00664009 0.00363976 0.0145485
41855 0.00429194 0.00658576 0.00356932 0.014447
41860 0.00430993 0.00649522 0.00352302 0.0143282
41865 0.00432143 0.00637148 0.00349802 0.0141909
41870 0.00432747 0.0062212 0.00348933 0.014038
41875 0.00433076 0.00605354 0.0034908 0.0138751
41880 0.00433497 0.00587857 0.00349607 0.0137096
41885 0.004344 0.00570586 0.00349966 0.0135495
41890 0.00436142 0.00554331 0.00349776 0.0134025
41895 0.00438994 0.00539645 0.00348878 0.0132752
41900 0.00443101 0.00526824 0.00347354 0.0131728
41905 0.0044845 0.00515921 0.00345496 0.0130987
41910 0.00454844 0.00506784 0.00343749 0.0130538
41915 0.00461891 0.00499112 0.00342619 0.0130362
41920 0.00469015 0.00492515 0.00342586 0.0130412
41925 0.00475498 0.00486561 0.00344035 0.0130609
41930 0.00480554 0.0048083 0.0034719 0.0130857
41935 0.00483427 0.00474959 0.00352095 0.0131048
41940 0.00483499 0.0046867 0.00358614 0.0131078
41945 0.00480394 0.00461791 0.00366452 0.0130864
41950 0.00474034 0.00454278 0.00375197 0.0130351
41955 0.00464663 0.00446223 0.0038437 0.0129526
41960 0.00452804 0.00437859 0.00393471 0.0128413
41965 0.0043919 0.00429544 0.0040203 0.0127076
41970 0.0042465 0.00421718 0.00409656 0.0125602
41975 0.0041 0.00414862 0.0041608 0.0124094
41980 0.00395944 0.00409438 0.00421193 0.0122657
41985 0.00383011 0.00405852 0.0042507 0.0121393
41990 0.00371545 0.00404429 0.00427972 0.0120395
41995 0.00361724 0.00405396 0.00430319 0.0119744
42000 0.00353622 0.00408881 0.00432635 0.0119514
42005 0.00347276 0.00414895 0.00435472 0.0119764
42010 0.00342742 0.00423311 0.0043931 0.0120536
42015 0.00340137 0.00433845 0.00444482 0.0121846
42020 0.00339649 0.0044603 0.00451119 0.012368
42025 0.00341507 0.00459226 0.00459116 0.0125985
42030 0.00345937 0.00472645 0.00468142 0.0128672
42035 0.00353093 0.00485414 0.00477674 0.0131618
42040 0.00362983 0.00496668 0.00487072 0.0134672
42045 0.00375423 0.00505658 0.00495664 0.0137675
42050 0.00390007 0.00511855 0.00502841 0.014047
42055 0.00406122 0.00515047 0.00508149 0.0142932
42060 0.00423001 0.00515391 0.00511364 0.0144976
42065 0.00439795 0.00513411 0.00512524 0.0146573
42070 0.00455654 0.00509931 0.0051194 0.0147752
42075 0.00469811 0.0050595 0.00510166 0.0148593
42080 0.0048165 0.00502484 0.00507935 0.0149207
42085 0.00490743 0.00500402 0.00506071 0.0149722
42090 0.00496882 0.00500281 0.00505377 0.0150254
42095 0.00500067 0.00502311 0.0050653 0.0150891
42100 0.00500486 0.00506268 0.00509974 0.0151673
42105 0.00498474 0.00511552 0.00515857 0.0152588
42110 0.00494471 0.00517283 0.00524 0.0153575
42115 0.0048897 0.00522439 0.00533926 0.0154533
42120 0.00482473 0.00526013 0.0054494 0.0155343
42125 0.00475455 0.0052717 0.00556247 0.0155887
42130 0.00468342 0.00525379 0.00567084 0.015608
42135 0.00461505 0.0052051 0.00576843 0.0155886
42140 0.00455277 0.00512862 0.00585163 0.015533
42145 0.00449979 0.00503132 0.00591964 0.0154508
42150 0.00445951 0.00492314 0.00597447 0.0153571
42155 0.00443569 0.00481539 0.00602034 0.0152714
42160 0.00443241 0.00471904 0.00606295 0.0152144
42165 0.00445379 0.00464296 0.00610857 0.0152053
42170 0.00450355 0.00459277 0.00616312 0.0152594
42175 0.0045845 0.00457017 0.00623135 0.015386
42180 0.00469806 0.00457308 0.00631614 0.0155873
42185 0.00484389 0.0045964 0.00641796 0.0158583
42190 0.00501979 0.00463335 0.00653472 0.0161879
42195 0.00522174 0.00467696 0.00666203 0.0165607
42200 0.00544424 0.00472168 0.00679364 0.0169596
42205 0.00568069 0.00476463 0.00692232 0.0173676
42210 0.00592381 0.00480625 0.00704061 0.0177707
42215 0.00616588 0.00485037 0.0071415 0.0181578
42220 0.00639896 0.00490346 0.00721889 0.0185213
42225 0.00661479 0.00497339 0.00726782 0.018856
42230 0.00680495 0.00506794 0.00728451 0.0191574
42235 0.00696089 0.00519315 0.00726653 0.0194206
42240 0.00707437 0.00535205 0.0072129 0.0196393
42245 0.00713788 0.00554368 0.00712443 0.019806
42250 0.00714537 0.00576261 0.00700382 0.0199118
42255 0.00709304 0.00599906 0.00685565 0.0199478
42260 0.00698008 0.0062395 0.00668609 0.0199057
42265 0.00680928 0.00646788 0.00650237 0.0197795
42270 0.00658721 0.00666724 0.00631229 0.0195667
42275 0.00632414 0.00682154 0.0061236 0.0192693
42280 0.00603339 0.00691755 0.00594358 0.0188945
42285 0.00573038 0.00694655 0.00577859 0.0184555
42290 0.00543133 0.00690538 0.00563355 0.0179703
42295 0.00515178 0.00679699 0.00551154 0.0174603
42300 0.00490507 0.00663011 0.00541328 0.0169485
42305 0.00470109 0.00641832 0.00533693 0.0164563
42310 0.00454549 0.00617855 0.00527817 0.0160022
42315 0.0044394 0.00592927 0.00523069 0.0155994
42320 0.00437984 0.00568839 0.00518724 0.0152555
42325 0.00436047 0.00547131 0.00514096 0.0149727
42330 0.00437271 0.00528924 0.00508669 0.0147486
42335 0.00440694 0.00514814 0.00502204 0.0145771
42340 0.00445359 0.00504844 0.00494778 0.0144498
42345 0.00450393 0.00498555 0.00486745 0.0143569
42350 0.00455068 0.00495111 0.00478651 0.0142883
42355 0.00458827 0.0049348 0.00471102 0.0142341
42360 0.0046129 0.00492622 0.00464655 0.0141857
42365 0.00462248 0.00491666 0.00459717 0.0141363
42370 0.0046164 0.00490048 0.00456505 0.0140819
42375 0.00459525 0.00487578 0.00455024 0.0140213
42380 0.00456047 0.00484445 0.00455093 0.0139559
42385 0.00451395 0.00481151 0.00456377 0.0138892
42390 0.00445789 0.00478388 0.00458459 0.0138264
42395 0.00439473 0.00476895 0.00460896 0.0137726
42400 0.00432715 0.00477304 0.0046326 0.0137328
42405 0.00425813 0.00480015 0.00465176 0.01371
42410 0.00419085 0.00485114 0.00466357 0.0137056
42415 0.00412862 0.00492352 0.00466616 0.0137183
42420 0.0040745 0.00501172 0.00465876 0.013745
42425 0.00403093 0.00510786 0.00464168 0.0137805
42430 0.00399936 0.00520277 0.00461616 0.0138183
42435 0.00398002 0.00528714 0.00458415 0.0138513
42440 0.00397197 0.00535273 0.00454817 0.0138729
42445 0.00397337 0.0053934 0.00451106 0.0138778
42450 0.00398185 0.00540583 0.00447586 0.0138635
42455 0.00399485 0.00538993 0.00444566 0.0138304
42460 0.00400983 0.00534864 0.00442342 0.0137819
42465 0.0040244 0.00528745 0.00441177 0.0137236
42470 0.00403633 0.00521354 0.00441281 0.0136627
42475 0.00404353 0.00513471 0.00442788 0.0136061
42480 0.00404411 0.00505843 0.00445733 0.0135599
42485 0.00403645 0.00499101 0.00450041 0.0135279
42490 0.00401924 0.00493716 0.00455504 0.0135114
42495 0.00399147 0.0048998 0.00461789 0.0135092
42500 0.0039526 0.00488019 0.00468452 0.0135173
42505 0.00390261 0.00487811 0.00474975 0.0135305
42510 0.00384228 0.00489212 0.00480824 0.0135426
42515 0.00377345 0.00491968 0.00485529 0.0135484
42520 0.00369934 0.00495729 0.00488755 0.0135442
42525 0.00362454 0.00500067 0.00490355 0.0135288
42530 0.00355484 0.00504498 0.00490388 0.0135037
42535 0.00349677 0.00508539 0.00489096 0.0134731
42540 0.00345686 0.00511767 0.00486856 0.0134431
42545 0.00344083 0.00513913 0.00484115 0.0134211
42550 0.00345288 0.00514939 0.00481327 0.0134155
42555 0.00349511 0.00515101 0.00478933 0.0134355
42560 0.00356725 0.00514959 0.00477334 0.0134902
42565 0.00366666 0.00515317 0.00476872 0.0135885
42570 0.0037885 0.00517106 0.00477806 0.0137376
42575 0.00392618 0.00521228 0.00480288 0.0139413
42580 0.00407192 0.00528386 0.00484351 0.0141993
42585 0.00421745 0.00538943 0.00489924 0.0145061
42590 0.00435484 0.00552828 0.00496874 0.0148519
42595 0.0044773 0.00569499 0.00505054 0.0152228
42600 0.00457993 0.00587992 0.00514349 0.0156033
42605 0.00466024 0.00607048 0.00524717 0.0159779
42610 0.00471834 0.00625298 0.00536203 0.0163334
42615 0.00475685 0.00641473 0.00548949 0.0166611
42620 0.00478032 0.00654587 0.00563163 0.0169578
42625 0.00479454 0.00664069 0.00579068 0.0172259
42630 0.00480556 0.00669802 0.00596823 0.0174718
42635 0.00481878 0.0067207 0.00616411 0.0177036
42640 0.00483822 0.00671448 0.00637551 0.0179282
42645 0.00486601 0.0066866 0.00659619 0.0181488
42650 0.00490235 0.00664452 0.00681649 0.0183634
42655 0.00494577 0.00659495 0.00702392 0.0185646
42660 0.00499359 0.00654335 0.00720445 0.0187414
42665 0.00504259 0.00649372 0.00734419 0.0188805
42670 0.00508947 0.00644858 0.00743116 0.0189692
42675 0.0051312 0.00640902 0.00745669 0.0189969
42680 0.00516511 0.00637478 0.00741639 0.0189563
42685 0.00518887 0.00634425 0.00731046 0.0188436
42690 0.00520045 0.00631453 0.00714347 0.0186584
42695 0.00519808 0.0062817 0.00692359 0.0184034
42700 0.00518042 0.00624125 0.0066616 0.0180833
42705 0.00514672 0.00618856 0.00636969 0.017705
42710 0.00509715 0.00611964 0.0060603 0.0172771
42715 0.00503304 0.00603168 0.00574526 0.01681
42720 0.00495706 0.00592355 0.00543499 0.0163156
42725 0.0048733 0.00579593 0.00513816 0.0158074
42730 0.004787 0.00565134 0.00486145 0.0152998
42735 0.00470409 0.00549373 0.00460963 0.0148075
42740 0.00463054 0.00532808 0.00438575 0.0143444
42745 0.00457145 0.00515983 0.00419126 0.0139225
42750 0.00453038 0.00499433 0.00402646 0.0135512
42755 0.00450878 0.00483641 0.00389091 0.0132361
42760 0.00450581 0.00469003 0.00378367 0.0129795
42765 0.0045186 0.00455808 0.00370358 0.0127803
42770 0.00454281 0.00444232 0.00364922 0.0126343
42775 0.0045735 0.00434332 0.00361878 0.0125356
42780 0.004606 0.0042604 0.00360979 0.0124762
42785 0.00463657 0.00419181 0.00361881 0.0124472
42790 0.00466265 0.00413505 0.00364124 0.0124389
42795 0.00468292 0.00408739 0.00367149 0.0124418
42800 0.00469697 0.00404653 0.00370351 0.012447
42805 0.00470485 0.00401108 0.00373161 0.0124475
42810 0.00470651 0.00398088 0.00375138 0.0124388
42815 0.00470127 0.00395696 0.00376047 0.0124187
42820 0.00468748 0.00394135 0.00375895 0.0123878
42825 0.00466242 0.00393666 0.00374921 0.0123483
42830 0.00462249 0.00394565 0.00373534 0.0123035
42835 0.00456368 0.00397065 0.0037222 0.0122565
42840 0.00448234 0.00401308 0.00371426 0.0122097
42845 0.00437598 0.00407296 0.00371455 0.0121635
42850 0.00424414 0.0041486 0.00372378 0.0121165
42855 0.00408914 0.00423657 0.00374 0.0120657
42860 0.00391641 0.0043321 0.003759 0.0120075
42865 0.00373449 0.00442969 0.00377522 0.0119394
42870 0.00355444 0.00452391 0.00378301 0.0118614
42875 0.00338879 0.00461018 0.00377812 0.0117771
42880 0.00325026 0.00468546 0.00375912 0.0116948
42885 0.00315031 0.0047487 0.00372837 0.0116274
42890 0.00309796 0.00480111 0.0036923 0.0115914
42895 0.00309889 0.00484607 0.00366087 0.0116058
42900 0.00315502 0.00488875 0.00364623 0.01169
42905 0.00326443 0.00493541 0.00366089 0.0118607
42910 0.00342173 0.00499243 0.00371549 0.0121297
42915 0.00361851 0.0050652 0.00381676 0.0125005
42920 0.00384413 0.00515705 0.00396588 0.0129671
42925 0.00408647 0.00526846 0.0041579 0.0135128
42930 0.00433288 0.00539673 0.00438228 0.0141119
42935 0.0045711 0.00553618 0.00462464 0.0147319
42940 0.0047902 0.00567898 0.00486935 0.0153385
42945 0.00498131 0.00581628 0.00510222 0.0158998
42950 0.00513838 0.00593939 0.0053127 0.0163905
42955 0.00525855 0.0060409 0.00549514 0.0167946
42960 0.00534227 0.00611538 0.00564901 0.0171067
42965 0.00539323 0.00615994 0.00577826 0.0173314
42970 0.00541774 0.00617436 0.00589005 0.0174821
42975 0.00542393 0.00616105 0.00599291 0.0175779
42980 0.00542055 0.00612451 0.0060948 0.0176399
42985 0.0054157 0.0060707 0.00620131 0.0176877
42990 0.00541565 0.0060063 0.00631435 0.0177363
42995 0.00542412 0.00593799 0.00643162 0.0177937
43000 0.00544212 0.00587199 0.0065471 0.0178612
43005 0.00546827 0.00581388 0.00665219 0.0179343
43010 0.00549965 0.00576855 0.0067375 0.0180057
43015 0.0055327 0.00574037 0.00679485 0.0180679
43020 0.00556427 0.0057332 0.00681917 0.0181166
43025 0.00559243 0.00575034 0.00680983 0.0181526
43030 0.0056169 0.00579428 0.00677141 0.0181826
43035 0.00563919 0.00586632 0.00671369 0.0182192
43040 0.00566224 0.00596609 0.00665077 0.0182791
43045 0.00568976 0.00609111 0.00659939 0.0183803
43050 0.00572527 0.00623641 0.00657662 0.0185383
43055 0.00577112 0.00639452 0.00659721 0.0187628
43060 0.00582775 0.00655569 0.00667106 0.0190545
43065 0.00589328 0.00670866 0.00680123 0.0194032
43070 0.00596372 0.0068417 0.00698287 0.0197883
43075 0.00603363 0.00694401 0.00720338 0.020181
43080 0.00609712 0.00700701 0.00744383 0.020548
43085 0.00614901 0.00702555 0.00768149 0.0208561
43090 0.00618598 0.00699868 0.00789309 0.0210778
43095 0.00620732 0.00692986 0.00805817 0.0211953
43100 0.00621531 0.00682674 0.00816188 0.0212039
43105 0.00621502 0.00670031 0.00819683 0.0211122
43110 0.00621365 0.00656373 0.00816354 0.0209409
43115 0.00621939 0.0064308 0.00806959 0.0207198
43120 0.00624005 0.00631439 0.00792773 0.0204822
43125 0.00628166 0.00622486 0.00775344 0.02026
43130 0.0063473 0.00616883 0.00756238 0.0200785
43135 0.00643632 0.00614848 0.00736821 0.019953
43140 0.0065441 0.00616143 0.0071811 0.0198866
43145 0.00666243 0.00620134 0.00700702 0.0198708
43150 0.00678035 0.00625902 0.00684795 0.0198873
43155 0.00688557 0.00632388 0.00670269 0.0199121
43160 0.00696611 0.00638545 0.00656808 0.0199196
43165 0.00701194 0.00643485 0.00644034 0.0198871
43170 0.00701637 0.00646599 0.00631654 0.0197989
43175 0.00697696 0.00647624 0.00619555 0.0196487
43180 0.00689553 0.00646654 0.00607852 0.0194406
43185 0.00677765 0.00644073 0.0059687 0.0191871
43190 0.00663132 0.00640435 0.00587072 0.0189064
43195 0.00646555 0.00636318 0.0057895 0.0186182
43200 0.00628873 0.00632184 0.00572912 0.0183397
43205 0.0061074 0.00628282 0.00569175 0.018082
43210 0.0059254 0.00624626 0.00567705 0.0178487
43215 0.00574366 0.0062103 0.00568181 0.0176358
43220 0.00556065 0.0061721 0.00570011 0.0174329
43225 0.00537338 0.00612899 0.0057238 0.0172262
43230 0.0051786 0.00607948 0.00574324 0.0170013
43235 0.00497395 0.00602375 0.0057483 0.016746
43240 0.0047589 0.00596359 0.00572945 0.0164519
43245 0.00453516 0.00590178 0.00567885 0.0161158
43250 0.00430685 0.0058412 0.00559134 0.0157394
43255 0.00408019 0.00578411 0.00546525 0.0153296
43260 0.00386303 0.00573158 0.00530276 0.0148974
43265 0.00366408 0.00568331 0.00510982 0.0144572
43270 0.00349192 0.00563769 0.00489558 0.0140252
43275 0.00335395 0.00559208 0.00467134 0.0136174
43280 0.00325541 0.00554324 0.00444912 0.0132478
43285 0.00319853 0.00548774 0.00424012 0.0129264
43290 0.00318196 0.00542248 0.00405305 0.0126575
43295 0.00320065 0.0053452 0.00389281 0.0124387
43300 0.00324634 0.00525483 0.00376104 0.0122622
43305 0.00330836 0.00515171 0.00365648 0.0121166
43310 0.00337478 0.00503775 0.00357566 0.0119882
43315 0.00343372 0.00491626 0.00351375 0.0118637
43320 0.00347462 0.00479163 0.00346559 0.0117318
43325 0.00348953 0.00466893 0.00342662 0.0115851
43330 0.00347394 0.00455334 0.00339369 0.011421
43335 0.00342732 0.00444965 0.00336558 0.0112425
43340 0.00335291 0.00436186 0.0033431 0.0110579
43345 0.00325709 0.00429276 0.00332888 0.0108787
43350 0.00314815 0.00424365 0.0033268 0.0107186
43355 0.00303489 0.00421424 0.00334111 0.0105902
43360 0.00292534 0.00420271 0.00337555 0.0105036
43365 0.00282584 0.00420602 0.00343251 0.0104644
43370 0.00274063 0.00422034 0.00351254 0.0104735
43375 0.00267206 0.00424154 0.00361403 0.0105276
43380 0.00262121 0.00426563 0.00373325 0.0106201
43385 0.00258864 0.00428917 0.00386471 0.0107425
43390 0.00257512 0.00430961 0.00400172 0.0108864
43395 0.00258219 0.00432546 0.00413722 0.0110449
43400 0.00261226 0.00433648 0.0042647 0.0112134
43405 0.00266826 0.00434361 0.00437886 0.0113907
43410 0.00275268 0.00434888 0.00447535 0.0115769
43415 0.00286658 0.0043551 0.00455117 0.0117729
43420 0.00300858 0.00436544 0.00460527 0.0119793
43425 0.00317406 0.00438295 0.00463835 0.0121954
43430 0.00335492 0.00441017 0.00465245 0.0124175
43435 0.00354001 0.00444891 0.00465041 0.0126393
43440 0.00371629 0.00450015 0.00463536 0.0128518
43445 0.0038704 0.00456417 0.00461022 0.0130448
43450 0.00399046 0.00464053 0.00457736 0.0132083
43455 0.00406772 0.00472818 0.00453838 0.0133343
43460 0.00409774 0.00482537 0.00449403 0.0134171
43465 0.00408102 0.00492953 0.00444427 0.0134548
43470 0.00402287 0.0050371 0.00438857 0.0134485
43475 0.00393269 0.00514357 0.00432632 0.0134026
43480 0.00382273 0.00524363 0.00425742 0.0133238
43485 0.0037067 0.00533161 0.00418292 0.0132212
43490 0.00359823 0.00540216 0.0041054 0.0131058
43495 0.00350951 0.00545111 0.00402909 0.0129897
43500 0.00345001 0.00547623 0.00395964 0.0128859
43505 0.0034256 0.0054778 0.00390347 0.0128069
43510 0.00343791 0.0054588 0.00386689 0.0127636
43515 0.00348425 0.00542483 0.00385511 0.0127642
43520 0.00355791 0.0053836 0.00387127 0.0128128
43525 0.00364905 0.00534425 0.00391575 0.0129091
43530 0.00374598 0.00531649 0.00398594 0.0130484
43535 0.00383677 0.00530958 0.00407654 0.0132229
43540 0.00391089 0.00533144 0.00418008 0.0134224
43545 0.00396062 0.00538774 0.00428792 0.0136363
43550 0.00398213 0.00548123 0.00439123 0.0138546
43555 0.00397592 0.00561144 0.00448206 0.0140694
43560 0.00394672 0.00577462 0.00455417 0.0142755
43565 0.00390275 0.0059641 0.00460363 0.0144705
43570 0.00385448 0.00617081 0.00462899 0.0146543
43575 0.00381312 0.00638399 0.00463125 0.0148284
43580 0.00378895 0.00659202 0.00461348 0.0149944
43585 0.00378976 0.0067832 0.00458029 0.0151533
43590 0.0038198 0.00694665 0.00453724 0.0153037
43595 0.00387923 0.00707321 0.0044902 0.0154426
43600 0.00396437 0.00715626 0.0044448 0.0155654
43605 0.00406861 0.00719239 0.00440606 0.0156671
43610 0.00418388 0.00718182 0.00437802 0.0157437
43615 0.00430225 0.00712842 0.0043637 0.0157944
43620 0.00441737 0.00703924 0.00436498 0.0158216
43625 0.0045253 0.00692368 0.00438269 0.0158317
43630 0.00462471 0.00679236 0.00441663 0.0158337
43635 0.0047164 0.00665595 0.00446572 0.0158381
43640 0.0048025 0.0065243 0.00452824 0.015855
43645 0.00488541 0.00640581 0.00460199 0.0158932
43650 0.00496693 0.00630722 0.00468458 0.0159587
43655 0.00504769 0.00623355 0.00477356 0.0160548
43660 0.00512683 0.00618825 0.00486647 0.0161816
43665 0.00520209 0.00617325 0.0049609 0.0163362
43670 0.00527012 0.00618897 0.0050545 0.0165136
43675 0.00532705 0.00623442 0.00514506 0.0167065
43680 0.00536903 0.0063073 0.00523058 0.0169069
43685 0.00539272 0.00640407 0.00530932 0.0171061
43690 0.00539567 0.00652005 0.00537982 0.0172955
43695 0.00537651 0.00664945 0.00544092 0.0174669
43700 0.00533508 0.00678545 0.00549168 0.0176122
43705 0.00527241 0.00692052 0.00553135 0.0177243
43710 0.00519082 0.00704679 0.00555926 0.0177969
43715 0.00509395 0.00715666 0.00557471 0.0178253
43720 0.00498663 0.00724349 0.00557679 0.0178069
43725 0.00487474 0.00730229 0.00556426 0.0177413
43730 0.00476476 0.00733026 0.00553557 0.0176306
43735 0.00466328 0.00732728 0.00548895 0.0174795
43740 0.00457633 0.00729606 0.00542264 0.017295
43745 0.00450883 0.00724193 0.00533511 0.0170859
43750 0.00446416 0.0071723 0.00522538 0.0168618
43755 0.00444395 0.00709568 0.00509323 0.0166329
43760 0.00444815 0.00702049 0.00493949 0.0164081
43765 0.00447517 0.00695377 0.00476629 0.0161952
43770 0.0045222 0.0069 0.00457735 0.0159996
43775 0.00458548 0.00686028 0.00437811 0.0158239
43780 0.00466064 0.00683195 0.00417572 0.0156683
43785 0.00474292 0.00680885 0.00397882 0.0155306
43790 0.00482725 0.00678207 0.00379698 0.0154063
43795 0.0049083 0.00674114 0.0036399 0.0152893
43800 0.00498052 0.0066756 0.00351653 0.0151727
43805 0.0050383 0.00657661 0.00343412 0.015049
43810 0.00507628 0.00643837 0.00339737 0.014912
43815 0.00508984 0.00625906 0.00340788 0.0147568
43820 0.00507575 0.00604116 0.00346377 0.0145807
43825 0.00503274 0.00579118 0.00355967 0.0143836
43830 0.00496189 0.00551877 0.00368704 0.0141677
43835 0.00486678 0.00523536 0.00383482 0.013937
43840 0.00475327 0.00495273 0.00399038 0.0136964
43845 0.00462897 0.00468156 0.00414072 0.0134512
43850 0.0045025 0.00443039 0.00427373 0.0132066
43855 0.00438267 0.00420488 0.00437946 0.012967
43860 0.00427759 0.00400762 0.00445114 0.0127363
43865 0.00419396 0.0038384 0.00448589 0.0125182
43870 0.00413652 0.00369491 0.00448494 0.0123164
43875 0.00410777 0.00357362 0.00445341 0.0121348
43880 0.0041079 0.00347067 0.00439955 0.0119781
43885 0.00413494 0.00338256 0.00433379 0.0118513
43890 0.0041851 0.00330651 0.0042675 0.0117591
43895 0.00425327 0.00324065 0.00421187 0.0117058
43900 0.00433362 0.00318404 0.00417696 0.0116946
43905 0.0044203 0.00313672 0.00417097 0.011728
43910 0.00450807 0.00309978 0.00419978 0.0118076
43915 0.00459278 0.00307544 0.00426653 0.0119347
43920 0.00467146 0.00306682 0.00437141 0.0121097
43925 0.00474224 0.00307756 0.00451134 0.0123311
43930 0.00480376 0.00311107 0.00467996 0.0125948
43935 0.00485456 0.00316973 0.00486781 0.0128921
43940 0.00489245 0.00325421 0.00506302 0.0132097
43945 0.00491421 0.00336316 0.00525234 0.0135297
43950 0.00491583 0.00349325 0.00542262 0.0138317
43955 0.0048932 0.00363971 0.00556238 0.0140953
43960 0.00484303 0.00379687 0.00566322 0.0143031
43965 0.00476394 0.00395898 0.00572094 0.0144439
43970 0.0046572 0.00412097 0.00573593 0.0145141
43975 0.00452721 0.00427909 0.00571305 0.0145194
43980 0.00438132 0.00443142 0.00566085 0.0144736
43985 0.00422926 0.00457792 0.0055903 0.0143975
43990 0.00408229 0.00472026 0.00551335 0.0143159
43995 0.00395206 0.00486121 0.00544148 0.0142547
44000 0.00384956 0.00500387 0.00538444 0.0142379
