# Time-averaged data for fix f7
# TimeStep c_allmsd[1] c_allmsd[2] c_allmsd[3] c_allmsd[4]
41000 0 0 0 0
41005 2.74056e-05 2.89561e-05 2.84475e-05 8.48093e-05
41010 0.000108413 0.000116146 0.000113057 0.000337616
41015 0.000239696 0.000260406 0.000252014 0.000752116
41020 0.000415973 0.000458201 0.000442596 0.00131677
41025 0.000630181 0.0007035 0.00068106 0.00201474
41030 0.000873962 0.000988167 0.000962368 0.0028245
41035 0.00113827 0.00130259 0.00127995 0.00372081
41040 0.00141391 0.00163625 0.00162558 0.00467574
41045 0.00169212 0.00197849 0.00198949 0.00566011
41050 0.0019652 0.00231928 0.00236047 0.00664495
41055 0.00222673 0.00264986 0.0027262 0.00760279
41060 0.00247169 0.00296308 0.00307394 0.00850871
41065 0.00269657 0.00325355 0.0033913 0.00934142
41070 0.0028991 0.00351768 0.00366726 0.010084
41075 0.00307818 0.00375356 0.00389321 0.010725
41080 0.00323355 0.0039603 0.00406414 0.011258
41085 0.00336538 0.00413748 0.00417917 0.011682
41090 0.00347403 0.00428475 0.00424155 0.0120003
41095 0.00355994 0.00440162 0.00425794 0.0122195
41100 0.00362364 0.00448752 0.00423756 0.0123487
41105 0.00366569 0.0045421 0.00419089 0.0123987
41110 0.00368677 0.00456575 0.00412836 0.0123809
41115 0.00368771 0.00455999 0.00405937 0.0123071
41120 0.00366957 0.00452784 0.0039917 0.0121891
41125 0.00363395 0.00447409 0.00393092 0.012039
41130 0.0035832 0.0044054 0.00388035 0.011869
41135 0.00352044 0.00432974 0.00384134 0.0116915
41140 0.00344961 0.00425564 0.00381363 0.0115189
41145 0.00337533 0.00419152 0.00379585 0.0113627
41150 0.0033026 0.00414489 0.00378605 0.0112335
41155 0.00323629 0.00412149 0.00378208 0.0111399
41160 0.00318062 0.00412485 0.00378216 0.0110876
41165 0.00313887 0.00415578 0.00378514 0.0110798
41170 0.00311291 0.0042125 0.00379057 0.011116
41175 0.00310274 0.00429087 0.00379862 0.0111922
41180 0.0031063 0.00438483 0.00380978 0.0113009
41185 0.00311963 0.00448699 0.00382453 0.0114312
41190 0.00313731 0.00458949 0.00384297 0.0115698
41195 0.00315324 0.00468496 0.00386467 0.0117029
41200 0.00316147 0.00476752 0.00388857 0.0118176
41205 0.00315718 0.00483353 0.00391305 0.0119038
41210 0.0031374 0.00488184 0.00393618 0.0119554
41215 0.00310158 0.00491355 0.00395585 0.011971
41220 0.00305158 0.00493155 0.00397008 0.0119532
41225 0.00299129 0.00493979 0.00397719 0.0119083
41230 0.00292588 0.00494228 0.00397601 0.0118442
41235 0.00286105 0.00494222 0.00396609 0.0117694
41240 0.00280216 0.00494129 0.0039478 0.0116913
41245 0.00275349 0.00493934 0.00392246 0.0116153
41250 0.00271787 0.00493454 0.00389236 0.0115448
41255 0.00269653 0.00492392 0.00386078 0.0114812
41260 0.00268931 0.00490409 0.00383169 0.0114251
41265 0.00269499 0.00487216 0.00380929 0.0113764
41270 0.00271162 0.00482641 0.00379746 0.0113355
41275 0.00273666 0.00476662 0.0037992 0.0113025
41280 0.00276743 0.00469417 0.00381603 0.0112776
41285 0.00280165 0.00461194 0.00384745 0.011261
41290 0.00283773 0.00452386 0.00389082 0.0112524
41295 0.00287486 0.00443431 0.00394184 0.011251
41300 0.00291297 0.00434761 0.00399497 0.0112556
41305 0.00295247 0.00426749 0.00404409 0.0112641
41310 0.00299397 0.00419666 0.0040832 0.0112738
41315 0.00303789 0.00413642 0.00410703 0.0112813
41320 0.00308411 0.00408646 0.00411159 0.0112822
41325 0.00313175 0.00404488 0.00409462 0.0112713
41330 0.00317906 0.00400839 0.00405572 0.0112432
41335 0.00322341 0.00397277 0.00399625 0.0111924
41340 0.00326161 0.00393361 0.0039191 0.0111143
41345 0.00329028 0.00388717 0.00382836 0.0110058
41350 0.00330646 0.00383097 0.00372887 0.0108663
41355 0.00330813 0.00376429 0.00362576 0.0106982
41360 0.00329462 0.00368825 0.00352391 0.0105068
41365 0.00326677 0.00360562 0.00342736 0.0102997
41370 0.00322685 0.0035203 0.00333902 0.0100862
41375 0.00317815 0.00343672 0.0032605 0.00987537
41380 0.00312444 0.00335918 0.00319224 0.00967585
41385 0.00306938 0.0032913 0.00313378 0.00949445
41390 0.00301597 0.00323565 0.00308412 0.00933574
41395 0.00296634 0.00319365 0.00304204 0.00920203
41400 0.00292185 0.00316553 0.00300655 0.00909392
41405 0.00288317 0.00315056 0.0029771 0.00901083
41410 0.00285056 0.00314717 0.00295364 0.00895137
41415 0.00282407 0.00315312 0.0029366 0.00891379
41420 0.00280384 0.00316565 0.00292662 0.0088961
41425 0.0027902 0.00318184 0.00292422 0.00889626
41430 0.00278361 0.00319926 0.00292947 0.00891234
41435 0.00278456 0.00321598 0.00294195 0.00894249
41440 0.00279326 0.00323065 0.00296075 0.00898467
41445 0.00280956 0.00324251 0.00298462 0.00903668
41450 0.00283259 0.00325148 0.00301194 0.00909601
41455 0.00286092 0.00325795 0.00304099 0.00915987
41460 0.00289275 0.00326246 0.00307018 0.00922538
41465 0.00292604 0.00326535 0.00309804 0.00928943
41470 0.00295877 0.00326662 0.00312317 0.00934856
41475 0.00298916 0.00326584 0.00314424 0.00939924
41480 0.00301591 0.00326232 0.00316 0.00943823
41485 0.00303829 0.00325552 0.00316934 0.00946315
41490 0.00305637 0.00324545 0.00317137 0.0094732
41495 0.00307094 0.00323308 0.00316566 0.00946967
41500 0.00308344 0.00322046 0.00315222 0.00945612
41505 0.0030957 0.00321062 0.00313159 0.00943791
41510 0.00310932 0.00320707 0.0031049 0.00942129
41515 0.00312525 0.0032132 0.00307397 0.00941241
41520 0.00314341 0.00323172 0.00304109 0.00941622
41525 0.00316265 0.0032641 0.00300872 0.00943548
41530 0.003181 0.00331022 0.0029792 0.00947042
41535 0.00319633 0.0033682 0.00295455 0.00951908
41540 0.00320696 0.0034347 0.00293635 0.009578
41545 0.0032122 0.00350533 0.0029255 0.00964303
41550 0.00321275 0.00357541 0.0029225 0.00971066
41555 0.00321071 0.0036405 0.0029275 0.00977872
41560 0.00320917 0.00369674 0.00294028 0.00984619
41565 0.00321154 0.00374118 0.0029602 0.00991293
41570 0.0032208 0.00377204 0.0029861 0.00997894
41575 0.00323866 0.00378853 0.00301644 0.0100436
41580 0.00326511 0.00379088 0.00304925 0.0101052
41585 0.00329825 0.00378026 0.00308244 0.010161
41590 0.00333466 0.00375856 0.00311415 0.0102074
41595 0.00336996 0.00372824 0.00314305 0.0102412
41600 0.00339956 0.00369221 0.00316849 0.0102603
41605 0.00341946 0.00365368 0.00319063 0.0102638
41610 0.00342703 0.00361586 0.00321038 0.0102533
41615 0.00342144 0.00358157 0.00322908 0.0102321
41620 0.0034037 0.00355291 0.00324814 0.0102048
41625 0.00337625 0.00353103 0.00326861 0.0101759
41630 0.0033426 0.00351588 0.00329067 0.0101492
41635 0.00330671 0.00350618 0.00331371 0.0101266
41640 0.00327223 0.00349986 0.00333637 0.0101085
41645 0.00324196 0.00349477 0.00335656 0.0100933
41650 0.00321738 0.00348926 0.00337197 0.0100786
41655 0.00319864 0.00348274 0.00338072 0.0100621
41660 0.00318457 0.00347591 0.00338187 0.0100424
41665 0.00317316 0.00347051 0.00337588 0.0100195
41670 0.00316201 0.00346878 0.00336445 0.00999524
41675 0.00314847 0.00347299 0.00335031 0.00997178
41680 0.0031302 0.00348493 0.00333683 0.00995197
41685 0.00310566 0.00350558 0.00332737 0.00993861
41690 0.00307398 0.0035346 0.00332444 0.00993302
41695 0.00303547 0.00357016 0.00332918 0.00993481
41700 0.00299178 0.00360927 0.00334102 0.00994208
41705 0.0029457 0.00364816 0.00335778 0.00995164
41710 0.00290064 0.00368305 0.00337581 0.0099595
41715 0.00286035 0.00371056 0.00339093 0.00996184
41720 0.00282847 0.00372813 0.00339912 0.00995573
41725 0.00280796 0.00373436 0.00339736 0.00993968
41730 0.00280083 0.00372926 0.00338422 0.00991431
41735 0.00280802 0.00371434 0.00336036 0.00988272
41740 0.00282925 0.00369226 0.00332851 0.00985003
41745 0.00286312 0.0036665 0.00329298 0.0098226
41750 0.00290714 0.00364083 0.00325893 0.00980691
41755 0.00295784 0.00361886 0.00323159 0.00980829
41760 0.00301106 0.00360354 0.00321505 0.00982965
41765 0.00306229 0.00359686 0.00321162 0.00987077
41770 0.00310704 0.00359967 0.00322142 0.00992812
41775 0.00314129 0.00361164 0.00324235 0.00999529
41780 0.00316194 0.00363145 0.0032706 0.010064
41785 0.00316719 0.00365699 0.00330143 0.0101256
41790 0.00315692 0.00368587 0.00332997 0.0101728
41795 0.00313286 0.00371587 0.00335187 0.0102006
41800 0.00309848 0.00374493 0.00336427 0.0102077
41805 0.00305857 0.00377147 0.00336613 0.0101962
41810 0.00301849 0.00379433 0.00335818 0.010171
41815 0.00298334 0.00381266 0.00334255 0.0101386
41820 0.00295711 0.00382563 0.00332211 0.0101049
41825 0.00294215 0.00383215 0.0032997 0.010074
41830 0.00293891 0.00383097 0.00327744 0.0100473
41835 0.00294604 0.0038209 0.00325633 0.0100233
41840 0.00296081 0.00380117 0.00323617 0.00999815
41845 0.00297973 0.00377194 0.00321599 0.00996767
41850 0.00299935 0.00373464 0.00319449 0.00992849
41855 0.00301687 0.00369208 0.0031704 0.00987936
41860 0.00303053 0.00364802 0.00314296 0.00982151
41865 0.00303963 0.00360672 0.00311221 0.00975855
41870 0.00304459 0.00357224 0.00307877 0.0096956
41875 0.00304664 0.00354775 0.00304383 0.00963821
41880 0.00304744 0.00353491 0.00300887 0.00959123
41885 0.00304885 0.00353365 0.00297542 0.00955792
41890 0.00305256 0.00354221 0.00294473 0.0095395
41895 0.00305974 0.00355749 0.00291746 0.00953469
41900 0.00307104 0.00357553 0.00289364 0.00954021
41905 0.00308634 0.00359227 0.0028728 0.00955141
41910 0.00310461 0.00360419 0.00285411 0.00956291
41915 0.00312401 0.00360881 0.00283663 0.00956944
41920 0.00314211 0.00360502 0.00281946 0.0095666
41925 0.00315619 0.00359309 0.00280212 0.0095514
41930 0.00316382 0.00357404 0.00278481 0.00952267
41935 0.00316329 0.00354955 0.00276832 0.00948115
41940 0.00315388 0.00352172 0.00275384 0.00942944
41945 0.0031359 0.0034924 0.00274303 0.00937133
41950 0.00311069 0.00346293 0.00273758 0.00931121
41955 0.0030805 0.00343403 0.00273887 0.0092534
41960 0.00304799 0.00340577 0.00274768 0.00920144
41965 0.00301591 0.00337794 0.00276407 0.00915792
41970 0.00298673 0.00335027 0.00278735 0.00912435
41975 0.00296215 0.00332273 0.00281606 0.00910094
41980 0.00294311 0.00329576 0.00284814 0.00908702
41985 0.00292981 0.0032703 0.00288146 0.00908158
41990 0.00292172 0.00324771 0.00291424 0.00908367
41995 0.00291768 0.00322953 0.00294531 0.00909252
42000 0.00291605 0.00321721 0.00297419 0.00910745
42005 0.00291517 0.00321194 0.0030009 0.00912801
42010 0.00291374 0.00321432 0.00302591 0.00915397
42015 0.00291106 0.00322425 0.00304989 0.0091852
42020 0.00290725 0.00324109 0.00307345 0.00922179
42025 0.00290324 0.00326389 0.0030969 0.00926402
42030 0.00290064 0.0032914 0.00312012 0.00931216
42035 0.00290144 0.00332223 0.00314265 0.00936632
42040 0.00290766 0.00335475 0.00316369 0.00942609
42045 0.002921 0.00338715 0.00318232 0.00949047
42050 0.00294231 0.00341759 0.00319792 0.00955782
42055 0.002971 0.00344426 0.00321032 0.00962558
42060 0.00300513 0.00346554 0.00322001 0.00969068
42065 0.00304164 0.00348 0.00322814 0.00974978
42070 0.00307684 0.00348651 0.00323642 0.00979977
42075 0.00310715 0.00348408 0.00324695 0.00983817
42080 0.00312981 0.00347171 0.00326186 0.00986339
42085 0.00314336 0.00344862 0.00328293 0.00987491
42090 0.00314763 0.00341436 0.00331117 0.00987316
42095 0.00314375 0.003369 0.0033465 0.00985924
42100 0.00313382 0.00331317 0.00338759 0.00983458
42105 0.00312066 0.00324826 0.00343203 0.00980095
42110 0.00310742 0.00317669 0.00347674 0.00976085
42115 0.00309726 0.00310189 0.00351848 0.00971764
42120 0.00309287 0.00302818 0.00355449 0.00967553
42125 0.00309618 0.00296045 0.00358267 0.00963931
42130 0.00310847 0.00290372 0.00360188 0.00961407
42135 0.00313008 0.00286252 0.00361201 0.00960462
42140 0.0031604 0.00284022 0.00361395 0.00961457
42145 0.00319803 0.00283864 0.00360913 0.0096458
42150 0.00324096 0.00285803 0.00359945 0.00969845
42155 0.00328685 0.00289717 0.0035871 0.00977112
42160 0.00333342 0.00295374 0.00357418 0.00986134
42165 0.00337894 0.00302481 0.00356251 0.00996625
42170 0.00342247 0.00310716 0.00355348 0.0100831
42175 0.00346375 0.00319743 0.00354806 0.0102092
42180 0.0035031 0.00329206 0.00354693 0.0103421
42185 0.00354134 0.0033871 0.00355058 0.010479
42190 0.0035794 0.00347816 0.00355913 0.0106167
42195 0.0036179 0.0035606 0.00357233 0.0107508
42200 0.00365725 0.00362967 0.00358963 0.0108765
42205 0.00369767 0.00368113 0.00361016 0.010989
42210 0.00373913 0.00371204 0.0036329 0.0110841
42215 0.00378133 0.00372146 0.00365667 0.0111595
42220 0.00382369 0.00371098 0.00368008 0.0112147
42225 0.00386556 0.00368486 0.00370165 0.0112521
42230 0.0039063 0.00364968 0.00371995 0.0112759
42235 0.0039452 0.00361341 0.0037338 0.0112924
42240 0.00398141 0.00358418 0.00374253 0.0113081
42245 0.00401394 0.00356894 0.00374603 0.0113289
42250 0.00404146 0.00357222 0.00374468 0.0113584
42255 0.00406222 0.0035954 0.00373918 0.0113968
42260 0.00407416 0.00363648 0.00373047 0.0114411
42265 0.00407513 0.00369026 0.00371938 0.0114848
42270 0.00406354 0.00374898 0.00370636 0.0115189
42275 0.00403878 0.00380376 0.00369146 0.011534
42280 0.00400136 0.00384593 0.00367459 0.0115219
42285 0.00395296 0.00386843 0.00365582 0.0114772
42290 0.00389646 0.00386687 0.00363563 0.011399
42295 0.00383565 0.00384002 0.00361499 0.0112907
42300 0.00377473 0.00378987 0.00359529 0.0111599
42305 0.00371751 0.00372114 0.00357805 0.0110167
42310 0.00366687 0.00364054 0.00356445 0.0108719
42315 0.00362433 0.00355571 0.00355508 0.0107351
42320 0.00358982 0.00347436 0.00354989 0.0106141
42325 0.00356172 0.00340324 0.00354818 0.0105131
42330 0.00353717 0.00334752 0.00354878 0.0104335
42335 0.00351266 0.00331037 0.0035503 0.0103733
42340 0.00348468 0.0032929 0.00355136 0.0103289
42345 0.00345035 0.00329442 0.00355081 0.0102956
42350 0.00340805 0.00331287 0.0035477 0.0102686
42355 0.00335762 0.00334539 0.00354133 0.0102443
42360 0.00330044 0.0033889 0.00353131 0.0102207
42365 0.0032392 0.00344048 0.00351763 0.0101973
42370 0.00317738 0.00349749 0.0035007 0.0101756
42375 0.00311859 0.00355774 0.00348113 0.0101575
42380 0.00306594 0.00361941 0.00345945 0.0101448
42385 0.00302143 0.00368093 0.00343601 0.0101384
42390 0.0029857 0.00374084 0.00341089 0.0101374
42395 0.00295798 0.00379787 0.00338377 0.0101396
42400 0.00293643 0.00385107 0.00335397 0.0101415
42405 0.00291852 0.00389992 0.00332089 0.0101393
42410 0.00290181 0.00394445 0.00328426 0.0101305
42415 0.00288461 0.00398518 0.00324448 0.0101143
42420 0.00286616 0.00402311 0.00320274 0.010092
42425 0.0028468 0.00405937 0.00316086 0.010067
42430 0.00282777 0.00409471 0.0031212 0.0100437
42435 0.00281057 0.00412925 0.00308594 0.0100258
42440 0.00279657 0.00416233 0.00305667 0.0100156
42445 0.00278679 0.00419235 0.00303428 0.0100134
42450 0.00278178 0.00421703 0.00301878 0.0100176
42455 0.00278162 0.0042338 0.00300942 0.0100248
42460 0.00278623 0.00423998 0.00300509 0.0100313
42465 0.00279523 0.00423336 0.00300458 0.0100332
42470 0.00280793 0.00421266 0.00300685 0.0100274
42475 0.00282325 0.00417775 0.00301125 0.0100123
42480 0.00283991 0.00412971 0.00301751 0.00998713
42485 0.00285638 0.00407068 0.00302556 0.00995262
42490 0.00287072 0.00400365 0.00303535 0.00990973
42495 0.00288073 0.00393212 0.0030466 0.00985945
42500 0.00288397 0.00385963 0.00305861 0.00980222
42505 0.00287819 0.00378938 0.0030702 0.00973777
42510 0.00286162 0.00372384 0.00308005 0.0096655
42515 0.00283352 0.00366473 0.00308706 0.00958532
42520 0.00279466 0.00361294 0.0030907 0.00949831
42525 0.00274736 0.00356865 0.0030911 0.00940711
42530 0.00269536 0.0035314 0.00308916 0.00931592
42535 0.00264346 0.00350006 0.00308651 0.00923003
42540 0.00259682 0.00347332 0.00308526 0.00915541
42545 0.00256017 0.00345002 0.00308775 0.00909794
42550 0.00253717 0.00342937 0.00309618 0.00906272
42555 0.00252992 0.00341126 0.00311234 0.00905352
42560 0.0025387 0.00339621 0.00313727 0.00907218
42565 0.00256217 0.00338524 0.00317096 0.00911837
42570 0.00259768 0.00337952 0.00321225 0.00918945
42575 0.00264172 0.00338012 0.00325883 0.00928067
42580 0.00269042 0.00338763 0.0033074 0.00938545
42585 0.00274012 0.00340213 0.00335371 0.00949596
42590 0.0027879 0.00342315 0.00339305 0.0096041
42595 0.00283191 0.0034497 0.00342116 0.00970278
42600 0.00287173 0.00347989 0.00343519 0.00978681
42605 0.00290817 0.00351123 0.00343439 0.00985379
42610 0.00294316 0.00354133 0.00342038 0.00990487
42615 0.00297935 0.00356815 0.00339711 0.00994461
42620 0.00301963 0.00359032 0.00337033 0.00998028
42625 0.00306655 0.00360742 0.00334662 0.0100206
42630 0.00312186 0.00361986 0.00333266 0.0100744
42635 0.00318622 0.00362863 0.00333402 0.0101489
42640 0.00325912 0.00363489 0.00335416 0.0102482
42645 0.00333884 0.00363966 0.00339379 0.0103723
42650 0.0034225 0.00364354 0.00345059 0.0105166
42655 0.00350649 0.00364667 0.00351958 0.0106727
42660 0.00358711 0.00364877 0.00359381 0.0108297
42665 0.00366107 0.00364947 0.00366569 0.0109762
42670 0.00372574 0.00364862 0.00372806 0.0111024
42675 0.00377935 0.00364653 0.00377525 0.0112011
42680 0.00382101 0.00364385 0.00380386 0.0112687
42685 0.00385063 0.00364138 0.00381298 0.011305
42690 0.00386853 0.00363998 0.00380379 0.0113123
42695 0.00387528 0.00364 0.00377935 0.0112946
42700 0.00387155 0.00364077 0.00374403 0.0112564
42705 0.00385795 0.00364068 0.0037024 0.011201
42710 0.00383502 0.0036375 0.00365849 0.011131
42715 0.00380338 0.00362885 0.00361545 0.0110477
42720 0.00376382 0.00361268 0.00357531 0.0109518
42725 0.00371752 0.00358776 0.00353903 0.0108443
42730 0.00366616 0.00355417 0.00350664 0.010727
42735 0.00361207 0.00351328 0.00347741 0.0106028
42740 0.00355802 0.00346743 0.00345007 0.0104755
42745 0.00350692 0.00341926 0.00342295 0.0103491
42750 0.00346136 0.00337116 0.00339433 0.0102269
42755 0.00342292 0.00332473 0.00336275 0.0101104
42760 0.003392 0.00328037 0.00332723 0.0099996
42765 0.00336764 0.00323746 0.00328722 0.00989232
42770 0.00334747 0.00319478 0.0032425 0.00978474
42775 0.00332817 0.00315063 0.00319346 0.00967227
42780 0.00330601 0.00310323 0.00314103 0.00955027
42785 0.00327741 0.00305109 0.0030865 0.009415
42790 0.00323956 0.0029934 0.0030314 0.00926436
42795 0.00319076 0.00293036 0.00297733 0.00909845
42800 0.0031308 0.00286336 0.00292601 0.00892017
42805 0.00306119 0.0027949 0.00287944 0.00873554
42810 0.002985 0.00272839 0.00283992 0.0085533
42815 0.00290632 0.00266777 0.00280984 0.00838393
42820 0.00282959 0.00261716 0.00279137 0.00823812
42825 0.00275887 0.00258029 0.00278598 0.00812514
42830 0.00269723 0.00256008 0.00279414 0.00805145
42835 0.00264645 0.00255824 0.00281494 0.00801963
42840 0.00260697 0.00257493 0.0028462 0.0080281
42845 0.0025781 0.0026087 0.00288482 0.00807162
42850 0.00255833 0.00265664 0.00292739 0.00814236
42855 0.00254606 0.00271505 0.00297052 0.00823164
42860 0.0025402 0.00278026 0.00301134 0.00833179
42865 0.00254055 0.00284929 0.00304794 0.00843779
42870 0.00254788 0.00292025 0.00307966 0.00854779
42875 0.00256378 0.00299233 0.00310686 0.00866297
42880 0.00259021 0.0030656 0.00313067 0.00878648
42885 0.00262884 0.00314071 0.00315273 0.00892228
42890 0.00268048 0.00321852 0.00317478 0.00907378
42895 0.00274455 0.00329972 0.00319828 0.00924255
42900 0.00281897 0.00338439 0.00322426 0.00942762
42905 0.00290039 0.00347203 0.0032534 0.00962582
42910 0.00298457 0.00356159 0.00328608 0.00983224
42915 0.00306687 0.00365144 0.00332241 0.0100407
42920 0.00314268 0.00373965 0.0033622 0.0102445
42925 0.00320796 0.00382398 0.00340492 0.0104369
42930 0.00325991 0.00390195 0.00344974 0.0106116
42935 0.00329715 0.0039711 0.0034956 0.0107639
42940 0.00331983 0.00402929 0.00354136 0.0108905
42945 0.00332968 0.0040748 0.00358601 0.0109905
42950 0.00332955 0.00410647 0.00362894 0.011065
42955 0.00332295 0.00412368 0.00367004 0.0111167
42960 0.00331336 0.00412629 0.00370961 0.0111493
42965 0.00330378 0.00411469 0.0037484 0.0111669
42970 0.00329634 0.00408968 0.00378761 0.0111736
42975 0.00329214 0.00405249 0.00382865 0.0111733
42980 0.0032913 0.00400489 0.00387279 0.011169
42985 0.00329296 0.00394924 0.0039209 0.0111631
42990 0.00329561 0.00388852 0.00397314 0.0111573
42995 0.00329746 0.00382634 0.00402878 0.0111526
43000 0.0032969 0.00376693 0.00408607 0.0111499
43005 0.00329293 0.00371481 0.0041423 0.01115
43010 0.00328558 0.00367446 0.00419432 0.0111544
43015 0.00327612 0.0036499 0.0042389 0.0111649
43020 0.00326672 0.00364412 0.00427343 0.0111843
43025 0.00325997 0.00365854 0.0042963 0.0112148
43030 0.00325852 0.00369267 0.00430719 0.0112584
43035 0.00326468 0.00374417 0.00430716 0.011316
43040 0.00327998 0.00380928 0.00429867 0.0113879
43045 0.00330497 0.00388319 0.00428551 0.0114737
43050 0.00333898 0.00396069 0.00427231 0.011572
43055 0.00338024 0.00403692 0.00426392 0.0116811
43060 0.00342607 0.00410791 0.00426462 0.0117986
43065 0.00347317 0.00417097 0.0042773 0.0119214
43070 0.00351793 0.00422473 0.00430276 0.0120454
43075 0.00355682 0.00426885 0.00433935 0.012165
43080 0.00358674 0.00430382 0.00438306 0.0122736
43085 0.00360545 0.00433062 0.00442798 0.012364
43090 0.00361186 0.00435029 0.0044673 0.0124295
43095 0.00360634 0.00436378 0.00449447 0.0124646
43100 0.0035906 0.00437198 0.00450429 0.0124669
43105 0.00356752 0.00437581 0.00449376 0.0124371
43110 0.00354088 0.00437628 0.00446239 0.0123796
43115 0.00351504 0.00437448 0.00441214 0.0123017
43120 0.00349449 0.00437146 0.00434701 0.012213
43125 0.00348345 0.00436809 0.00427226 0.0121238
43130 0.00348538 0.0043649 0.00419368 0.012044
43135 0.00350263 0.00436202 0.00411668 0.0119813
43140 0.00353605 0.00435906 0.00404553 0.0119406
43145 0.00358474 0.00435509 0.00398274 0.0119226
43150 0.00364626 0.00434901 0.00392876 0.011924
43155 0.00371655 0.00434008 0.00388225 0.0119389
43160 0.00379016 0.00432796 0.0038407 0.0119588
43165 0.00386079 0.00431275 0.00380137 0.0119749
43170 0.00392201 0.00429527 0.00376211 0.0119794
43175 0.00396796 0.00427704 0.0037222 0.0119672
43180 0.00399399 0.00426026 0.00368235 0.0119366
43185 0.0039973 0.00424739 0.00364438 0.0118891
43190 0.0039774 0.00424068 0.00361087 0.0118289
43195 0.00393615 0.00424164 0.00358449 0.0117623
43200 0.00387753 0.00425042 0.00356752 0.0116955
43205 0.00380702 0.00426539 0.0035612 0.0116336
43210 0.00373079 0.00428314 0.00356543 0.0115794
43215 0.00365474 0.00429877 0.00357858 0.0115321
43220 0.00358357 0.00430649 0.00359767 0.0114877
43225 0.00352013 0.00430044 0.003619 0.0114396
43230 0.00346526 0.00427569 0.0036389 0.0113799
43235 0.00341785 0.00422909 0.00365427 0.0113012
43240 0.00337519 0.00415989 0.00366304 0.0111981
43245 0.00333364 0.00406997 0.00366422 0.0110678
43250 0.00328968 0.00396364 0.00365789 0.0109112
43255 0.00324077 0.00384723 0.00364497 0.010733
43260 0.00318591 0.0037283 0.0036269 0.0105411
43265 0.00312596 0.00361458 0.00360538 0.0103459
43270 0.00306356 0.00351282 0.00358189 0.0101583
43275 0.00300255 0.00342778 0.00355729 0.00998762
43280 0.00294732 0.00336168 0.00353156 0.00984056
43285 0.00290191 0.00331401 0.00350382 0.00971975
43290 0.00286908 0.00328171 0.00347247 0.00962326
43295 0.00284962 0.00325988 0.0034354 0.00954491
43300 0.00284246 0.00324286 0.00339076 0.00947608
43305 0.0028447 0.00322536 0.00333748 0.00940753
43310 0.00285214 0.00320353 0.00327554 0.00933122
43315 0.00286013 0.00317575 0.0032059 0.00924178
43320 0.0028643 0.00314276 0.00313042 0.00913748
43325 0.00286127 0.00310741 0.00305156 0.00902024
43330 0.00284923 0.00307379 0.00297208 0.00889509
43335 0.00282811 0.0030462 0.00289478 0.00876909
43340 0.00279951 0.00302826 0.00282218 0.00864994
43345 0.002766 0.00302218 0.00275639 0.00854457
43350 0.00273048 0.00302833 0.0026992 0.00845801
43355 0.00269554 0.00304515 0.00265218 0.00839287
43360 0.00266315 0.0030695 0.00261656 0.00834922
43365 0.00263427 0.00309718 0.00259322 0.00832468
43370 0.00260891 0.00312361 0.00258267 0.00831519
43375 0.00258624 0.0031445 0.00258502 0.00831576
43380 0.0025651 0.00315636 0.00259989 0.00832135
43385 0.00254443 0.00315703 0.00262629 0.00832774
43390 0.00252376 0.00314581 0.00266252 0.00833209
43395 0.0025037 0.00312346 0.00270611 0.00833327
43400 0.00248597 0.00309188 0.00275394 0.00833179
43405 0.0024731 0.00305384 0.00280263 0.00832956
43410 0.00246806 0.00301258 0.00284872 0.00832935
43415 0.00247388 0.0029714 0.00288919 0.00833448
43420 0.00249303 0.0029333 0.00292215 0.00834848
43425 0.00252675 0.00290062 0.00294708 0.00837446
43430 0.00257456 0.00287499 0.00296493 0.00841448
43435 0.00263419 0.00285736 0.00297779 0.00846933
43440 0.00270163 0.00284822 0.0029885 0.00853835
43445 0.00277171 0.00284787 0.00299992 0.00861951
43450 0.00283879 0.00285642 0.0030144 0.00870961
43455 0.00289768 0.00287382 0.00303341 0.00880491
43460 0.00294434 0.00289982 0.00305739 0.00890155
43465 0.00297632 0.00293373 0.00308567 0.00899572
43470 0.00299294 0.00297429 0.00311654 0.00908377
43475 0.0029951 0.00301953 0.00314754 0.00916217
43480 0.00298485 0.00306686 0.00317612 0.00922784
43485 0.00296516 0.00311318 0.00320023 0.00927858
43490 0.00293945 0.00315513 0.00321852 0.00931311
43495 0.00291101 0.0031896 0.00323046 0.00933108
43500 0.00288276 0.00321416 0.00323658 0.00933349
43505 0.00285707 0.00322755 0.00323827 0.00932289
43510 0.00283568 0.00323002 0.00323751 0.00930321
43515 0.00281957 0.00322332 0.00323651 0.00927939
43520 0.00280887 0.00321046 0.00323725 0.00925658
43525 0.00280284 0.00319542 0.00324091 0.00923917
43530 0.00279999 0.00318261 0.00324759 0.0092302
43535 0.0027983 0.0031765 0.00325645 0.00923124
43540 0.00279556 0.00318099 0.00326596 0.0092425
43545 0.00278993 0.00319914 0.00327428 0.00926335
43550 0.00278039 0.00323299 0.00327954 0.00929292
43555 0.00276692 0.00328339 0.00328045 0.00933076
43560 0.00275064 0.00334989 0.00327673 0.00937726
43565 0.00273347 0.00343075 0.00326918 0.0094334
43570 0.00271789 0.00352312 0.00325957 0.00950057
43575 0.00270664 0.00362332 0.00325036 0.00958032
43580 0.00270237 0.00372723 0.00324426 0.00967387
43585 0.0027072 0.00383062 0.00324369 0.00978151
43590 0.00272254 0.00392961 0.00325028 0.00990243
43595 0.00274888 0.00402093 0.00326455 0.0100344
43600 0.00278562 0.00410201 0.0032857 0.0101733
43605 0.00283145 0.0041713 0.00331154 0.0103143
43610 0.00288448 0.00422829 0.00333899 0.0104518
43615 0.00294251 0.0042735 0.0033646 0.0105806
43620 0.00300331 0.00430832 0.00338506 0.0106967
43625 0.00306479 0.00433477 0.00339789 0.0107975
43630 0.00312506 0.00435522 0.0034018 0.0108821
43635 0.00318228 0.00437186 0.0033968 0.0109509
43640 0.00323469 0.00438641 0.00338423 0.0110053
43645 0.00328057 0.00439987 0.00336655 0.011047
43650 0.00331835 0.00441248 0.00334699 0.0110778
43655 0.00334684 0.00442363 0.00332916 0.0110996
43660 0.00336542 0.00443239 0.00331655 0.0111144
43665 0.00337432 0.0044378 0.0033123 0.0111244
43670 0.0033746 0.00443903 0.00331888 0.0111325
43675 0.00336789 0.0044354 0.00333795 0.0111412
43680 0.00335631 0.00442638 0.00336985 0.0111525
43685 0.00334234 0.00441182 0.00341325 0.0111674
43690 0.00332839 0.00439182 0.00346525 0.0111855
43695 0.00331633 0.00436672 0.00352172 0.0112048
43700 0.00330731 0.00433716 0.00357759 0.0112221
43705 0.00330176 0.00430406 0.00362732 0.0112331
43710 0.00329946 0.00426859 0.00366553 0.0112336
43715 0.00329979 0.00423225 0.00368766 0.0112197
43720 0.00330191 0.0041968 0.00369047 0.0111892
43725 0.00330493 0.00416402 0.00367269 0.0111416
43730 0.00330823 0.00413549 0.00363507 0.0110788
43735 0.00331161 0.00411242 0.00358029 0.0110043
43740 0.00331524 0.00409548 0.00351241 0.0109231
43745 0.00331936 0.00408464 0.00343607 0.0108401
43750 0.00332394 0.00407917 0.00335577 0.0107589
43755 0.00332838 0.00407757 0.00327528 0.0106812
43760 0.0033315 0.00407782 0.00319717 0.0106065
43765 0.00333167 0.00407751 0.00312283 0.010532
43770 0.00332703 0.00407418 0.00305273 0.0104539
43775 0.0033158 0.00406564 0.00298673 0.0103682
43780 0.0032967 0.00405025 0.0029246 0.0102715
43785 0.00326922 0.00402698 0.00286637 0.0101626
43790 0.00323367 0.00399558 0.0028126 0.0100419
43795 0.0031911 0.00395655 0.00276451 0.00991216
43800 0.0031432 0.00391103 0.00272399 0.00977822
43805 0.003092 0.00386055 0.00269338 0.00964594
43810 0.00303964 0.00380673 0.00267517 0.00952153
43815 0.00298796 0.00375088 0.00267147 0.0094103
43820 0.00293832 0.00369387 0.00268344 0.00931563
43825 0.0028915 0.00363605 0.00271096 0.00923851
43830 0.00284786 0.00357732 0.00275224 0.00917742
43835 0.00280754 0.00351756 0.00280369 0.00912879
43840 0.00277055 0.00345695 0.00286034 0.00908784
43845 0.00273685 0.00339635 0.00291654 0.00904973
43850 0.00270656 0.00333725 0.00296682 0.00901063
43855 0.00267999 0.00328159 0.00300687 0.00896844
43860 0.00265756 0.00323139 0.00303406 0.008923
43865 0.00263977 0.00318829 0.00304762 0.00887568
43870 0.00262705 0.0031531 0.00304849 0.00882863
43875 0.00261972 0.0031256 0.00303869 0.00878401
43880 0.00261799 0.00310452 0.00302092 0.00874343
43885 0.00262178 0.00308775 0.00299812 0.00870765
43890 0.00263087 0.00307251 0.00297318 0.00867657
43895 0.00264487 0.00305587 0.00294885 0.00864958
43900 0.00266322 0.00303513 0.0029277 0.00862606
43905 0.00268533 0.00300854 0.00291215 0.00860602
43910 0.00271056 0.00297574 0.00290435 0.00859065
43915 0.00273835 0.00293793 0.00290624 0.00858252
43920 0.00276832 0.0028978 0.00291931 0.00858543
43925 0.00280006 0.00285915 0.00294435 0.00860356
43930 0.00283308 0.00282638 0.00298109 0.00864055
43935 0.0028668 0.00280375 0.003028 0.00869854
43940 0.00290031 0.0027947 0.00308234 0.00877735
43945 0.00293228 0.00280137 0.00314061 0.00887426
43950 0.00296112 0.00282439 0.00319877 0.00898428
43955 0.00298528 0.00286288 0.00325275 0.00910092
43960 0.00300347 0.00291474 0.00329908 0.0092173
43965 0.00301499 0.00297707 0.00333535 0.0093274
43970 0.00301968 0.00304665 0.00336058 0.00942691
43975 0.00301818 0.00312026 0.00337546 0.00951389
43980 0.00301177 0.00319522 0.00338226 0.00958925
43985 0.00300219 0.0032697 0.00338449 0.00965638
43990 0.00299135 0.00334286 0.00338626 0.00972047
43995 0.00298101 0.00341462 0.00339165 0.00978727
44000 0.00297258 0.00348525 0.00340409 0.00986193
