#| No.|Asub | b0  | b1  | b2  | b3  | t1  | t2  | t3  |Cmin |Cmax | evalulate_value (min value is recommendation) |
#|iter| x0  | x1  | x2  | x3  | x4  | x5  | x6  | x7  | x8  | x9  | evalulate_value (min value is reccomendation) |
No.1: 0.97, 7.46, 0.01, 3.03, 1.47, 1.85, 3.73, 6.92, 0.86, 1.97, 770272802.7166876
No.2: 0.97, 7.14, 2.05, 8.79, 0.28, 13.41, 8.35, 11.18, 0.37, 1.36, 12616531.975616964
No.3: 1.13, 9.72, 3.14, 6.93, 8.77, 17.90, 1.71, 0.79, 0.43, 2.59, 12606928165.997242
No.4: 0.84, 4.74, 9.58, 5.34, 6.92, 6.32, 13.74, 16.70, 0.14, 2.36, 249001.64183784527
No.5: 1.20, 7.71, 2.81, 7.90, 1.04, 8.96, 18.18, 5.88, 0.65, 1.24, 123946145.43425527
No.6: 0.81, 7.08, 2.12, 2.66, 4.92, 1.07, 11.49, 2.94, 1.22, 2.26, 2693938641.069183
No.7: 0.85, 4.67, 6.95, 4.15, 0.50, 10.72, 13.28, 10.30, 1.90, 2.06, 230530.62208923325
No.8: 1.17, 2.16, 1.40, 8.08, 3.98, 3.31, 18.56, 6.96, 1.53, 2.31, 127673.96673442406
No.9: 1.16, 6.58, 7.51, 3.49, 2.70, 17.92, 8.57, 19.30, 1.37, 2.12, 333253.7739905355
No.10: 0.85, 9.55, 4.50, 5.79, 4.09, 4.75, 18.07, 11.48, 0.11, 2.12, 4291065545.2132983
No.11: 0.94, 5.70, 8.86, 3.58, 9.09, 12.47, 0.32, 18.59, 1.42, 2.80, 598633.4935842708
No.12: 0.87, 2.15, 9.33, 6.97, 0.67, 15.11, 15.08, 18.47, 1.46, 2.80, 119498.24161307627
No.13: 0.81, 1.14, 0.29, 2.47, 8.61, 10.78, 11.06, 16.85, 0.34, 1.51, 407770.4022463552
No.14: 1.04, 9.73, 5.62, 0.19, 8.01, 4.66, 16.15, 7.76, 1.75, 2.35, 432282964.0273436
No.15: 1.03, 2.15, 0.60, 1.22, 0.45, 2.15, 4.52, 14.26, 1.17, 2.80, 233590.3871474267
No.16: 0.83, 9.71, 5.69, 2.04, 2.53, 14.88, 3.91, 11.63, 1.95, 2.53, 126671190.13318743
No.17: 0.90, 5.40, 6.20, 8.29, 1.57, 0.38, 1.41, 9.73, 1.26, 2.03, 531775.1405789615
No.18: 0.93, 9.90, 5.80, 3.81, 5.51, 14.91, 13.39, 5.30, 0.23, 1.67, 7143307864.801581
No.19: 1.06, 2.82, 7.53, 0.67, 2.61, 16.10, 3.87, 12.79, 1.10, 2.67, 264164.90731035953
No.20: 0.91, 1.51, 7.36, 7.73, 9.08, 18.64, 0.28, 4.69, 1.28, 2.71, 270620.2546709625
No.21: 1.19, 5.97, 9.16, 6.42, 3.91, 9.72, 12.09, 11.00, 1.86, 2.66, 1720325.0500991642
No.22: 0.96, 9.67, 1.74, 1.27, 1.36, 10.12, 0.44, 18.96, 1.68, 2.80, 19221056378.4972
No.23: 0.88, 3.93, 1.31, 8.10, 3.45, 18.81, 11.65, 17.58, 1.71, 2.63, 107157.16712564135
No.24: 0.99, 5.88, 7.99, 2.86, 4.91, 11.99, 0.32, 11.87, 0.93, 2.46, 150883.47880032426
No.25: 0.93, 9.03, 5.78, 1.85, 7.88, 12.25, 1.08, 8.41, 1.40, 2.66, 19055014.337631725
No.26: 0.81, 9.79, 3.77, 9.74, 6.05, 16.58, 11.50, 12.57, 0.65, 2.06, 587499.6672038658
No.27: 1.11, 8.72, 7.56, 6.99, 8.65, 6.46, 13.42, 9.02, 0.83, 1.74, 115776.4555375276
No.28: 0.97, 3.79, 6.22, 4.31, 9.74, 13.56, 3.98, 8.54, 0.76, 2.44, 332997.90656529565
No.29: 1.16, 9.13, 6.63, 2.71, 2.53, 17.10, 10.56, 16.05, 1.19, 2.32, 788950805.7364231
No.30: 1.01, 7.92, 5.69, 4.66, 3.43, 1.37, 7.56, 1.60, 1.97, 2.80, 337614312.41294175
No.31: 1.13, 8.87, 6.89, 5.70, 1.61, 9.34, 6.91, 4.51, 1.23, 1.57, 190376034.20029607
No.32: 1.17, 9.18, 2.58, 1.11, 1.93, 10.00, 14.58, 4.17, 0.58, 2.54, 1189089089.416686
No.33: 0.97, 6.52, 2.34, 1.02, 5.16, 9.55, 3.06, 12.44, 1.14, 2.18, 30883279.86285325
No.34: 0.86, 7.74, 2.23, 5.20, 7.86, 0.45, 6.49, 17.46, 1.71, 1.97, 3812076.852679877
No.35: 1.15, 9.55, 8.27, 8.55, 0.99, 13.03, 14.08, 12.21, 1.62, 2.80, 707463.1155289846
No.36: 1.11, 7.56, 2.60, 2.58, 6.33, 6.91, 15.94, 8.93, 1.59, 2.79, 96961488.67779672
No.37: 0.93, 2.21, 9.02, 5.42, 9.75, 12.74, 19.88, 10.93, 1.11, 1.25, 225243.24232354242
No.38: 0.95, 1.14, 1.61, 7.46, 0.31, 7.34, 17.25, 13.86, 1.42, 2.80, 120310.32379690094
No.39: 0.98, 6.20, 9.90, 2.04, 2.48, 5.25, 15.01, 9.14, 0.21, 1.92, 131437.38808885746
No.40: 0.89, 8.17, 2.98, 0.28, 5.94, 16.88, 7.63, 15.00, 1.08, 1.98, 627940574.0281235
No.41: 1.19, 8.22, 0.33, 7.10, 4.66, 18.96, 4.43, 5.35, 0.26, 1.78, 4982065540.0209675
No.42: 0.85, 6.67, 8.03, 6.97, 7.67, 6.85, 16.92, 8.58, 1.67, 2.13, 158741.56986018745
No.43: 0.86, 1.62, 0.19, 0.67, 4.59, 2.27, 0.56, 15.10, 0.86, 2.35, 326450.8505750401
No.44: 0.99, 5.00, 4.79, 4.75, 8.04, 8.05, 18.10, 0.75, 1.58, 2.80, 456893.1249853125
No.45: 1.05, 1.00, 5.39, 0.04, 9.52, 18.11, 15.92, 18.31, 0.38, 1.29, 257667.22963983775
No.46: 0.88, 6.57, 9.06, 9.90, 7.12, 14.64, 18.19, 8.02, 0.58, 1.32, 148629.62907709077
No.47: 0.85, 8.30, 1.47, 2.65, 8.20, 6.22, 19.65, 5.34, 1.12, 1.57, 887521353.5665413
No.48: 1.17, 4.24, 4.34, 5.13, 9.39, 0.62, 14.34, 17.83, 0.16, 1.94, 145071.25506945787
No.49: 0.94, 8.73, 5.59, 6.91, 4.53, 12.57, 5.81, 0.19, 1.20, 1.57, 393735493.93596566
No.50: 1.01, 9.24, 4.27, 2.48, 3.72, 18.64, 18.74, 16.89, 1.85, 2.80, 12295300.58274425
No.51: 1.11, 1.07, 3.48, 8.62, 4.90, 18.87, 13.20, 19.14, 1.84, 1.93, 261076.84676250533
No.52: 0.89, 2.79, 1.88, 8.86, 0.28, 16.95, 12.63, 17.17, 1.76, 2.69, 168561.5303522093
No.53: 0.94, 4.81, 1.02, 8.57, 2.85, 19.90, 8.31, 18.13, 1.54, 2.73, 214495.09659594222
No.54: 0.81, 3.09, 0.67, 7.15, 3.64, 19.18, 11.96, 15.40, 1.79, 2.09, 321623.66316988843
No.55: 0.85, 5.43, 1.30, 9.08, 3.07, 18.67, 13.02, 18.68, 1.81, 2.36, 133486.55648900225
No.56: 0.94, 3.99, 0.60, 7.80, 3.07, 17.66, 10.84, 18.93, 1.78, 2.78, 394872.09647523303
No.57: 0.87, 4.28, 2.50, 8.01, 2.62, 18.33, 12.13, 16.95, 1.51, 2.60, 165398.41978794508
No.58: 0.82, 3.92, 0.94, 9.53, 3.98, 18.95, 11.71, 17.34, 1.37, 2.78, 211233.49952480863
No.59: 0.81, 4.70, 1.60, 8.09, 3.40, 19.46, 12.43, 18.07, 1.75, 2.57, 151096.33817390632
No.60: 0.91, 3.57, 1.22, 8.76, 2.45, 18.65, 11.74, 17.85, 1.85, 2.57, 258880.55175253618
No.61: 0.87, 4.03, 1.61, 8.04, 3.91, 19.20, 11.23, 17.26, 1.53, 2.59, 181342.42056891133
No.62: 0.86, 4.59, 1.33, 8.23, 3.41, 18.23, 12.04, 18.14, 1.46, 2.69, 164901.7750854089
No.63: 0.88, 4.19, 1.18, 7.34, 3.02, 18.73, 12.05, 17.16, 1.78, 2.77, 130439.0876936607
No.64: 0.90, 3.23, 1.45, 7.52, 3.37, 18.88, 12.00, 17.73, 1.88, 2.53, 235545.70680041466
No.65: 0.88, 4.55, 1.14, 8.26, 3.07, 19.28, 11.57, 17.57, 1.74, 2.51, 119171.62770940109
No.66: 0.90, 4.18, 0.89, 8.29, 3.38, 18.87, 12.04, 17.26, 1.88, 2.63, 197529.85442544645
No.67: 0.86, 4.64, 1.88, 7.98, 3.01, 18.78, 11.49, 17.33, 1.79, 2.53, 120071.24386665682
No.68: 0.86, 4.44, 1.21, 7.64, 3.06, 18.73, 11.21, 17.70, 1.73, 2.70, 116251.20524301767
No.69: 0.87, 4.27, 1.61, 7.54, 2.84, 19.06, 11.56, 17.89, 1.63, 2.70, 122663.99360419596
No.70: 0.87, 4.46, 1.61, 8.55, 3.47, 18.82, 11.13, 18.02, 1.77, 2.70, 109566.6073113716
No.71: 0.89, 4.26, 1.08, 8.29, 3.69, 19.36, 11.27, 18.29, 1.79, 2.56, 137564.02192234126
No.72: 0.86, 3.82, 1.66, 8.34, 3.11, 18.60, 10.74, 17.41, 1.67, 2.68, 129652.63876130905
No.73: 0.88, 4.09, 1.57, 7.94, 3.79, 18.13, 11.32, 17.72, 1.79, 2.58, 118390.01457026268
No.74: 0.87, 4.21, 1.46, 7.74, 3.07, 18.13, 11.09, 16.88, 1.64, 2.67, 133139.9613591355
No.75: 0.88, 3.63, 1.62, 8.35, 3.63, 18.70, 11.32, 18.12, 1.71, 2.59, 110531.4618811869
No.76: 0.87, 4.12, 1.61, 7.95, 3.18, 18.54, 11.41, 17.79, 1.72, 2.60, 115314.24812709188
No.77: 0.88, 4.01, 1.05, 8.29, 3.72, 18.49, 11.09, 17.64, 1.70, 2.68, 109258.99141259727
No.78: 0.87, 3.70, 1.51, 8.34, 3.62, 18.37, 11.47, 17.49, 1.71, 2.66, 109271.06878971981
No.79: 0.87, 4.00, 1.33, 8.30, 3.25, 19.13, 11.31, 17.86, 1.72, 2.67, 107660.87433046785
No.80: 0.88, 3.78, 1.22, 7.96, 3.50, 18.63, 11.23, 17.77, 1.68, 2.64, 114444.29329881782
No.81: 0.88, 4.09, 1.47, 8.25, 3.58, 18.70, 11.46, 17.67, 1.70, 2.65, 110358.4163496133
No.82: 0.88, 3.85, 1.25, 8.11, 3.29, 18.83, 11.33, 17.26, 1.71, 2.66, 105059.94168637233
No.83: 0.88, 3.96, 1.12, 8.06, 3.17, 19.09, 11.08, 17.37, 1.71, 2.68, 105972.2546947311
No.84: 0.88, 3.97, 1.15, 8.24, 3.20, 18.58, 11.13, 17.46, 1.72, 2.64, 106646.8931667639
No.85: 0.88, 3.96, 1.35, 8.04, 3.21, 19.02, 11.47, 17.45, 1.69, 2.68, 107182.66513499504
No.86: 0.88, 3.79, 1.15, 8.21, 3.38, 18.94, 11.25, 17.43, 1.70, 2.65, 108580.17284442231
No.87: 0.88, 3.82, 1.17, 8.03, 3.36, 18.66, 11.21, 17.09, 1.73, 2.67, 103723.0609645274
No.88: 0.88, 3.89, 1.10, 7.95, 3.36, 18.54, 11.37, 17.22, 1.72, 2.67, 103664.9855656751
No.89: 0.88, 3.94, 1.03, 7.89, 3.38, 18.69, 11.26, 17.24, 1.73, 2.66, 104240.70007933819
No.90: 0.88, 3.94, 1.14, 8.00, 3.43, 18.42, 11.26, 17.17, 1.72, 2.67, 105107.80522600531
No.91: 0.88, 3.94, 1.03, 7.98, 3.32, 18.65, 11.33, 17.12, 1.71, 2.66, 106753.5079598023
No.92: 0.88, 3.86, 1.07, 7.93, 3.32, 18.43, 11.29, 17.28, 1.72, 2.66, 103978.1179184622
No.93: 0.88, 3.88, 1.14, 7.91, 3.32, 18.59, 11.29, 17.29, 1.73, 2.66, 103290.26359554887
No.94: 0.88, 3.86, 1.10, 7.94, 3.31, 18.67, 11.31, 17.33, 1.74, 2.67, 109711.89670345916
No.95: 0.88, 3.86, 1.17, 7.87, 3.34, 18.56, 11.34, 17.23, 1.73, 2.66, 102938.47914433968
No.96: 0.88, 3.88, 1.18, 7.83, 3.34, 18.50, 11.29, 17.18, 1.73, 2.66, 103444.27239057545
No.97: 0.88, 3.88, 1.20, 7.86, 3.33, 18.50, 11.37, 17.27, 1.73, 2.66, 102850.69108100353
No.98: 0.88, 3.90, 1.22, 7.88, 3.35, 18.49, 11.34, 17.31, 1.73, 2.66, 103192.22679218324
No.99: 0.88, 3.90, 1.22, 7.84, 3.34, 18.53, 11.41, 17.24, 1.73, 2.66, 102894.08426266623
No.100: 0.88, 3.90, 1.20, 7.88, 3.31, 18.46, 11.37, 17.25, 1.73, 2.66, 103024.57407161436
No.101: 0.88, 3.89, 1.18, 7.84, 3.34, 18.48, 11.39, 17.30, 1.73, 2.66, 102795.70062844484
No.102: 0.88, 3.90, 1.17, 7.83, 3.33, 18.51, 11.37, 17.28, 1.73, 2.66, 102990.46372670268
No.103: 0.88, 3.89, 1.17, 7.83, 3.35, 18.45, 11.41, 17.28, 1.73, 2.66, 102746.28391392018
No.104: 0.88, 3.90, 1.16, 7.84, 3.35, 18.47, 11.43, 17.28, 1.73, 2.66, 102750.0646001256
No.105: 0.88, 3.89, 1.16, 7.84, 3.36, 18.42, 11.42, 17.29, 1.73, 2.66, 102712.36040719588
No.106: 0.88, 3.90, 1.16, 7.85, 3.36, 18.44, 11.41, 17.28, 1.73, 2.66, 102878.5422461761
No.107: 0.88, 3.89, 1.17, 7.85, 3.37, 18.41, 11.43, 17.30, 1.73, 2.66, 102680.12258209674
No.108: 0.88, 3.88, 1.17, 7.84, 3.37, 18.42, 11.44, 17.31, 1.73, 2.66, 102518.40223491959
No.109: 0.88, 3.88, 1.17, 7.84, 3.37, 18.41, 11.45, 17.32, 1.73, 2.66, 102453.87830456205
No.110: 0.88, 3.88, 1.18, 7.83, 3.37, 18.42, 11.46, 17.31, 1.73, 2.66, 102418.1950480217
No.111: 0.88, 3.88, 1.18, 7.83, 3.37, 18.42, 11.47, 17.32, 1.73, 2.66, 102355.81540112119
No.112: 0.88, 3.88, 1.19, 7.83, 3.37, 18.42, 11.48, 17.32, 1.73, 2.66, 102311.34855297505
No.113: 0.88, 3.87, 1.18, 7.83, 3.36, 18.41, 11.49, 17.32, 1.73, 2.66, 102151.18367138488
No.114: 0.88, 3.87, 1.18, 7.83, 3.36, 18.41, 11.50, 17.31, 1.73, 2.66, 102125.58158739941
No.115: 0.88, 3.87, 1.17, 7.82, 3.36, 18.41, 11.51, 17.32, 1.73, 2.66, 102059.19093258762
No.116: 0.88, 3.87, 1.18, 7.82, 3.36, 18.40, 11.52, 17.32, 1.73, 2.66, 102017.17292365232
No.117: 0.88, 3.87, 1.18, 7.82, 3.36, 18.40, 11.53, 17.32, 1.73, 2.66, 101976.78845720715
No.118: 0.88, 3.87, 1.18, 7.82, 3.36, 18.40, 11.54, 17.32, 1.73, 2.66, 101937.22443302824
No.119: 0.88, 3.87, 1.18, 7.82, 3.36, 18.40, 11.55, 17.32, 1.73, 2.66, 101898.4807737673
No.120: 0.88, 3.87, 1.19, 7.82, 3.36, 18.40, 11.56, 17.32, 1.72, 2.66, 102772.793243945
No.121: 0.88, 3.87, 1.19, 7.82, 3.36, 18.40, 11.54, 17.32, 1.72, 2.66, 102847.62800452104
No.122: 0.88, 3.87, 1.18, 7.82, 3.36, 18.40, 11.56, 17.32, 1.73, 2.66, 101860.55697581165
No.123: 0.88, 3.87, 1.18, 7.82, 3.36, 18.40, 11.55, 17.32, 1.73, 2.66, 101898.4807737673
No.124: 0.88, 3.87, 1.18, 7.82, 3.36, 18.40, 11.56, 17.31, 1.73, 2.66, 101878.51608570252
No.125: 0.88, 3.87, 1.18, 7.82, 3.36, 18.39, 11.56, 17.32, 1.73, 2.66, 101859.8512712602
No.126: 0.88, 3.87, 1.18, 7.82, 3.36, 18.40, 11.55, 17.32, 1.73, 2.66, 101898.4807737673
No.127: 0.88, 3.87, 1.18, 7.82, 3.36, 18.39, 11.56, 17.32, 1.73, 2.66, 101859.8512712602
No.128: 0.88, 3.87, 1.18, 7.82, 3.36, 18.40, 11.56, 17.32, 1.73, 2.66, 101860.55697581165
No.129: 0.88, 3.87, 1.18, 7.82, 3.36, 18.40, 11.56, 17.32, 1.73, 2.66, 101860.55697581165
No.130: 0.88, 3.87, 1.18, 7.82, 3.36, 18.40, 11.55, 17.32, 1.73, 2.66, 101898.4807737673
No.131: 0.88, 3.87, 1.18, 7.82, 3.36, 18.39, 11.56, 17.32, 1.73, 2.66, 101859.8512712602
No.132: 0.88, 3.87, 1.18, 7.82, 3.36, 18.40, 11.56, 17.32, 1.73, 2.66, 101860.55697581165
No.133: 0.88, 3.87, 1.18, 7.82, 3.36, 18.40, 11.56, 17.32, 1.73, 2.66, 101860.55697581165
No.134: 0.88, 3.87, 1.18, 7.82, 3.36, 18.40, 11.56, 17.32, 1.73, 2.66, 101860.55697581165
No.135: 0.88, 3.87, 1.18, 7.82, 3.36, 18.39, 11.56, 17.32, 1.73, 2.66, 101859.8512712602
No.136: 0.88, 3.87, 1.18, 7.82, 3.36, 18.40, 11.56, 17.32, 1.73, 2.66, 101860.55697581165
No.137: 0.88, 3.87, 1.18, 7.82, 3.36, 18.39, 11.56, 17.32, 1.73, 2.66, 101859.8512712602
No.138: 0.88, 3.87, 1.18, 7.82, 3.36, 18.39, 11.56, 17.32, 1.73, 2.66, 101859.8512712602
No.139: 0.88, 3.87, 1.18, 7.82, 3.36, 18.40, 11.56, 17.32, 1.73, 2.66, 101860.55697581165
No.140: 0.88, 3.87, 1.18, 7.82, 3.36, 18.40, 11.56, 17.32, 1.73, 2.66, 101860.55697581165
No.141: 0.88, 3.87, 1.18, 7.82, 3.36, 18.40, 11.56, 17.32, 1.73, 2.66, 101860.55697581165
No.142: 0.88, 3.87, 1.18, 7.82, 3.36, 18.40, 11.56, 17.32, 1.73, 2.66, 101860.55697581165
No.143: 0.88, 3.87, 1.18, 7.82, 3.36, 18.39, 11.56, 17.32, 1.73, 2.66, 101859.8512712602
No.144: 0.88, 3.87, 1.18, 7.82, 3.36, 18.39, 11.56, 17.32, 1.73, 2.66, 101859.8512712602
No.145: 0.88, 3.87, 1.18, 7.82, 3.36, 18.39, 11.56, 17.32, 1.73, 2.66, 101859.8512712602
No.146: 0.88, 3.87, 1.18, 7.82, 3.36, 18.39, 11.56, 17.32, 1.73, 2.66, 101859.8512712602
No.147: 0.88, 3.87, 1.18, 7.82, 3.36, 18.39, 11.56, 17.32, 1.73, 2.66, 101859.8512712602
No.148: 0.88, 3.87, 1.18, 7.82, 3.36, 18.39, 11.56, 17.32, 1.73, 2.66, 101859.8512712602
No.149: 0.88, 3.87, 1.18, 7.82, 3.36, 18.39, 11.56, 17.32, 1.73, 2.66, 101859.8512712602
No.150: 0.88, 3.87, 1.18, 7.82, 3.36, 18.39, 11.56, 17.32, 1.73, 2.66, 101859.8512712602
No.151: 0.88, 3.87, 1.18, 7.82, 3.36, 18.39, 11.56, 17.32, 1.73, 2.66, 101859.8512712602
No.152: 0.88, 3.87, 1.18, 7.82, 3.36, 18.39, 11.56, 17.32, 1.73, 2.66, 101859.8512712602
No.153: 0.88, 3.87, 1.18, 7.82, 3.36, 18.39, 11.56, 17.32, 1.73, 2.66, 101859.8512712602
No.154: 0.88, 3.87, 1.18, 7.82, 3.36, 18.39, 11.56, 17.32, 1.73, 2.66, 101859.8512712602
No.155: 0.88, 3.87, 1.18, 7.82, 3.36, 18.39, 11.56, 17.32, 1.73, 2.66, 101859.8512712602
No.156: 0.88, 3.87, 1.18, 7.82, 3.36, 18.39, 11.56, 17.32, 1.73, 2.66, 101859.8512712602
No.157: 0.88, 3.87, 1.18, 7.82, 3.36, 18.39, 11.56, 17.32, 1.73, 2.66, 101859.8512712602
No.158: 0.88, 3.87, 1.18, 7.82, 3.36, 18.39, 11.56, 17.32, 1.73, 2.66, 101859.8512712602
No.159: 0.88, 3.87, 1.18, 7.82, 3.36, 18.39, 11.56, 17.32, 1.73, 2.66, 101859.8512712602
No.160: 0.88, 3.87, 1.18, 7.82, 3.36, 18.39, 11.56, 17.32, 1.73, 2.66, 101859.8512712602
No.161: 0.88, 3.87, 1.18, 7.82, 3.36, 18.39, 11.56, 17.32, 1.73, 2.66, 101859.8512712602
No.162: 0.88, 3.87, 1.18, 7.82, 3.36, 18.39, 11.56, 17.32, 1.73, 2.66, 101859.8512712602
No.163: 0.88, 3.87, 1.18, 7.82, 3.36, 18.39, 11.56, 17.32, 1.73, 2.66, 101859.8512712602
No.164: 0.88, 3.87, 1.18, 7.82, 3.36, 18.39, 11.56, 17.32, 1.73, 2.66, 101859.8512712602
No.165: 0.88, 3.87, 1.18, 7.82, 3.36, 18.39, 11.56, 17.32, 1.73, 2.66, 101859.8512712602
No.166: 0.88, 3.87, 1.18, 7.82, 3.36, 18.39, 11.56, 17.32, 1.73, 2.66, 101859.8512712602
No.167: 0.88, 3.87, 1.18, 7.82, 3.36, 18.39, 11.56, 17.32, 1.73, 2.66, 101859.8512712602
No.168: 0.88, 3.87, 1.18, 7.82, 3.36, 18.39, 11.56, 17.32, 1.73, 2.66, 101859.8512712602
No.169: 0.88, 3.87, 1.18, 7.82, 3.36, 18.39, 11.56, 17.32, 1.73, 2.66, 101859.8512712602
No.170: 0.88, 3.87, 1.18, 7.82, 3.36, 18.39, 11.56, 17.32, 1.73, 2.66, 101859.8512712602
No.171: 0.88, 3.87, 1.18, 7.82, 3.36, 18.39, 11.56, 17.32, 1.73, 2.66, 101859.8512712602
No.172: 0.88, 3.87, 1.18, 7.82, 3.36, 18.39, 11.56, 17.32, 1.73, 2.66, 101859.8512712602
No.173: 0.88, 3.87, 1.18, 7.82, 3.36, 18.39, 11.56, 17.32, 1.73, 2.66, 101859.8512712602
No.174: 0.88, 3.87, 1.18, 7.82, 3.36, 18.39, 11.56, 17.32, 1.73, 2.66, 101859.8512712602
No.175: 0.88, 3.87, 1.18, 7.82, 3.36, 18.39, 11.56, 17.32, 1.73, 2.66, 101859.8512712602
No.1: 0.97, 7.46, 0.01, 3.03, 1.47, 1.85, 3.73, 6.92, 0.86, 1.97, 1760025652.6784868
No.2: 0.97, 7.14, 2.05, 8.79, 0.28, 13.41, 8.35, 11.18, 0.37, 1.36, 4506759.577763592
No.3: 1.13, 9.72, 3.14, 6.93, 8.77, 17.90, 1.71, 0.79, 0.43, 2.59, 23752062397.883778
No.4: 0.84, 4.74, 9.58, 5.34, 6.92, 6.32, 13.74, 16.70, 0.14, 2.36, 249001.6420758669
No.5: 1.20, 7.71, 2.81, 7.90, 1.04, 8.96, 18.18, 5.88, 0.65, 1.24, 25825558.97182486
No.6: 0.81, 7.08, 2.12, 2.66, 4.92, 1.07, 11.49, 2.94, 1.22, 2.26, 375933247.8811224
No.7: 0.85, 4.67, 6.95, 4.15, 0.50, 10.72, 13.28, 10.30, 1.90, 2.06, 230530.62208180266
No.8: 1.17, 2.16, 1.40, 8.08, 3.98, 3.31, 18.56, 6.96, 1.53, 2.31, 127673.96692630024
No.9: 1.16, 6.58, 7.51, 3.49, 2.70, 17.92, 8.57, 19.30, 1.37, 2.12, 333253.7740407732
No.10: 0.85, 9.55, 4.50, 5.79, 4.09, 4.75, 18.07, 11.48, 0.11, 2.12, 4325023450.330296
No.11: 0.94, 5.70, 8.86, 3.58, 9.09, 12.47, 0.32, 18.59, 1.42, 2.80, 598633.4935772179
No.12: 0.87, 2.15, 9.33, 6.97, 0.67, 15.11, 15.08, 18.47, 1.46, 2.80, 119498.2414805629
No.13: 0.81, 1.14, 0.29, 2.47, 8.61, 10.78, 11.06, 16.85, 0.34, 1.51, 407770.40215006116
No.14: 1.04, 9.73, 5.62, 0.19, 8.01, 4.66, 16.15, 7.76, 1.75, 2.35, 432215868.2369936
No.15: 1.03, 2.15, 0.60, 1.22, 0.45, 2.15, 4.52, 14.26, 1.17, 2.80, 233590.38718756332
No.16: 0.83, 9.71, 5.69, 2.04, 2.53, 14.88, 3.91, 11.63, 1.95, 2.53, 10641116.67351095
No.17: 0.90, 5.40, 6.20, 8.29, 1.57, 0.38, 1.41, 9.73, 1.26, 2.03, 250163.85741521412
No.18: 0.93, 9.90, 5.80, 3.81, 5.51, 14.91, 13.39, 5.30, 0.23, 1.67, 6100485892.133348
No.19: 1.06, 2.82, 7.53, 0.67, 2.61, 16.10, 3.87, 12.79, 1.10, 2.67, 264164.90728954045
No.20: 0.91, 1.51, 7.36, 7.73, 9.08, 18.64, 0.28, 4.69, 1.28, 2.71, 270620.2546747722
No.21: 1.19, 5.97, 9.16, 6.42, 3.91, 9.72, 12.09, 11.00, 1.86, 2.66, 1720325.049827425
No.22: 0.96, 9.67, 1.74, 1.27, 1.36, 10.12, 0.44, 18.96, 1.68, 2.80, 15712493001.645275
No.23: 0.88, 3.93, 1.31, 8.10, 3.45, 18.81, 11.65, 17.58, 1.71, 2.63, 107157.16695254724
No.24: 0.99, 5.88, 7.99, 2.86, 4.91, 11.99, 0.32, 11.87, 0.93, 2.46, 150883.47879472273
No.25: 0.93, 9.03, 5.78, 1.85, 7.88, 12.25, 1.08, 8.41, 1.40, 2.66, 188337572.8834735
No.26: 0.81, 9.79, 3.77, 9.74, 6.05, 16.58, 11.50, 12.57, 0.65, 2.06, 1369558.0775502569
No.27: 1.11, 8.72, 7.56, 6.99, 8.65, 6.46, 13.42, 9.02, 0.83, 1.74, 115776.4553370008
No.28: 0.97, 3.79, 6.22, 4.31, 9.74, 13.56, 3.98, 8.54, 0.76, 2.44, 332997.90651909134
No.29: 1.16, 9.13, 6.63, 2.71, 2.53, 17.10, 10.56, 16.05, 1.19, 2.32, 34530157.08292894
No.30: 1.01, 7.92, 5.69, 4.66, 3.43, 1.37, 7.56, 1.60, 1.97, 2.80, 98644527.74785247
No.31: 1.13, 8.87, 6.89, 5.70, 1.61, 9.34, 6.91, 4.51, 1.23, 1.57, 123988710.78246802
No.32: 1.17, 9.18, 2.58, 1.11, 1.93, 10.00, 14.58, 4.17, 0.58, 2.54, 3528268336.403738
No.33: 0.97, 6.52, 2.34, 1.02, 5.16, 9.55, 3.06, 12.44, 1.14, 2.18, 98179884.06377968
No.34: 0.86, 7.74, 2.23, 5.20, 7.86, 0.45, 6.49, 17.46, 1.71, 1.97, 779585.6672359278
No.35: 1.15, 9.55, 8.27, 8.55, 0.99, 13.03, 14.08, 12.21, 1.62, 2.80, 983121.1728064712
No.36: 1.11, 7.56, 2.60, 2.58, 6.33, 6.91, 15.94, 8.93, 1.59, 2.79, 111462440.22336565
No.37: 0.93, 2.21, 9.02, 5.42, 9.75, 12.74, 19.88, 10.93, 1.11, 1.25, 225243.24228683085
No.38: 0.95, 1.14, 1.61, 7.46, 0.31, 7.34, 17.25, 13.86, 1.42, 2.80, 120310.32381313125
No.39: 0.98, 6.20, 9.90, 2.04, 2.48, 5.25, 15.01, 9.14, 0.21, 1.92, 135019.40962173662
No.40: 0.89, 8.17, 2.98, 0.28, 5.94, 16.88, 7.63, 15.00, 1.08, 1.98, 410975883.1847129
No.41: 1.19, 8.22, 0.33, 7.10, 4.66, 18.96, 4.43, 5.35, 0.26, 1.78, 3453869420.1336303
No.42: 0.85, 6.67, 8.03, 6.97, 7.67, 6.85, 16.92, 8.58, 1.67, 2.13, 158741.5698795732
No.43: 0.86, 1.62, 0.19, 0.67, 4.59, 2.27, 0.56, 15.10, 0.86, 2.35, 326450.8505993713
No.44: 0.99, 5.00, 4.79, 4.75, 8.04, 8.05, 18.10, 0.75, 1.58, 2.80, 456893.1249304979
No.45: 1.05, 1.00, 5.39, 0.04, 9.52, 18.11, 15.92, 18.31, 0.38, 1.29, 257667.22961786168
No.46: 0.88, 6.57, 9.06, 9.90, 7.12, 14.64, 18.19, 8.02, 0.58, 1.32, 148629.62898834478
No.47: 0.85, 8.30, 1.47, 2.65, 8.20, 6.22, 19.65, 5.34, 1.12, 1.57, 227109086.9402201
No.48: 1.17, 4.24, 4.34, 5.13, 9.39, 0.62, 14.34, 17.83, 0.16, 1.94, 145071.25516137443
No.49: 0.94, 8.73, 5.59, 6.91, 4.53, 12.57, 5.81, 0.19, 1.20, 1.57, 95201994.65780981
No.50: 1.01, 9.24, 4.27, 2.48, 3.72, 18.64, 18.74, 16.89, 1.85, 2.80, 47618800.592704155
No.51: 1.11, 1.07, 3.48, 8.62, 4.90, 18.87, 13.20, 19.14, 1.84, 1.93, 261076.84672273573
No.52: 0.89, 2.79, 1.88, 8.86, 0.28, 16.95, 12.63, 17.17, 1.76, 2.69, 168561.5303263684
No.53: 0.94, 4.81, 1.02, 8.57, 2.85, 19.90, 8.31, 18.13, 1.54, 2.73, 214495.09663296439
No.54: 0.81, 3.09, 0.67, 7.15, 3.64, 19.18, 11.96, 15.40, 1.79, 2.09, 321623.66311654344
No.55: 0.82, 4.86, 1.62, 7.53, 3.29, 17.90, 12.68, 19.12, 1.60, 2.80, 145870.09158096527
No.56: 0.92, 4.04, 2.50, 9.88, 2.95, 18.42, 11.57, 17.03, 1.40, 2.58, 181613.22938072644
No.57: 0.82, 3.41, 0.33, 8.66, 3.50, 19.37, 12.00, 19.60, 1.79, 2.68, 110718.97851291783
No.58: 0.85, 3.37, 1.85, 7.21, 1.99, 19.98, 11.80, 18.63, 1.45, 2.69, 178988.32093679588
No.59: 0.91, 2.73, 0.16, 8.17, 3.16, 17.40, 10.79, 18.19, 1.73, 2.61, 183375.96010003754
No.60: 0.90, 4.97, 0.24, 9.09, 3.26, 19.54, 12.86, 18.23, 1.95, 2.63, 178170.75467535105
No.61: 0.86, 4.17, 1.59, 8.26, 4.88, 19.71, 11.05, 19.94, 1.74, 2.77, 109878.93763304151
No.62: 0.92, 3.95, 1.39, 8.39, 4.78, 20.00, 11.05, 18.15, 1.83, 2.74, 301079.50509817677
No.63: 0.92, 3.93, 1.64, 8.49, 4.05, 18.70, 11.10, 19.92, 1.90, 2.78, 342065.4430735186
No.64: 0.90, 3.56, 0.33, 8.32, 2.78, 18.87, 12.26, 18.71, 1.52, 2.61, 142895.64536420538
No.65: 0.84, 4.13, 1.13, 7.88, 4.15, 19.87, 12.42, 19.36, 1.57, 2.60, 164651.09707595696
No.66: 0.87, 4.53, 1.33, 8.04, 2.80, 18.75, 12.29, 17.95, 1.68, 2.65, 116127.65616160032
No.67: 0.90, 3.53, 1.88, 7.66, 3.02, 18.25, 12.04, 17.63, 1.64, 2.73, 97224.80971622979
No.68: 0.91, 4.17, 1.34, 8.32, 3.04, 17.53, 11.96, 17.51, 1.77, 2.76, 205576.38530917585
No.69: 0.90, 3.23, 1.71, 7.80, 3.34, 19.05, 12.33, 18.10, 1.70, 2.73, 144225.0416249794
No.70: 0.89, 3.88, 1.69, 7.14, 2.90, 18.62, 11.47, 17.42, 1.62, 2.66, 119186.3190052348
No.71: 0.89, 3.89, 2.22, 8.09, 2.53, 19.03, 12.01, 17.25, 1.60, 2.80, 103821.23274903785
No.72: 0.91, 3.27, 1.89, 7.98, 2.56, 18.44, 11.44, 17.69, 1.72, 2.77, 214747.81720211532
No.73: 0.91, 3.90, 2.08, 7.57, 3.18, 18.77, 12.64, 16.96, 1.61, 2.69, 105404.14629699089
No.74: 0.90, 3.83, 2.19, 7.34, 2.83, 18.13, 12.72, 17.77, 1.66, 2.69, 99837.18305432981
No.75: 0.90, 3.44, 1.59, 7.39, 2.75, 18.34, 12.52, 17.20, 1.65, 2.75, 105170.56891582454
No.76: 0.90, 3.80, 2.06, 7.36, 3.31, 17.67, 12.15, 17.35, 1.63, 2.69, 104992.62843288953
No.77: 0.91, 3.77, 1.66, 7.40, 3.21, 18.21, 12.41, 17.96, 1.67, 2.76, 144313.5873090254
No.78: 0.89, 3.33, 2.07, 7.84, 3.10, 18.20, 12.54, 17.19, 1.61, 2.72, 106763.22337334832
No.79: 0.90, 3.66, 2.09, 7.74, 3.22, 18.56, 11.84, 17.21, 1.61, 2.73, 105540.84606842564
No.80: 0.90, 3.69, 2.06, 7.64, 2.84, 17.95, 12.22, 17.25, 1.65, 2.72, 98013.74915652708
No.81: 0.90, 3.61, 2.02, 7.64, 2.84, 18.57, 12.32, 17.50, 1.67, 2.73, 114154.72871849131
No.82: 0.90, 3.47, 1.88, 7.58, 3.16, 17.95, 11.75, 17.32, 1.62, 2.72, 102780.1571458122
No.83: 0.91, 3.42, 2.02, 7.80, 2.87, 17.97, 12.29, 17.84, 1.62, 2.76, 108725.49097801303
No.84: 0.90, 3.63, 1.97, 7.60, 3.14, 18.01, 11.80, 17.88, 1.65, 2.75, 111524.25437030119
No.85: 0.90, 3.44, 1.78, 7.55, 3.04, 18.02, 12.25, 17.47, 1.63, 2.71, 98934.19295971867
No.86: 0.90, 3.63, 1.80, 7.73, 3.09, 18.27, 11.97, 17.42, 1.64, 2.75, 100239.86102712671
No.87: 0.90, 3.48, 1.97, 7.58, 3.09, 18.22, 12.16, 17.47, 1.63, 2.72, 98637.41420931846
No.88: 0.90, 3.46, 1.81, 7.58, 3.08, 18.39, 11.88, 17.53, 1.63, 2.73, 98250.53614631912
No.89: 0.90, 3.47, 1.89, 7.60, 2.94, 18.13, 11.97, 17.50, 1.64, 2.74, 97739.09955134451
No.90: 0.90, 3.48, 1.93, 7.73, 3.09, 18.14, 12.01, 17.52, 1.64, 2.74, 97522.39277331695
No.91: 0.90, 3.58, 1.93, 7.62, 3.08, 18.27, 11.91, 17.58, 1.63, 2.72, 99523.35681568753
No.92: 0.90, 3.48, 1.84, 7.65, 3.06, 18.15, 12.02, 17.74, 1.63, 2.73, 97561.13721253065
No.93: 0.90, 3.49, 1.84, 7.70, 2.97, 18.17, 12.13, 17.55, 1.64, 2.73, 96798.78117587614
No.94: 0.90, 3.45, 1.80, 7.70, 2.98, 18.25, 12.04, 17.58, 1.63, 2.73, 97473.77047699712
No.95: 0.90, 3.51, 1.80, 7.66, 3.00, 18.11, 12.06, 17.59, 1.64, 2.73, 97044.8640967655
No.96: 0.90, 3.47, 1.87, 7.66, 2.97, 18.11, 12.11, 17.61, 1.64, 2.72, 96852.05859366462
No.97: 0.90, 3.51, 1.86, 7.67, 2.99, 18.15, 12.18, 17.61, 1.63, 2.73, 97633.38336908541
No.98: 0.90, 3.49, 1.85, 7.72, 2.99, 18.12, 12.12, 17.50, 1.63, 2.72, 98441.50387388449
No.99: 0.90, 3.47, 1.82, 7.68, 2.99, 18.21, 12.18, 17.51, 1.64, 2.73, 96694.77596641875
No.100: 0.90, 3.46, 1.80, 7.66, 3.01, 18.19, 12.13, 17.54, 1.64, 2.73, 96704.97292469852
No.101: 0.90, 3.49, 1.83, 7.66, 2.98, 18.25, 12.14, 17.47, 1.64, 2.73, 96853.10185005293
No.102: 0.90, 3.48, 1.84, 7.66, 2.98, 18.20, 12.20, 17.48, 1.64, 2.73, 96739.1909277527
No.103: 0.90, 3.48, 1.81, 7.68, 2.98, 18.23, 12.20, 17.53, 1.64, 2.73, 96718.09618029106
No.104: 0.90, 3.46, 1.83, 7.67, 2.98, 18.24, 12.16, 17.54, 1.64, 2.73, 96629.6881039615
No.105: 0.90, 3.47, 1.84, 7.68, 2.98, 18.24, 12.14, 17.52, 1.65, 2.73, 100599.14369203261
No.106: 0.90, 3.46, 1.82, 7.66, 2.97, 18.22, 12.17, 17.52, 1.64, 2.73, 96612.01696089924
No.107: 0.90, 3.45, 1.82, 7.65, 2.97, 18.22, 12.18, 17.51, 1.64, 2.73, 96553.65652170352
No.108: 0.90, 3.44, 1.81, 7.64, 2.97, 18.23, 12.19, 17.53, 1.64, 2.73, 96486.73886421937
No.109: 0.90, 3.45, 1.81, 7.64, 2.98, 18.24, 12.18, 17.52, 1.64, 2.73, 96569.84791524155
No.110: 0.90, 3.44, 1.81, 7.64, 2.97, 18.24, 12.21, 17.52, 1.64, 2.73, 96481.45122315118
No.111: 0.90, 3.44, 1.81, 7.64, 2.97, 18.24, 12.21, 17.52, 1.64, 2.73, 96481.45122315118
No.112: 0.90, 3.44, 1.81, 7.65, 2.97, 18.24, 12.20, 17.53, 1.64, 2.73, 96480.57686158697
No.113: 0.90, 3.43, 1.81, 7.65, 2.97, 18.25, 12.21, 17.52, 1.64, 2.73, 96423.87052222766
No.114: 0.90, 3.44, 1.81, 7.65, 2.97, 18.25, 12.21, 17.52, 1.64, 2.73, 96480.46193630554
No.115: 0.90, 3.44, 1.81, 7.66, 2.97, 18.25, 12.21, 17.52, 1.64, 2.73, 96478.68757528641
No.116: 0.90, 3.43, 1.81, 7.65, 2.97, 18.24, 12.22, 17.51, 1.64, 2.73, 96423.1315434922
No.117: 0.90, 3.43, 1.81, 7.65, 2.97, 18.24, 12.22, 17.51, 1.64, 2.73, 96423.1315434922
No.118: 0.90, 3.43, 1.81, 7.65, 2.97, 18.24, 12.22, 17.51, 1.64, 2.73, 96423.1315434922
No.119: 0.90, 3.43, 1.81, 7.65, 2.97, 18.25, 12.22, 17.51, 1.64, 2.73, 96423.918649962
No.120: 0.90, 3.43, 1.81, 7.65, 2.97, 18.25, 12.22, 17.51, 1.64, 2.73, 96423.918649962
No.121: 0.90, 3.43, 1.81, 7.65, 2.97, 18.24, 12.22, 17.51, 1.64, 2.73, 96423.1315434922
No.122: 0.90, 3.43, 1.81, 7.65, 2.97, 18.24, 12.22, 17.51, 1.64, 2.73, 96423.1315434922
No.123: 0.90, 3.43, 1.81, 7.65, 2.97, 18.24, 12.22, 17.51, 1.64, 2.73, 96423.1315434922
No.124: 0.90, 3.43, 1.81, 7.65, 2.97, 18.24, 12.22, 17.51, 1.64, 2.73, 96423.1315434922
No.125: 0.90, 3.43, 1.81, 7.65, 2.97, 18.24, 12.22, 17.51, 1.64, 2.73, 96423.1315434922
No.126: 0.90, 3.43, 1.81, 7.65, 2.97, 18.24, 12.22, 17.51, 1.64, 2.73, 96423.1315434922
No.127: 0.90, 3.43, 1.81, 7.65, 2.97, 18.24, 12.22, 17.51, 1.64, 2.73, 96423.1315434922
No.128: 0.90, 3.43, 1.81, 7.65, 2.97, 18.24, 12.22, 17.51, 1.64, 2.73, 96423.1315434922
No.129: 0.90, 3.43, 1.81, 7.65, 2.97, 18.24, 12.22, 17.51, 1.64, 2.73, 96423.1315434922
No.130: 0.90, 3.43, 1.81, 7.65, 2.97, 18.24, 12.22, 17.51, 1.64, 2.73, 96423.1315434922
No.131: 0.90, 3.43, 1.81, 7.65, 2.97, 18.24, 12.22, 17.51, 1.64, 2.73, 96423.1315434922
No.132: 0.90, 3.43, 1.81, 7.65, 2.97, 18.24, 12.22, 17.51, 1.64, 2.73, 96423.1315434922
No.133: 0.90, 3.43, 1.81, 7.65, 2.97, 18.24, 12.22, 17.51, 1.64, 2.73, 96423.1315434922
No.134: 0.90, 3.43, 1.81, 7.65, 2.97, 18.24, 12.22, 17.51, 1.64, 2.73, 96423.1315434922
No.135: 0.90, 3.43, 1.81, 7.65, 2.97, 18.24, 12.22, 17.51, 1.64, 2.73, 96423.1315434922
No.136: 0.90, 3.43, 1.81, 7.65, 2.97, 18.24, 12.22, 17.51, 1.64, 2.73, 96423.1315434922
No.137: 0.90, 3.43, 1.81, 7.65, 2.97, 18.24, 12.22, 17.51, 1.64, 2.73, 96423.1315434922
No.138: 0.90, 3.43, 1.81, 7.65, 2.97, 18.24, 12.22, 17.51, 1.64, 2.73, 96423.1315434922
No.139: 0.90, 3.43, 1.81, 7.65, 2.97, 18.24, 12.22, 17.51, 1.64, 2.73, 96423.1315434922
No.140: 0.90, 3.43, 1.81, 7.65, 2.97, 18.24, 12.22, 17.51, 1.64, 2.73, 96423.1315434922
No.141: 0.90, 3.43, 1.81, 7.65, 2.97, 18.24, 12.22, 17.51, 1.64, 2.73, 96423.1315434922
No.142: 0.90, 3.43, 1.81, 7.65, 2.97, 18.24, 12.22, 17.51, 1.64, 2.73, 96423.1315434922
No.143: 0.90, 3.43, 1.81, 7.65, 2.97, 18.24, 12.22, 17.51, 1.64, 2.73, 96423.1315434922
No.144: 0.90, 3.43, 1.81, 7.65, 2.97, 18.24, 12.22, 17.51, 1.64, 2.73, 96423.1315434922
No.145: 0.90, 3.43, 1.81, 7.65, 2.97, 18.24, 12.22, 17.51, 1.64, 2.73, 96423.1315434922
No.146: 0.90, 3.43, 1.81, 7.65, 2.97, 18.24, 12.22, 17.51, 1.64, 2.73, 96423.1315434922
No.147: 0.90, 3.43, 1.81, 7.65, 2.97, 18.24, 12.22, 17.51, 1.64, 2.73, 96423.1315434922
No.148: 0.90, 3.43, 1.81, 7.65, 2.97, 18.24, 12.22, 17.51, 1.64, 2.73, 96423.1315434922
No.149: 0.90, 3.43, 1.81, 7.65, 2.97, 18.24, 12.22, 17.51, 1.64, 2.73, 96423.1315434922
No.150: 0.90, 3.43, 1.81, 7.65, 2.97, 18.24, 12.22, 17.51, 1.64, 2.73, 96423.1315434922
No.151: 0.90, 3.43, 1.81, 7.65, 2.97, 18.24, 12.22, 17.51, 1.64, 2.73, 96423.1315434922
No.152: 0.90, 3.43, 1.81, 7.65, 2.97, 18.24, 12.22, 17.51, 1.64, 2.73, 96423.1315434922
No.153: 0.90, 3.43, 1.81, 7.65, 2.97, 18.24, 12.22, 17.51, 1.64, 2.73, 96423.1315434922
No.154: 0.90, 3.43, 1.81, 7.65, 2.97, 18.24, 12.22, 17.51, 1.64, 2.73, 96423.1315434922
No.155: 0.90, 3.43, 1.81, 7.65, 2.97, 18.24, 12.22, 17.51, 1.64, 2.73, 96423.1315434922
No.156: 0.90, 3.43, 1.81, 7.65, 2.97, 18.24, 12.22, 17.51, 1.64, 2.73, 96423.1315434922
No.157: 0.90, 3.43, 1.81, 7.65, 2.97, 18.24, 12.22, 17.51, 1.64, 2.73, 96423.1315434922
No.158: 0.90, 3.43, 1.81, 7.65, 2.97, 18.24, 12.22, 17.51, 1.64, 2.73, 96423.1315434922
No.159: 0.90, 3.43, 1.81, 7.65, 2.97, 18.24, 12.22, 17.51, 1.64, 2.73, 96423.1315434922
No.160: 0.90, 3.43, 1.81, 7.65, 2.97, 18.24, 12.22, 17.51, 1.64, 2.73, 96423.1315434922
No.161: 0.90, 3.43, 1.81, 7.65, 2.97, 18.24, 12.22, 17.51, 1.64, 2.73, 96423.1315434922
No.162: 0.90, 3.43, 1.81, 7.65, 2.97, 18.24, 12.22, 17.51, 1.64, 2.73, 96423.1315434922
No.163: 0.90, 3.43, 1.81, 7.65, 2.97, 18.24, 12.22, 17.51, 1.64, 2.73, 96423.1315434922
No.164: 0.90, 3.43, 1.81, 7.65, 2.97, 18.24, 12.22, 17.51, 1.64, 2.73, 96423.1315434922
No.165: 0.90, 3.43, 1.81, 7.65, 2.97, 18.24, 12.22, 17.51, 1.64, 2.73, 96423.1315434922
No.166: 0.90, 3.43, 1.81, 7.65, 2.97, 18.24, 12.22, 17.51, 1.64, 2.73, 96423.1315434922
No.167: 0.90, 3.43, 1.81, 7.65, 2.97, 18.24, 12.22, 17.51, 1.64, 2.73, 96423.1315434922
No.168: 0.90, 3.43, 1.81, 7.65, 2.97, 18.24, 12.22, 17.51, 1.64, 2.73, 96423.1315434922
No.169: 0.90, 3.43, 1.81, 7.65, 2.97, 18.24, 12.22, 17.51, 1.64, 2.73, 96423.1315434922
No.170: 0.90, 3.43, 1.81, 7.65, 2.97, 18.24, 12.22, 17.51, 1.64, 2.73, 96423.1315434922
No.171: 0.90, 3.43, 1.81, 7.65, 2.97, 18.24, 12.22, 17.51, 1.64, 2.73, 96423.1315434922
No.172: 0.90, 3.43, 1.81, 7.65, 2.97, 18.24, 12.22, 17.51, 1.64, 2.73, 96423.1315434922
No.173: 0.90, 3.43, 1.81, 7.65, 2.97, 18.24, 12.22, 17.51, 1.64, 2.73, 96423.1315434922
No.174: 0.90, 3.43, 1.81, 7.65, 2.97, 18.24, 12.22, 17.51, 1.64, 2.73, 96423.1315434922
No.175: 0.90, 3.43, 1.81, 7.65, 2.97, 18.24, 12.22, 17.51, 1.64, 2.73, 96423.1315434922
No.176: 0.90, 3.43, 1.81, 7.65, 2.97, 18.24, 12.22, 17.51, 1.64, 2.73, 96423.1315434922
No.177: 0.90, 3.43, 1.81, 7.65, 2.97, 18.24, 12.22, 17.51, 1.64, 2.73, 96423.1315434922
No.178: 0.90, 3.43, 1.81, 7.65, 2.97, 18.24, 12.22, 17.51, 1.64, 2.73, 96423.1315434922
No.179: 0.90, 3.43, 1.81, 7.65, 2.97, 18.24, 12.22, 17.51, 1.64, 2.73, 96423.1315434922
No.180: 0.90, 3.43, 1.81, 7.65, 2.97, 18.24, 12.22, 17.51, 1.64, 2.73, 96423.1315434922
No.181: 0.90, 3.43, 1.81, 7.65, 2.97, 18.24, 12.22, 17.51, 1.64, 2.73, 96423.1315434922
No.182: 0.90, 3.43, 1.81, 7.65, 2.97, 18.24, 12.22, 17.51, 1.64, 2.73, 96423.1315434922
No.183: 0.90, 3.43, 1.81, 7.65, 2.97, 18.24, 12.22, 17.51, 1.64, 2.73, 96423.1315434922
No.184: 0.90, 3.43, 1.81, 7.65, 2.97, 18.24, 12.22, 17.51, 1.64, 2.73, 96423.1315434922
No.185: 0.90, 3.43, 1.81, 7.65, 2.97, 18.24, 12.22, 17.51, 1.64, 2.73, 96423.1315434922
No.186: 0.90, 3.43, 1.81, 7.65, 2.97, 18.24, 12.22, 17.51, 1.64, 2.73, 96423.1315434922
No.187: 0.90, 3.43, 1.81, 7.65, 2.97, 18.24, 12.22, 17.51, 1.64, 2.73, 96423.1315434922
No.188: 0.90, 3.43, 1.81, 7.65, 2.97, 18.24, 12.22, 17.51, 1.64, 2.73, 96423.1315434922
No.189: 0.90, 3.43, 1.81, 7.65, 2.97, 18.24, 12.22, 17.51, 1.64, 2.73, 96423.1315434922
No.190: 0.90, 3.43, 1.81, 7.65, 2.97, 18.24, 12.22, 17.51, 1.64, 2.73, 96423.1315434922
No.191: 0.90, 3.43, 1.81, 7.65, 2.97, 18.24, 12.22, 17.51, 1.64, 2.73, 96423.1315434922
No.192: 0.90, 3.43, 1.81, 7.65, 2.97, 18.24, 12.22, 17.51, 1.64, 2.73, 96423.1315434922
No.193: 0.90, 3.43, 1.81, 7.65, 2.97, 18.24, 12.22, 17.51, 1.64, 2.73, 96423.1315434922
No.194: 0.90, 3.43, 1.81, 7.65, 2.97, 18.24, 12.22, 17.51, 1.64, 2.73, 96423.1315434922
No.195: 0.90, 3.43, 1.81, 7.65, 2.97, 18.24, 12.22, 17.51, 1.64, 2.73, 96423.1315434922
No.196: 0.90, 3.43, 1.81, 7.65, 2.97, 18.24, 12.22, 17.51, 1.64, 2.73, 96423.1315434922
No.197: 0.90, 3.43, 1.81, 7.65, 2.97, 18.24, 12.22, 17.51, 1.64, 2.73, 96423.1315434922
No.198: 0.90, 3.43, 1.81, 7.65, 2.97, 18.24, 12.22, 17.51, 1.64, 2.73, 96423.1315434922
No.199: 0.90, 3.43, 1.81, 7.65, 2.97, 18.24, 12.22, 17.51, 1.64, 2.73, 96423.1315434922
No.200: 0.90, 3.43, 1.81, 7.65, 2.97, 18.24, 12.22, 17.51, 1.64, 2.73, 96423.1315434922
No.201: 0.90, 3.43, 1.81, 7.65, 2.97, 18.24, 12.22, 17.51, 1.64, 2.73, 96423.1315434922
No.202: 0.90, 3.43, 1.81, 7.65, 2.97, 18.24, 12.22, 17.51, 1.64, 2.73, 96423.1315434922
No.203: 0.90, 3.43, 1.81, 7.65, 2.97, 18.24, 12.22, 17.51, 1.64, 2.73, 96423.1315434922
No.204: 0.90, 3.43, 1.81, 7.65, 2.97, 18.24, 12.22, 17.51, 1.64, 2.73, 96423.1315434922
No.205: 0.90, 3.43, 1.81, 7.65, 2.97, 18.24, 12.22, 17.51, 1.64, 2.73, 96423.1315434922
No.206: 0.90, 3.43, 1.81, 7.65, 2.97, 18.24, 12.22, 17.51, 1.64, 2.73, 96423.1315434922
No.207: 0.90, 3.43, 1.81, 7.65, 2.97, 18.24, 12.22, 17.51, 1.64, 2.73, 96423.1315434922
No.208: 0.90, 3.43, 1.81, 7.65, 2.97, 18.24, 12.22, 17.51, 1.64, 2.73, 96423.1315434922
No.209: 0.90, 3.43, 1.81, 7.65, 2.97, 18.24, 12.22, 17.51, 1.64, 2.73, 96423.1315434922
No.210: 0.90, 3.43, 1.81, 7.65, 2.97, 18.24, 12.22, 17.51, 1.64, 2.73, 96423.1315434922
No.211: 0.90, 3.43, 1.81, 7.65, 2.97, 18.24, 12.22, 17.51, 1.64, 2.73, 96423.1315434922
No.212: 0.90, 3.43, 1.81, 7.65, 2.97, 18.24, 12.22, 17.51, 1.64, 2.73, 96423.1315434922
No.213: 0.90, 3.43, 1.81, 7.65, 2.97, 18.24, 12.22, 17.51, 1.64, 2.73, 96423.1315434922
No.214: 0.90, 3.43, 1.81, 7.65, 2.97, 18.24, 12.22, 17.51, 1.64, 2.73, 96423.1315434922
No.215: 0.90, 3.43, 1.81, 7.65, 2.97, 18.24, 12.22, 17.51, 1.64, 2.73, 96423.1315434922
No.216: 0.90, 3.43, 1.81, 7.65, 2.97, 18.24, 12.22, 17.51, 1.64, 2.73, 96423.1315434922
No.217: 0.90, 3.43, 1.81, 7.65, 2.97, 18.24, 12.22, 17.51, 1.64, 2.73, 96423.1315434922
No.218: 0.90, 3.43, 1.81, 7.65, 2.97, 18.24, 12.22, 17.51, 1.64, 2.73, 96423.1315434922
No.219: 0.90, 3.43, 1.81, 7.65, 2.97, 18.24, 12.22, 17.51, 1.64, 2.73, 96423.1315434922
No.220: 0.90, 3.43, 1.81, 7.65, 2.97, 18.24, 12.22, 17.51, 1.64, 2.73, 96423.1315434922
No.221: 0.90, 3.43, 1.81, 7.65, 2.97, 18.24, 12.22, 17.51, 1.64, 2.73, 96423.1315434922
No.222: 0.90, 3.43, 1.81, 7.65, 2.97, 18.24, 12.22, 17.51, 1.64, 2.73, 96423.1315434922
No.223: 0.90, 3.43, 1.81, 7.65, 2.97, 18.24, 12.22, 17.51, 1.64, 2.73, 96423.1315434922
No.224: 0.90, 3.43, 1.81, 7.65, 2.97, 18.24, 12.22, 17.51, 1.64, 2.73, 96423.1315434922
No.225: 0.90, 3.43, 1.81, 7.65, 2.97, 18.24, 12.22, 17.51, 1.64, 2.73, 96423.1315434922
No.226: 0.90, 3.43, 1.81, 7.65, 2.97, 18.24, 12.22, 17.51, 1.64, 2.73, 96423.1315434922
No.227: 0.90, 3.43, 1.81, 7.65, 2.97, 18.24, 12.22, 17.51, 1.64, 2.73, 96423.1315434922
No.228: 0.90, 3.43, 1.81, 7.65, 2.97, 18.24, 12.22, 17.51, 1.64, 2.73, 96423.1315434922
No.229: 0.90, 3.43, 1.81, 7.65, 2.97, 18.24, 12.22, 17.51, 1.64, 2.73, 96423.1315434922
No.230: 0.90, 3.43, 1.81, 7.65, 2.97, 18.24, 12.22, 17.51, 1.64, 2.73, 96423.1315434922
No.231: 0.90, 3.43, 1.81, 7.65, 2.97, 18.24, 12.22, 17.51, 1.64, 2.73, 96423.1315434922
No.232: 0.90, 3.43, 1.81, 7.65, 2.97, 18.24, 12.22, 17.51, 1.64, 2.73, 96423.1315434922
No.233: 0.90, 3.43, 1.81, 7.65, 2.97, 18.24, 12.22, 17.51, 1.64, 2.73, 96423.1315434922
No.234: 0.90, 3.43, 1.81, 7.65, 2.97, 18.24, 12.22, 17.51, 1.64, 2.73, 96423.1315434922
No.235: 0.90, 3.43, 1.81, 7.65, 2.97, 18.24, 12.22, 17.51, 1.64, 2.73, 96423.1315434922
No.236: 0.90, 3.43, 1.81, 7.65, 2.97, 18.24, 12.22, 17.51, 1.64, 2.73, 96423.1315434922
No.237: 0.90, 3.43, 1.81, 7.65, 2.97, 18.24, 12.22, 17.51, 1.64, 2.73, 96423.1315434922
No.238: 0.90, 3.43, 1.81, 7.65, 2.97, 18.24, 12.22, 17.51, 1.64, 2.73, 96423.1315434922
No.239: 0.90, 3.43, 1.81, 7.65, 2.97, 18.24, 12.22, 17.51, 1.64, 2.73, 96423.1315434922
No.240: 0.90, 3.43, 1.81, 7.65, 2.97, 18.24, 12.22, 17.51, 1.64, 2.73, 96423.1315434922
No.241: 0.90, 3.43, 1.81, 7.65, 2.97, 18.24, 12.22, 17.51, 1.64, 2.73, 96423.1315434922
No.242: 0.90, 3.43, 1.81, 7.65, 2.97, 18.24, 12.22, 17.51, 1.64, 2.73, 96423.1315434922
No.243: 0.90, 3.43, 1.81, 7.65, 2.97, 18.24, 12.22, 17.51, 1.64, 2.73, 96423.1315434922
No.244: 0.90, 3.43, 1.81, 7.65, 2.97, 18.24, 12.22, 17.51, 1.64, 2.73, 96423.1315434922
No.245: 0.90, 3.43, 1.81, 7.65, 2.97, 18.24, 12.22, 17.51, 1.64, 2.73, 96423.1315434922
No.246: 0.90, 3.43, 1.81, 7.65, 2.97, 18.24, 12.22, 17.51, 1.64, 2.73, 96423.1315434922
No.247: 0.90, 3.43, 1.81, 7.65, 2.97, 18.24, 12.22, 17.51, 1.64, 2.73, 96423.1315434922
No.248: 0.90, 3.43, 1.81, 7.65, 2.97, 18.24, 12.22, 17.51, 1.64, 2.73, 96423.1315434922
No.249: 0.90, 3.43, 1.81, 7.65, 2.97, 18.24, 12.22, 17.51, 1.64, 2.73, 96423.1315434922
No.250: 0.90, 3.43, 1.81, 7.65, 2.97, 18.24, 12.22, 17.51, 1.64, 2.73, 96423.1315434922
No.251: 0.90, 3.43, 1.81, 7.65, 2.97, 18.24, 12.22, 17.51, 1.64, 2.73, 96423.1315434922
No.252: 0.90, 3.43, 1.81, 7.65, 2.97, 18.24, 12.22, 17.51, 1.64, 2.73, 96423.1315434922
No.253: 0.90, 3.43, 1.81, 7.65, 2.97, 18.24, 12.22, 17.51, 1.64, 2.73, 96423.1315434922
No.254: 0.90, 3.43, 1.81, 7.65, 2.97, 18.24, 12.22, 17.51, 1.64, 2.73, 96423.1315434922
No.255: 0.90, 3.43, 1.81, 7.65, 2.97, 18.24, 12.22, 17.51, 1.64, 2.73, 96423.1315434922
No.256: 0.90, 3.43, 1.81, 7.65, 2.97, 18.24, 12.22, 17.51, 1.64, 2.73, 96423.1315434922
No.257: 0.90, 3.43, 1.81, 7.65, 2.97, 18.24, 12.22, 17.51, 1.64, 2.73, 96423.1315434922
No.258: 0.90, 3.43, 1.81, 7.65, 2.97, 18.24, 12.22, 17.51, 1.64, 2.73, 96423.1315434922
No.259: 0.90, 3.43, 1.81, 7.65, 2.97, 18.24, 12.22, 17.51, 1.64, 2.73, 96423.1315434922
No.260: 0.90, 3.43, 1.81, 7.65, 2.97, 18.24, 12.22, 17.51, 1.64, 2.73, 96423.1315434922
No.261: 0.90, 3.43, 1.81, 7.65, 2.97, 18.24, 12.22, 17.51, 1.64, 2.73, 96423.1315434922
No.262: 0.90, 3.43, 1.81, 7.65, 2.97, 18.24, 12.22, 17.51, 1.64, 2.73, 96423.1315434922
No.263: 0.90, 3.43, 1.81, 7.65, 2.97, 18.24, 12.22, 17.51, 1.64, 2.73, 96423.1315434922
No.264: 0.90, 3.43, 1.81, 7.65, 2.97, 18.24, 12.22, 17.51, 1.64, 2.73, 96423.1315434922
No.265: 0.90, 3.43, 1.81, 7.65, 2.97, 18.24, 12.22, 17.51, 1.64, 2.73, 96423.1315434922
No.266: 0.90, 3.43, 1.81, 7.65, 2.97, 18.24, 12.22, 17.51, 1.64, 2.73, 96423.1315434922
No.267: 0.90, 3.43, 1.81, 7.65, 2.97, 18.24, 12.22, 17.51, 1.64, 2.73, 96423.1315434922
No.268: 0.90, 3.43, 1.81, 7.65, 2.97, 18.24, 12.22, 17.51, 1.64, 2.73, 96423.1315434922
No.269: 0.90, 3.43, 1.81, 7.65, 2.97, 18.24, 12.22, 17.51, 1.64, 2.73, 96423.1315434922
No.270: 0.90, 3.43, 1.81, 7.65, 2.97, 18.24, 12.22, 17.51, 1.64, 2.73, 96423.1315434922
No.271: 0.90, 3.43, 1.81, 7.65, 2.97, 18.24, 12.22, 17.51, 1.64, 2.73, 96423.1315434922
No.272: 0.90, 3.43, 1.81, 7.65, 2.97, 18.24, 12.22, 17.51, 1.64, 2.73, 96423.1315434922
No.273: 0.90, 3.43, 1.81, 7.65, 2.97, 18.24, 12.22, 17.51, 1.64, 2.73, 96423.1315434922
No.274: 0.90, 3.43, 1.81, 7.65, 2.97, 18.24, 12.22, 17.51, 1.64, 2.73, 96423.1315434922
No.275: 0.90, 3.43, 1.81, 7.65, 2.97, 18.24, 12.22, 17.51, 1.64, 2.73, 96423.1315434922
No.276: 0.90, 3.43, 1.81, 7.65, 2.97, 18.24, 12.22, 17.51, 1.64, 2.73, 96423.1315434922
No.277: 0.90, 3.43, 1.81, 7.65, 2.97, 18.24, 12.22, 17.51, 1.64, 2.73, 96423.1315434922
No.278: 0.90, 3.43, 1.81, 7.65, 2.97, 18.24, 12.22, 17.51, 1.64, 2.73, 96423.1315434922
No.279: 0.90, 3.43, 1.81, 7.65, 2.97, 18.24, 12.22, 17.51, 1.64, 2.73, 96423.1315434922
No.280: 0.90, 3.43, 1.81, 7.65, 2.97, 18.24, 12.22, 17.51, 1.64, 2.73, 96423.1315434922
No.281: 0.90, 3.43, 1.81, 7.65, 2.97, 18.24, 12.22, 17.51, 1.64, 2.73, 96423.1315434922
No.282: 0.90, 3.43, 1.81, 7.65, 2.97, 18.24, 12.22, 17.51, 1.64, 2.73, 96423.1315434922
No.283: 0.90, 3.43, 1.81, 7.65, 2.97, 18.24, 12.22, 17.51, 1.64, 2.73, 96423.1315434922
No.284: 0.90, 3.43, 1.81, 7.65, 2.97, 18.24, 12.22, 17.51, 1.64, 2.73, 96423.1315434922
No.285: 0.90, 3.43, 1.81, 7.65, 2.97, 18.24, 12.22, 17.51, 1.64, 2.73, 96423.1315434922
No.286: 0.90, 3.43, 1.81, 7.65, 2.97, 18.24, 12.22, 17.51, 1.64, 2.73, 96423.1315434922
No.287: 0.90, 3.43, 1.81, 7.65, 2.97, 18.24, 12.22, 17.51, 1.64, 2.73, 96423.1315434922
No.288: 0.90, 3.43, 1.81, 7.65, 2.97, 18.24, 12.22, 17.51, 1.64, 2.73, 96423.1315434922
No.289: 0.90, 3.43, 1.81, 7.65, 2.97, 18.24, 12.22, 17.51, 1.64, 2.73, 96423.1315434922
No.290: 0.90, 3.43, 1.81, 7.65, 2.97, 18.24, 12.22, 17.51, 1.64, 2.73, 96423.1315434922
No.291: 0.90, 3.43, 1.81, 7.65, 2.97, 18.24, 12.22, 17.51, 1.64, 2.73, 96423.1315434922
No.292: 0.90, 3.43, 1.81, 7.65, 2.97, 18.24, 12.22, 17.51, 1.64, 2.73, 96423.1315434922
No.293: 0.90, 3.43, 1.81, 7.65, 2.97, 18.24, 12.22, 17.51, 1.64, 2.73, 96423.1315434922
No.294: 0.90, 3.43, 1.81, 7.65, 2.97, 18.24, 12.22, 17.51, 1.64, 2.73, 96423.1315434922
No.295: 0.90, 3.43, 1.81, 7.65, 2.97, 18.24, 12.22, 17.51, 1.64, 2.73, 96423.1315434922
No.296: 0.90, 3.43, 1.81, 7.65, 2.97, 18.24, 12.22, 17.51, 1.64, 2.73, 96423.1315434922
No.297: 0.90, 3.43, 1.81, 7.65, 2.97, 18.24, 12.22, 17.51, 1.64, 2.73, 96423.1315434922
No.298: 0.90, 3.43, 1.81, 7.65, 2.97, 18.24, 12.22, 17.51, 1.64, 2.73, 96423.1315434922
No.299: 0.90, 3.43, 1.81, 7.65, 2.97, 18.24, 12.22, 17.51, 1.64, 2.73, 96423.1315434922
No.300: 0.90, 3.43, 1.81, 7.65, 2.97, 18.24, 12.22, 17.51, 1.64, 2.73, 96423.1315434922
No.301: 0.90, 3.43, 1.81, 7.65, 2.97, 18.24, 12.22, 17.51, 1.64, 2.73, 96423.1315434922
No.302: 0.90, 3.43, 1.81, 7.65, 2.97, 18.24, 12.22, 17.51, 1.64, 2.73, 96423.1315434922
No.303: 0.90, 3.43, 1.81, 7.65, 2.97, 18.24, 12.22, 17.51, 1.64, 2.73, 96423.1315434922
No.304: 0.90, 3.43, 1.81, 7.65, 2.97, 18.24, 12.22, 17.51, 1.64, 2.73, 96423.1315434922
No.305: 0.90, 3.43, 1.81, 7.65, 2.97, 18.24, 12.22, 17.51, 1.64, 2.73, 96423.1315434922
No.306: 0.90, 3.43, 1.81, 7.65, 2.97, 18.24, 12.22, 17.51, 1.64, 2.73, 96423.1315434922
No.307: 0.90, 3.43, 1.81, 7.65, 2.97, 18.24, 12.22, 17.51, 1.64, 2.73, 96423.1315434922
No.308: 0.90, 3.43, 1.81, 7.65, 2.97, 18.24, 12.22, 17.51, 1.64, 2.73, 96423.1315434922
No.309: 0.90, 3.43, 1.81, 7.65, 2.97, 18.24, 12.22, 17.51, 1.64, 2.73, 96423.1315434922
No.310: 0.90, 3.43, 1.81, 7.65, 2.97, 18.24, 12.22, 17.51, 1.64, 2.73, 96423.1315434922
No.311: 0.90, 3.43, 1.81, 7.65, 2.97, 18.24, 12.22, 17.51, 1.64, 2.73, 96423.1315434922
No.312: 0.90, 3.43, 1.81, 7.65, 2.97, 18.24, 12.22, 17.51, 1.64, 2.73, 96423.1315434922
No.313: 0.90, 3.43, 1.81, 7.65, 2.97, 18.24, 12.22, 17.51, 1.64, 2.73, 96423.1315434922
No.314: 0.90, 3.43, 1.81, 7.65, 2.97, 18.24, 12.22, 17.51, 1.64, 2.73, 96423.1315434922
No.315: 0.90, 3.43, 1.81, 7.65, 2.97, 18.24, 12.22, 17.51, 1.64, 2.73, 96423.1315434922
No.316: 0.90, 3.43, 1.81, 7.65, 2.97, 18.24, 12.22, 17.51, 1.64, 2.73, 96423.1315434922
No.317: 0.90, 3.43, 1.81, 7.65, 2.97, 18.24, 12.22, 17.51, 1.64, 2.73, 96423.1315434922
No.318: 0.90, 3.43, 1.81, 7.65, 2.97, 18.24, 12.22, 17.51, 1.64, 2.73, 96423.1315434922
No.319: 0.90, 3.43, 1.81, 7.65, 2.97, 18.24, 12.22, 17.51, 1.64, 2.73, 96423.1315434922
No.320: 0.90, 3.43, 1.81, 7.65, 2.97, 18.24, 12.22, 17.51, 1.64, 2.73, 96423.1315434922
No.321: 0.90, 3.43, 1.81, 7.65, 2.97, 18.24, 12.22, 17.51, 1.64, 2.73, 96423.1315434922
No.322: 0.90, 3.43, 1.81, 7.65, 2.97, 18.24, 12.22, 17.51, 1.64, 2.73, 96423.1315434922
No.323: 0.90, 3.43, 1.81, 7.65, 2.97, 18.24, 12.22, 17.51, 1.64, 2.73, 96423.1315434922
No.324: 0.90, 3.43, 1.81, 7.65, 2.97, 18.24, 12.22, 17.51, 1.64, 2.73, 96423.1315434922
No.325: 0.90, 3.43, 1.81, 7.65, 2.97, 18.24, 12.22, 17.51, 1.64, 2.73, 96423.1315434922
No.326: 0.90, 3.43, 1.81, 7.65, 2.97, 18.24, 12.22, 17.51, 1.64, 2.73, 96423.1315434922
No.327: 0.90, 3.43, 1.81, 7.65, 2.97, 18.24, 12.22, 17.51, 1.64, 2.73, 96423.1315434922
No.328: 0.90, 3.43, 1.81, 7.65, 2.97, 18.24, 12.22, 17.51, 1.64, 2.73, 96423.1315434922
No.329: 0.90, 3.43, 1.81, 7.65, 2.97, 18.24, 12.22, 17.51, 1.64, 2.73, 96423.1315434922
No.330: 0.90, 3.43, 1.81, 7.65, 2.97, 18.24, 12.22, 17.51, 1.64, 2.73, 96423.1315434922
No.331: 0.90, 3.43, 1.81, 7.65, 2.97, 18.24, 12.22, 17.51, 1.64, 2.73, 96423.1315434922
No.332: 0.90, 3.43, 1.81, 7.65, 2.97, 18.24, 12.22, 17.51, 1.64, 2.73, 96423.1315434922
No.333: 0.90, 3.43, 1.81, 7.65, 2.97, 18.24, 12.22, 17.51, 1.64, 2.73, 96423.1315434922
No.334: 0.90, 3.43, 1.81, 7.65, 2.97, 18.24, 12.22, 17.51, 1.64, 2.73, 96423.1315434922
No.335: 0.90, 3.43, 1.81, 7.65, 2.97, 18.24, 12.22, 17.51, 1.64, 2.73, 96423.1315434922
No.336: 0.90, 3.43, 1.81, 7.65, 2.97, 18.24, 12.22, 17.51, 1.64, 2.73, 96423.1315434922
No.337: 0.90, 3.43, 1.81, 7.65, 2.97, 18.24, 12.22, 17.51, 1.64, 2.73, 96423.1315434922
No.338: 0.90, 3.43, 1.81, 7.65, 2.97, 18.24, 12.22, 17.51, 1.64, 2.73, 96423.1315434922
No.339: 0.90, 3.43, 1.81, 7.65, 2.97, 18.24, 12.22, 17.51, 1.64, 2.73, 96423.1315434922
No.340: 0.90, 3.43, 1.81, 7.65, 2.97, 18.24, 12.22, 17.51, 1.64, 2.73, 96423.1315434922
No.341: 0.90, 3.43, 1.81, 7.65, 2.97, 18.24, 12.22, 17.51, 1.64, 2.73, 96423.1315434922
No.342: 0.90, 3.43, 1.81, 7.65, 2.97, 18.24, 12.22, 17.51, 1.64, 2.73, 96423.1315434922
No.343: 0.90, 3.43, 1.81, 7.65, 2.97, 18.24, 12.22, 17.51, 1.64, 2.73, 96423.1315434922
No.344: 0.90, 3.43, 1.81, 7.65, 2.97, 18.24, 12.22, 17.51, 1.64, 2.73, 96423.1315434922
No.345: 0.90, 3.43, 1.81, 7.65, 2.97, 18.24, 12.22, 17.51, 1.64, 2.73, 96423.1315434922
No.346: 0.90, 3.43, 1.81, 7.65, 2.97, 18.24, 12.22, 17.51, 1.64, 2.73, 96423.1315434922
No.347: 0.90, 3.43, 1.81, 7.65, 2.97, 18.24, 12.22, 17.51, 1.64, 2.73, 96423.1315434922
No.348: 0.90, 3.43, 1.81, 7.65, 2.97, 18.24, 12.22, 17.51, 1.64, 2.73, 96423.1315434922
No.349: 0.90, 3.43, 1.81, 7.65, 2.97, 18.24, 12.22, 17.51, 1.64, 2.73, 96423.1315434922
No.350: 0.90, 3.43, 1.81, 7.65, 2.97, 18.24, 12.22, 17.51, 1.64, 2.73, 96423.1315434922
No.351: 0.90, 3.43, 1.81, 7.65, 2.97, 18.24, 12.22, 17.51, 1.64, 2.73, 96423.1315434922
No.352: 0.90, 3.43, 1.81, 7.65, 2.97, 18.24, 12.22, 17.51, 1.64, 2.73, 96423.1315434922
No.353: 0.90, 3.43, 1.81, 7.65, 2.97, 18.24, 12.22, 17.51, 1.64, 2.73, 96423.1315434922
No.354: 0.90, 3.43, 1.81, 7.65, 2.97, 18.24, 12.22, 17.51, 1.64, 2.73, 96423.1315434922
No.355: 0.90, 3.43, 1.81, 7.65, 2.97, 18.24, 12.22, 17.51, 1.64, 2.73, 96423.1315434922
No.356: 0.90, 3.43, 1.81, 7.65, 2.97, 18.24, 12.22, 17.51, 1.64, 2.73, 96423.1315434922
No.357: 0.90, 3.43, 1.81, 7.65, 2.97, 18.24, 12.22, 17.51, 1.64, 2.73, 96423.1315434922
No.358: 0.90, 3.43, 1.81, 7.65, 2.97, 18.24, 12.22, 17.51, 1.64, 2.73, 96423.1315434922
No.359: 0.90, 3.43, 1.81, 7.65, 2.97, 18.24, 12.22, 17.51, 1.64, 2.73, 96423.1315434922
No.360: 0.90, 3.43, 1.81, 7.65, 2.97, 18.24, 12.22, 17.51, 1.64, 2.73, 96423.1315434922
No.361: 0.90, 3.43, 1.81, 7.65, 2.97, 18.24, 12.22, 17.51, 1.64, 2.73, 96423.1315434922
No.362: 0.90, 3.43, 1.81, 7.65, 2.97, 18.24, 12.22, 17.51, 1.64, 2.73, 96423.1315434922
No.363: 0.90, 3.43, 1.81, 7.65, 2.97, 18.24, 12.22, 17.51, 1.64, 2.73, 96423.1315434922
No.364: 0.90, 3.43, 1.81, 7.65, 2.97, 18.24, 12.22, 17.51, 1.64, 2.73, 96423.1315434922
No.365: 0.90, 3.43, 1.81, 7.65, 2.97, 18.24, 12.22, 17.51, 1.64, 2.73, 96423.1315434922
No.366: 0.90, 3.43, 1.81, 7.65, 2.97, 18.24, 12.22, 17.51, 1.64, 2.73, 96423.1315434922
No.367: 0.90, 3.43, 1.81, 7.65, 2.97, 18.24, 12.22, 17.51, 1.64, 2.73, 96423.1315434922
No.368: 0.90, 3.43, 1.81, 7.65, 2.97, 18.24, 12.22, 17.51, 1.64, 2.73, 96423.1315434922
No.369: 0.90, 3.43, 1.81, 7.65, 2.97, 18.24, 12.22, 17.51, 1.64, 2.73, 96423.1315434922
No.370: 0.90, 3.43, 1.81, 7.65, 2.97, 18.24, 12.22, 17.51, 1.64, 2.73, 96423.1315434922
No.371: 0.90, 3.43, 1.81, 7.65, 2.97, 18.24, 12.22, 17.51, 1.64, 2.73, 96423.1315434922
No.372: 0.90, 3.43, 1.81, 7.65, 2.97, 18.24, 12.22, 17.51, 1.64, 2.73, 96423.1315434922
No.373: 0.90, 3.43, 1.81, 7.65, 2.97, 18.24, 12.22, 17.51, 1.64, 2.73, 96423.1315434922
No.374: 0.90, 3.43, 1.81, 7.65, 2.97, 18.24, 12.22, 17.51, 1.64, 2.73, 96423.1315434922
No.375: 0.90, 3.43, 1.81, 7.65, 2.97, 18.24, 12.22, 17.51, 1.64, 2.73, 96423.1315434922
No.376: 0.90, 3.43, 1.81, 7.65, 2.97, 18.24, 12.22, 17.51, 1.64, 2.73, 96423.1315434922
No.377: 0.90, 3.43, 1.81, 7.65, 2.97, 18.24, 12.22, 17.51, 1.64, 2.73, 96423.1315434922
No.378: 0.90, 3.43, 1.81, 7.65, 2.97, 18.24, 12.22, 17.51, 1.64, 2.73, 96423.1315434922
No.379: 0.90, 3.43, 1.81, 7.65, 2.97, 18.24, 12.22, 17.51, 1.64, 2.73, 96423.1315434922
No.380: 0.90, 3.43, 1.81, 7.65, 2.97, 18.24, 12.22, 17.51, 1.64, 2.73, 96423.1315434922
No.381: 0.90, 3.43, 1.81, 7.65, 2.97, 18.24, 12.22, 17.51, 1.64, 2.73, 96423.1315434922
No.382: 0.90, 3.43, 1.81, 7.65, 2.97, 18.24, 12.22, 17.51, 1.64, 2.73, 96423.1315434922
No.383: 0.90, 3.43, 1.81, 7.65, 2.97, 18.24, 12.22, 17.51, 1.64, 2.73, 96423.1315434922
No.384: 0.90, 3.43, 1.81, 7.65, 2.97, 18.24, 12.22, 17.51, 1.64, 2.73, 96423.1315434922
No.385: 0.90, 3.43, 1.81, 7.65, 2.97, 18.24, 12.22, 17.51, 1.64, 2.73, 96423.1315434922
No.386: 0.90, 3.43, 1.81, 7.65, 2.97, 18.24, 12.22, 17.51, 1.64, 2.73, 96423.1315434922
No.387: 0.90, 3.43, 1.81, 7.65, 2.97, 18.24, 12.22, 17.51, 1.64, 2.73, 96423.1315434922
No.388: 0.90, 3.43, 1.81, 7.65, 2.97, 18.24, 12.22, 17.51, 1.64, 2.73, 96423.1315434922
No.389: 0.90, 3.43, 1.81, 7.65, 2.97, 18.24, 12.22, 17.51, 1.64, 2.73, 96423.1315434922
No.390: 0.90, 3.43, 1.81, 7.65, 2.97, 18.24, 12.22, 17.51, 1.64, 2.73, 96423.1315434922
No.391: 0.90, 3.43, 1.81, 7.65, 2.97, 18.24, 12.22, 17.51, 1.64, 2.73, 96423.1315434922
No.392: 0.90, 3.43, 1.81, 7.65, 2.97, 18.24, 12.22, 17.51, 1.64, 2.73, 96423.1315434922
No.393: 0.90, 3.43, 1.81, 7.65, 2.97, 18.24, 12.22, 17.51, 1.64, 2.73, 96423.1315434922
No.394: 0.90, 3.43, 1.81, 7.65, 2.97, 18.24, 12.22, 17.51, 1.64, 2.73, 96423.1315434922
No.395: 0.90, 3.43, 1.81, 7.65, 2.97, 18.24, 12.22, 17.51, 1.64, 2.73, 96423.1315434922
No.396: 0.90, 3.43, 1.81, 7.65, 2.97, 18.24, 12.22, 17.51, 1.64, 2.73, 96423.1315434922
No.397: 0.90, 3.43, 1.81, 7.65, 2.97, 18.24, 12.22, 17.51, 1.64, 2.73, 96423.1315434922
No.398: 0.90, 3.43, 1.81, 7.65, 2.97, 18.24, 12.22, 17.51, 1.64, 2.73, 96423.1315434922
No.399: 0.90, 3.43, 1.81, 7.65, 2.97, 18.24, 12.22, 17.51, 1.64, 2.73, 96423.1315434922
No.400: 0.90, 3.43, 1.81, 7.65, 2.97, 18.24, 12.22, 17.51, 1.64, 2.73, 96423.1315434922
No.401: 0.90, 3.43, 1.81, 7.65, 2.97, 18.24, 12.22, 17.51, 1.64, 2.73, 96423.1315434922
No.402: 0.90, 3.43, 1.81, 7.65, 2.97, 18.24, 12.22, 17.51, 1.64, 2.73, 96423.1315434922
No.403: 0.90, 3.43, 1.81, 7.65, 2.97, 18.24, 12.22, 17.51, 1.64, 2.73, 96423.1315434922
No.404: 0.90, 3.43, 1.81, 7.65, 2.97, 18.24, 12.22, 17.51, 1.64, 2.73, 96423.1315434922
No.405: 0.90, 3.43, 1.81, 7.65, 2.97, 18.24, 12.22, 17.51, 1.64, 2.73, 96423.1315434922
No.406: 0.90, 3.43, 1.81, 7.65, 2.97, 18.24, 12.22, 17.51, 1.64, 2.73, 96423.1315434922
No.407: 0.90, 3.43, 1.81, 7.65, 2.97, 18.24, 12.22, 17.51, 1.64, 2.73, 96423.1315434922
No.408: 0.90, 3.43, 1.81, 7.65, 2.97, 18.24, 12.22, 17.51, 1.64, 2.73, 96423.1315434922
No.409: 0.90, 3.43, 1.81, 7.65, 2.97, 18.24, 12.22, 17.51, 1.64, 2.73, 96423.1315434922
No.410: 0.90, 3.43, 1.81, 7.65, 2.97, 18.24, 12.22, 17.51, 1.64, 2.73, 96423.1315434922
No.411: 0.90, 3.43, 1.81, 7.65, 2.97, 18.24, 12.22, 17.51, 1.64, 2.73, 96423.1315434922
