# Fix print output for fix def1
-1.24873180923683e-16 0.00399160510387366 -0.00978716497328891 0.000240657849167898
0.000999999999999858 0.0661627767117487 0.0153129566138672 0.0267905325211053
0.00199999999999984 0.114022280220611 0.0171984484254161 0.00875005582889356
0.00299999999999983 0.128200774065588 -0.00182574404982578 -0.00293669577135814
0.00399999999999981 0.151779452093773 -0.0143604957897103 0.000483152475741126
0.00499999999999979 0.20354612724919 0.0173426778781351 -0.000681904002068444
0.00599999999999978 0.242527846561974 0.0108729788284327 -0.00411184952412491
0.00699999999999976 0.25901596967609 0.00622216700829725 0.00526481821603818
0.00799999999999987 0.309022000822306 0.0200084434933716 0.0521039480017326
0.00899999999999985 0.306883528552121 -0.00468238238393038 0.00182391904304164
0.00999999999999983 0.326821369757439 -0.00743214079797761 -0.0121247764681712
0.0109999999999998 0.405753205632869 -0.0113998239047611 -0.0283581079336196
0.0119999999999998 0.425624359781538 0.013112564918617 0.0193533041553165
0.0129999999999998 0.468966326358863 0.0190626403108229 0.0263646790686923
0.0139999999999998 0.440637253229897 0.0142161355469004 -0.0149796356983617
0.0149999999999999 0.501538592388739 -0.0691438673832961 -0.0325544876987089
0.0159999999999999 0.527062815278311 -0.0146603542613942 0.0208625891237219
0.0169999999999998 0.544780542553537 0.0352636155634355 0.0471858896485788
0.0179999999999998 0.542740532412526 0.021713343824735 0.0102090060966133
0.0189999999999998 0.560671551615894 -0.0585328715887153 -0.0409936902511632
0.0199999999999998 0.607647280451901 -0.0139387748186352 -0.0425000800834533
0.0209999999999998 0.641900663246667 0.0390019425080782 0.0668695426685282
0.0219999999999998 0.636015361350546 0.015834398188089 0.0202139536832757
0.0229999999999999 0.657593152291892 -0.00368866796377684 -0.0679753527919424
0.0239999999999999 0.677104192007306 0.00681579714705113 -0.0288782389341155
0.0249999999999998 0.703111558928495 0.0393588215568739 0.0338772737047203
0.0259999999999998 0.681973188848657 0.0298677157857449 0.025431654705979
0.0269999999999998 0.666042292553259 -0.00897094064444108 0.0253814652175152
0.0279999999999998 0.698818506511422 -0.0534953963925089 -0.0520284503254476
0.0289999999999998 0.763704340480787 -0.00412272192254815 -0.0060507515996706
0.0299999999999998 0.796752941565295 0.0608802224757976 0.00500409611604115
0.0309999999999999 0.844959731536533 0.0529849367779854 0.00853008721496778
0.0319999999999998 0.815450613138147 -0.0355465894512461 -0.0520535973908852
0.0329999999999998 0.841833510117702 -0.0542416569558752 -0.0294942283003853
0.0339999999999998 0.908190962155792 0.0488789922904822 -0.00160293424588597
0.0349999999999998 0.966187362090041 0.0378865072175486 0.053929903555023
0.0359999999999998 0.913666667647647 -0.00552108224467291 0.0263918002533741
0.0369999999999998 0.984215153128408 0.0211251584211925 -0.00308704092380938
0.0379999999999999 0.960440487040574 -0.0641905514491802 -0.0834339424124684
0.0389999999999999 1.02036628915858 0.0100153443652516 -0.0461436967318397
0.0399999999999998 1.05301460816517 0.0725315215534563 0.015635712429726
0.0409999999999998 1.04959341675707 0.03349450866126 0.0271943322181746
0.0419999999999998 1.04156116852564 -0.0694641827763543 -0.0341314050834406
0.0429999999999998 1.08603492229709 -0.0620200807272306 -0.00666282538667317
0.0439999999999998 1.12326704507358 0.0201519557321424 0.0490986101872107
0.0449999999999999 1.10528534543228 0.0339703375408777 0.0208260727640157
0.0459999999999999 1.0933517782196 0.0161200428022493 -0.0678240211312007
0.0469999999999998 1.03998240083685 -0.0816194632799902 -0.0811367229831669
0.0479999999999998 1.14566521393418 0.0382405211782007 0.122192283876351
0.0489999999999998 1.1086519073781 0.00511910991611511 -0.0186952469287126
0.0499999999999998 1.17780470942403 0.0417381220926497 0.0154170073540174
0.0509999999999998 1.16845315865675 -0.0175816759243149 -0.0929963977491197
0.0519999999999999 1.18659161562179 -0.0304626274871605 -0.0473855120279164
0.0529999999999999 1.22920066770635 0.0130104142255081 0.0775167322064049
0.0539999999999999 1.26554614400447 0.049500018583312 0.0595827526085245
0.0549999999999998 1.20755081641224 0.00577726598079782 -0.0296423033003731
0.0559999999999998 1.20828467671501 -0.00709520218559044 -0.0793159980190603
0.0569999999999998 1.26308915870167 -0.0441412782982552 0.0141608104969593
0.0579999999999998 1.30827401963791 0.0150151474503045 0.0686566259960525
0.0589999999999998 1.26481523978977 0.0287598894953945 -0.00460635598663184
0.0599999999999998 1.27635227170481 -0.0105175457790781 -0.082361086029115
0.0609999999999999 1.28350833409086 -0.0135236239817811 -0.0308774865071803
0.0619999999999998 1.32419770566544 -0.0301797130708879 0.0346860111976403
0.0629999999999998 1.2972861769509 -0.0157650056400575 0.0320680975323115
0.0639999999999998 1.31513127938017 -0.0303361200873805 -0.0172925879840018
0.0649999999999998 1.29459322136792 -0.0134364309009803 -0.0306144545146122
0.0659999999999999 1.3663148953575 0.00223840200078154 0.00900426144004787
0.0669999999999998 1.35220581987418 0.0290982326864122 0.00648757556332726
0.0679999999999999 1.35889299781761 0.0122243023607899 0.00673165498522321
0.0689999999999999 1.33255583541887 -0.0342955799849836 0.00205726491771374
0.0699999999999998 1.3808374922856 -0.0013028685701424 -0.0250141958595875
0.0709999999999998 1.32507990314991 0.0169553225141822 -0.00350355182615518
0.0719999999999998 1.40808963460343 0.00708727032743552 0.04583669517975
0.0729999999999998 1.38963330887915 -0.0288719264280384 0.0432314583289455
0.0739999999999998 1.38310225424144 -0.0548726910149469 0.006648982275615
0.0749999999999999 1.39821435730187 -0.00437330120282465 -0.0245027283766875
0.0759999999999999 1.43530488941899 0.0527109962104615 -0.0466001972932333
0.0769999999999998 1.4435316423805 0.0431974696654199 0.0170985668286766
0.0779999999999998 1.38917762723454 -0.023149589222987 0.0295517268644215
0.0789999999999998 1.41450838623362 -0.0108225787669488 0.0144843257237949
0.0799999999999998 1.40718768781552 -0.0341259237514598 -0.0163154766533167
0.0809999999999998 1.45419167812522 0.0205806303923386 0.0257619981130607
0.0819999999999999 1.43166691156752 0.0452177683717818 0.00402371298753524
0.0829999999999999 1.4009272040935 -0.0317525663233721 -0.0382271594536251
0.0839999999999999 1.40217878010015 -0.0122889254808296 0.0303566739425183
0.0849999999999998 1.42337792864982 0.0685407694194467 0.0283242273372072
0.0859999999999998 1.41579188036563 0.0416216104815753 0.0183198818716933
0.0869999999999998 1.43201406222757 -0.0168429520205546 -0.0476900894295045
0.0879999999999998 1.40098891401432 -0.00822410766872914 0.000142489034291291
0.0889999999999999 1.47536195177967 -0.0194102580548166 0.0255713175640039
0.0899999999999998 1.49143754470905 0.00764855422164931 0.0543963504326674
0.0909999999999999 1.46838581499955 0.0132670606985816 -0.006250188819637
0.0919999999999998 1.43906266956104 -0.0187889674514037 -0.0497961949602697
0.0929999999999998 1.45591187024197 0.0193519468086231 0.00573418041077378
0.0939999999999998 1.45635985764933 0.0532617232160079 0.0206766570957884
0.0949999999999998 1.44300394658722 -0.0233447993560747 -0.00928391775987988
0.0959999999999999 1.46677728305432 -0.0885492458837904 -0.005561018228253
0.0969999999999998 1.44918314567461 -0.0623849332677693 0.00287333582518017
0.0979999999999999 1.49484637250187 0.0495249630871973 0.00760102343108772
0.0989999999999999 1.4455914537298 0.0572659073713793 -0.0165351115636747
0.0999999999999998 1.46844512938348 -0.0176191525102883 -0.0294685040097514
0.101 1.46219824584945 -0.0731628886381405 -0.0169814719316874
0.102 1.44152249161734 0.0444683079405537 0.0501815488076853
0.103 1.49618827934205 0.0185229949891278 0.0175102849270235
0.104 1.45707099413189 -0.00716109826977067 -0.0410761215351235
0.105 1.5088673467972 -0.0208725214022299 -0.0404396193730608
0.106 1.51268089858009 0.0291384576378925 -0.00983438662169995
0.107 1.4801433665963 -0.0306210079191152 0.0318122786504338
0.108 1.44752687248662 -0.0702976585890716 0.0102160525408921
0.109 1.48981962162193 0.00458840079715781 -0.00315060352576461
0.11 1.50505475081681 0.0480059861835852 -0.00960113132420717
0.111 1.51243480003052 0.00826230076183446 0.0050423837533945
0.112 1.51074837747869 0.025997169956688 0.00608773582952169
0.113 1.48647820304202 0.015106683641489 0.0122938037554571
0.114 1.49134632431242 0.0160674420399903 0.0443257188417559
0.115 1.45748761166443 -0.0382831396680073 0.0147629808069552
0.116 1.51046948720016 -0.0336242047593386 -0.0276319286825709
0.117 1.50479213621767 0.0542413405692234 -0.00292844684194398
0.118 1.48598575505536 0.0501888801008399 -0.0045860648610102
0.119 1.50801973846186 0.0041286580895971 0.00370385370099183
0.12 1.46163034623741 -0.0594088037841751 0.0168325121467324
0.121 1.46496596204593 -0.0252926236333143 0.048554324742317
0.122 1.45523525280756 0.0393223582785663 0.0245981624675545
0.123 1.49338751491912 0.0415922833132241 -0.0338925078163731
0.124 1.43515970386013 0.00434092693363073 -0.0618844324964505
0.125 1.4128268172424 -0.0439401237444149 0.00369772390635753
0.126 1.4590470701213 -0.0142609616232099 0.0651298977988261
0.127 1.46305642781776 0.0361454197732563 0.00848100080380721
0.128 1.47125320010244 -0.0115904256627926 -0.0446631494838218
0.129 1.4636009767603 -0.0201934656140297 -0.0220101337585149
0.13 1.47645998553402 0.00152152975973994 0.0200169161073406
0.131 1.37026522825189 -0.0031029533711468 -0.00547863717095344
0.132 1.47198563461716 -0.0333200209028694 -0.024485504529251
0.133 1.37324974083236 0.000995042728596767 -0.00159691594429541
0.134 1.40386407726656 0.033193819811318 0.0241227893858347
0.135 1.39717255715754 0.0272237933658396 -0.018141055812714
0.136 1.46634877552827 -0.0417209770005945 -0.0330726679625542
0.137 1.40380567112801 -0.0129101697529781 0.0341956320639985
0.138 1.4341752087058 0.014903471268738 0.0556788300678319
0.139 1.38124458230691 0.0240833523356211 -0.0219210316046942
0.14 1.36688849359111 0.0320778537003522 -0.0220736560106656
0.141 1.40360308909483 0.0186233656435172 0.0311742787060272
0.142 1.41517540064479 -0.0395055645491742 0.0169923493739104
0.143 1.39308998698574 -0.0105998932832743 -0.0135433095756817
0.144 1.44589290388174 0.0781105902424481 -0.0288269723570623
0.145 1.32574202467569 0.0220881015811333 0.0118525409948753
0.146 1.39745971205927 -0.0147398138980727 0.0425972975897592
0.147 1.35306814721598 -0.00812809901921199 -0.00679550314240522
0.148 1.31486478888157 -0.00741436880661241 -0.00869668153855819
0.149 1.26900945090071 0.0284335876206278 0.0223820522815588
0.15 1.31348433616787 0.0143476757277688 -0.00098719784454088
0.151 1.28669023692012 -0.037604178437704 -0.0194774090732326
0.152 1.24798255858059 -0.0303128880174239 0.0106731965554653
0.153 1.23292979017864 0.0324320834870684 -0.00383420378540479
0.154 1.22543344120705 0.00897379864155042 -0.0568672941745295
0.155 1.25655346227734 -0.023214491967759 0.020188311461052
0.156 1.17443855723478 -0.0267966687200612 0.032674992623006
0.157 1.19255758237839 0.030264178588177 0.0297850519686445
0.158 1.21010757894991 -0.000399111130076888 -0.0170745857858433
0.159 1.17218614084248 -0.0368768038354122 -0.00425249665290839
0.16 1.1149666169429 -0.0199538922710816 -0.0206036797442164
0.161 1.16987803882291 0.0229248789878938 0.0276500259249654
0.162 1.15906177668094 -0.00437206936814674 0.0183781853573598
0.163 1.14008342890494 -0.0693462886144826 -0.0170148397188635
0.164 1.11757700766874 -0.0187085807464543 -0.0283943749721942
0.165 1.09612245400893 0.0368860616393491 -0.0341127005160573
0.166 1.10722099360235 0.0394177172059672 0.0014496861305851
0.167 1.05524086290859 -0.0327577705525355 -0.00881209187797827
0.168 1.02750208222425 -0.0260853010935825 0.0176797600035297
0.169 0.994390322719685 0.0287845762755679 0.00297516643372755
0.17 0.981923142016995 0.0371035880308586 -0.018970221393226
0.171 0.951563232438332 -0.0111794964681866 -0.0198727008362716
0.172 0.942547411143112 -0.0143125710021193 -0.00343561932368919
0.173 0.885131558934983 -0.0329793172021461 0.0181355711028155
0.174 0.907961958161453 0.0275042610769095 -0.0299687439350136
0.175 0.849023616815968 0.0197323843036265 -0.00217006209669201
0.176 0.868853113987218 -0.00798976041646405 -0.0006793615666787
0.177 0.835416324436578 -0.00203822354299007 0.026926346796485
0.178 0.822732898928866 0.030364692069658 0.0499306029990802
0.179 0.825183793935036 0.0114377847543246 -0.0240552222776019
0.18 0.79995933397126 0.0163129868056609 -0.0131169020955255
0.181 0.744998954294915 0.020570024883615 -0.0145804327849411
0.182 0.747421678429468 -0.0444460353522157 -0.00898066510713668
0.183 0.711645752540575 -0.0614790209633968 -0.0143887974962509
0.184 0.717531806858764 0.0472951204109491 -0.00614210975160114
0.185 0.697684475266897 0.0270289389609937 -0.0196353564202227
0.186 0.669073351409388 -0.0282237388337942 0.0198112981362555
0.187 0.633778740894051 -0.0427108351909357 -0.0116664532945722
0.188 0.612943634688327 0.00416444454462068 -0.055621592126918
0.189 0.600104755153584 0.0354449313168182 0.0267665681512548
0.19 0.572627915759229 0.00157518708865564 0.00857032458184504
0.191 0.529913236628913 -0.0114281777814795 -0.00115124221963932
0.192 0.50405662151876 0.00579140717117893 -0.00635367264705529
0.193 0.513411620741079 -0.0268397009886327 0.0115669860354579
0.194 0.441274289035311 -0.00464428582019159 0.0320599949545161
0.195 0.346451769026853 0.0165598267414037 -0.0368421772927835
0.196 0.322600208383223 0.0170332505656554 -0.0418348798786544
0.197 0.253801076949824 -0.0333968804002343 -0.0265939929307939
0.198 0.190368689368455 -0.000955300908647234 -0.0253973226284829
0.199 0.152443968221382 0.0288071104405323 0.039790131284461
0.2 0.0807939295374082 -0.0158178105977652 -0.00602471095650248
0.201 -0.0396254054928075 -0.00431440808043623 -0.00452172703959683
0.202 -0.0931971069404494 0.0234120879064928 -0.00274084944297241
0.203 -0.12239208236871 -0.0272468229440188 -0.0248074117602375
0.204 -0.219590378982527 0.000449937167357543 0.00981935079736945
0.205 -0.251764178177924 0.0416611153440418 0.0308409498300887
0.206 -0.367242288561255 0.00871893008725306 -0.0196081503082748
0.207 -0.393694200531987 -0.0495659590845501 -0.0448089820441698
0.208 -0.413818877555194 0.0173533052447483 0.0164174213356798
0.209 -0.381257250588029 0.052793425844737 0.0609861743815465
0.21 -0.321326088031717 0.00637930814005425 -0.0134183085864219
0.211 -0.276259628149572 -0.0137241754962776 -0.019285141943797
0.212 -0.216948938126944 -0.0589373491831351 -0.0220934804430168
0.213 -0.124388178876931 0.0164315825297145 -0.000625597677884877
0.214 -0.0532856579529105 0.0848236732932733 0.0353048107374653
0.215 -0.000449759399710254 0.0199826132100027 -0.0232633125035257
0.216 0.0678855184363196 -0.07952839799392 -0.0869118260435287
0.217 0.173564869417056 -0.0368229429782176 0.000581193596876412
0.218 0.21490375130836 -0.00642162063216466 0.0691352769920212
0.219 0.261747056876971 0.0270833169403998 0.0282882439790752
0.22 0.267626601033407 -0.0210607318155741 -0.0308565243245623
0.221 0.289303830788082 -0.0426822321259616 -0.0489599505517848
0.222 0.270130561659783 0.00777070561477046 0.00891472415166377
0.223 0.249975875958214 -0.0318400106377841 0.0235559372496554
0.224 0.232878990739729 0.017265246251442 -0.00412212583839042
0.225 0.234002578158693 0.0259822244539087 -0.0030331504207493
0.226 0.10732451552879 0.0151622479906956 -0.0102995162268407
0.227 0.0552391548536254 -0.00879730752561974 -0.0507163365580318
0.228 0.0142475620038353 -0.0219285181261343 -0.0230703412656574
0.229 0.00983644895507658 -0.0082743537881216 0.0161265404366585
0.23 -0.0874284820267965 0.00831388809349366 0.0503707773805756
0.231 -0.130191785133826 0.00871514802773927 -0.0463633138937872
0.232 -0.159480679010759 -0.0149456684295675 -0.0506546464696627
0.233 -0.140230199721555 -0.00229756719463759 0.0204636727408476
0.234 -0.169428862342398 -0.0224006850328071 0.0248874237751576
0.235 -0.149091909841752 -0.00868495866741881 0.0141107082056928
0.236 -0.142031271081573 0.00688822582965138 -0.00918042468661894
0.237 -0.122204939247071 0.00233861881140444 -0.0728454564352005
0.238 -0.0550110229080044 0.0396355270184031 -0.0298910988665324
0.239 -0.0259449470772004 0.0104069670568856 0.0345397792399695
0.24 -0.0176827866871004 -0.047576829799834 0.0453804596395244
0.241 0.00778144083559384 -0.051679879771081 -0.0355030466215057
0.242 0.0786741863403837 -0.00173137701149314 -0.0268006446776003
0.243 0.166063242748745 0.0745120014041059 -0.01056086364015
0.244 0.150762100029863 0.0276061856166026 0.0252410571467005
0.245 0.158242030899391 -0.0435828272483469 0.00954231660582079
0.246 0.15291414790263 -0.0600553373177313 5.77591199905347e-05
0.247 0.189552003303826 0.0227158509907543 0.0725468201735682
0.248 0.166486148761053 0.0322176893051768 0.0192900131641009
0.249 0.168109089796239 -0.00770361320374949 0.00481236759338502
0.25 0.140262841773255 -0.0440509041352072 -0.0493583697986391
