#| No.|Asub | b0  | b1  | b2  | b3  | t1  | t2  | t3  |Cmin |Cmax | evalulate_value (min value is recommendation) |
#|iter| x0  | x1  | x2  | x3  | x4  | x5  | x6  | x7  | x8  | x9  | evalulate_value (min value is reccomendation) |
No.1: 1.00, 1.00, 0.01, 0.41, 3.00, 9.01, 4.41, -6.00, 2.00, 2.80, 166279.4689248169
No.2: 1.05, 1.00, 0.01, 0.41, 3.00, 9.01, 4.41, -6.00, 2.00, 2.80, 166279.4689248169
No.3: 1.00, 1.05, 0.01, 0.41, 3.00, 9.01, 4.41, -6.00, 2.00, 2.80, 166279.4689248169
No.4: 1.00, 1.00, 0.01, 0.41, 3.00, 9.01, 4.41, -6.00, 2.00, 2.80, 166279.4689248169
No.5: 1.00, 1.00, 0.01, 0.44, 3.00, 9.01, 4.41, -6.00, 2.00, 2.80, 166279.4689248169
No.6: 1.00, 1.00, 0.01, 0.41, 3.16, 9.01, 4.41, -6.00, 2.00, 2.80, 166279.4689248169
No.7: 1.00, 1.00, 0.01, 0.41, 3.00, 9.46, 4.41, -6.00, 2.00, 2.80, 166279.4689248169
No.8: 1.00, 1.00, 0.01, 0.41, 3.00, 9.01, 4.63, -6.00, 2.00, 2.80, 166279.4689248169
No.9: 1.00, 1.00, 0.01, 0.41, 3.00, 9.01, 4.41, -6.30, 2.00, 2.80, 166279.4689248169
No.10: 1.00, 1.00, 0.01, 0.41, 3.00, 9.01, 4.41, -6.00, 2.00, 2.80, 166279.4689248169
No.11: 1.00, 1.00, 0.01, 0.41, 3.00, 9.01, 4.41, -6.00, 2.00, 2.80, 166279.4689248169
No.12: 1.02, 1.02, 0.01, 0.42, 3.03, 9.10, 4.45, -6.05, 2.00, 2.67, 166279.4689248169
No.13: 1.01, 1.01, 0.01, 0.42, 3.01, 9.02, 4.41, -6.00, 2.00, 2.80, 166279.4689248169
No.14: 1.05, 1.00, 0.01, 0.41, 3.00, 9.01, 4.41, -6.00, 2.00, 2.80, 166279.4689248169
No.15: 1.00, 1.05, 0.01, 0.41, 3.00, 9.01, 4.41, -6.00, 2.00, 2.80, 166279.4689248169
No.16: 1.00, 1.00, 0.01, 0.41, 3.00, 9.01, 4.41, -6.00, 2.00, 2.80, 166279.4689248169
No.17: 1.00, 1.00, 0.01, 0.43, 3.00, 9.01, 4.41, -6.00, 2.00, 2.80, 166279.4689248169
No.18: 1.00, 1.00, 0.01, 0.41, 3.14, 9.01, 4.41, -6.00, 2.00, 2.80, 166279.4689248169
No.19: 1.00, 1.00, 0.01, 0.41, 3.00, 9.41, 4.41, -6.00, 2.00, 2.80, 166279.4689248169
No.20: 1.00, 1.00, 0.01, 0.41, 3.00, 9.01, 4.60, -6.00, 2.00, 2.80, 166279.4689248169
No.21: 1.00, 1.00, 0.01, 0.41, 3.00, 9.01, 4.41, -6.27, 2.00, 2.80, 166279.4689248169
No.22: 1.00, 1.00, 0.01, 0.41, 3.00, 9.01, 4.41, -6.00, 2.00, 2.80, 166279.4689248169
No.23: 1.00, 1.00, 0.01, 0.41, 3.00, 9.01, 4.41, -6.00, 2.00, 2.80, 166279.4689248169
No.24: 1.01, 1.01, 0.01, 0.42, 3.03, 9.09, 4.44, -6.05, 2.00, 2.68, 166279.4689248169
No.25: 1.01, 1.01, 0.01, 0.42, 3.01, 9.02, 4.41, -6.00, 2.00, 2.80, 166279.4689248169
No.26: 1.05, 1.00, 0.01, 0.41, 3.00, 9.01, 4.41, -6.00, 2.00, 2.80, 166279.4689248169
No.27: 1.00, 1.05, 0.01, 0.41, 3.00, 9.01, 4.41, -6.00, 2.00, 2.80, 166279.4689248169
No.28: 1.00, 1.00, 0.01, 0.41, 3.00, 9.01, 4.41, -6.00, 2.00, 2.80, 166279.4689248169
No.29: 1.00, 1.00, 0.01, 0.43, 3.00, 9.01, 4.41, -6.00, 2.00, 2.80, 166279.4689248169
No.30: 1.00, 1.00, 0.01, 0.41, 3.13, 9.01, 4.41, -6.00, 2.00, 2.80, 166279.4689248169
No.31: 1.00, 1.00, 0.01, 0.41, 3.00, 9.37, 4.41, -6.00, 2.00, 2.80, 166279.4689248169
No.32: 1.00, 1.00, 0.01, 0.41, 3.00, 9.01, 4.58, -6.00, 2.00, 2.80, 166279.4689248169
No.33: 1.00, 1.00, 0.01, 0.41, 3.00, 9.01, 4.41, -6.24, 2.00, 2.80, 166279.4689248169
No.34: 1.00, 1.00, 0.01, 0.41, 3.00, 9.01, 4.41, -6.00, 2.00, 2.80, 166279.4689248169
No.35: 1.00, 1.00, 0.01, 0.41, 3.00, 9.01, 4.41, -6.00, 2.00, 2.80, 166279.4689248169
No.36: 1.01, 1.01, 0.01, 0.42, 3.03, 9.08, 4.44, -6.04, 2.00, 2.69, 166279.4689248169
No.37: 1.01, 1.01, 0.01, 0.42, 3.01, 9.02, 4.41, -6.00, 2.00, 2.80, 166279.4689248169
No.38: 1.04, 1.00, 0.01, 0.41, 3.00, 9.01, 4.41, -6.00, 2.00, 2.80, 166279.4689248169
No.39: 1.00, 1.04, 0.01, 0.41, 3.00, 9.01, 4.41, -6.00, 2.00, 2.80, 166279.4689248169
No.40: 1.00, 1.00, 0.01, 0.41, 3.00, 9.01, 4.41, -6.00, 2.00, 2.80, 166279.4689248169
No.41: 1.00, 1.00, 0.01, 0.43, 3.00, 9.01, 4.41, -6.00, 2.00, 2.80, 166279.4689248169
No.42: 1.00, 1.00, 0.01, 0.41, 3.11, 9.01, 4.41, -6.00, 2.00, 2.80, 166279.4689248169
No.43: 1.00, 1.00, 0.01, 0.41, 3.00, 9.33, 4.41, -6.00, 2.00, 2.80, 166279.4689248169
No.44: 1.00, 1.00, 0.01, 0.41, 3.00, 9.01, 4.57, -6.00, 2.00, 2.80, 166279.4689248169
No.45: 1.00, 1.00, 0.01, 0.41, 3.00, 9.01, 4.41, -6.21, 2.00, 2.80, 166279.4689248169
No.46: 1.00, 1.00, 0.01, 0.41, 3.00, 9.01, 4.41, -6.00, 2.00, 2.80, 166279.4689248169
No.47: 1.00, 1.00, 0.01, 0.41, 3.00, 9.01, 4.41, -6.00, 2.00, 2.80, 166279.4689248169
No.48: 1.01, 1.01, 0.01, 0.42, 3.03, 9.07, 4.44, -6.04, 2.00, 2.70, 166279.4689248169
No.49: 1.01, 1.01, 0.01, 0.42, 3.01, 9.01, 4.41, -6.00, 2.00, 2.80, 166279.4689248169
No.50: 1.04, 1.00, 0.01, 0.41, 3.00, 9.01, 4.41, -6.00, 2.00, 2.80, 166279.4689248169
No.51: 1.00, 1.04, 0.01, 0.41, 3.00, 9.01, 4.41, -6.00, 2.00, 2.80, 166279.4689248169
No.52: 1.00, 1.00, 0.01, 0.41, 3.00, 9.01, 4.41, -6.00, 2.00, 2.80, 166279.4689248169
No.53: 1.00, 1.00, 0.01, 0.43, 3.00, 9.01, 4.41, -6.00, 2.00, 2.80, 166279.4689248169
No.54: 1.00, 1.00, 0.01, 0.41, 3.10, 9.01, 4.41, -6.00, 2.00, 2.80, 166279.4689248169
No.55: 1.00, 1.00, 0.01, 0.41, 3.00, 9.30, 4.41, -6.00, 2.00, 2.80, 166279.4689248169
No.56: 1.00, 1.00, 0.01, 0.41, 3.00, 9.01, 4.55, -6.00, 2.00, 2.80, 166279.4689248169
No.57: 1.00, 1.00, 0.01, 0.41, 3.00, 9.01, 4.41, -6.19, 2.00, 2.80, 166279.4689248169
No.58: 1.00, 1.00, 0.01, 0.41, 3.00, 9.01, 4.41, -6.00, 2.00, 2.80, 166279.4689248169
No.59: 1.00, 1.00, 0.01, 0.41, 3.00, 9.01, 4.41, -6.00, 2.00, 2.80, 166279.4689248169
No.60: 1.01, 1.01, 0.01, 0.42, 3.02, 9.06, 4.43, -6.03, 2.00, 2.71, 166279.4689248169
No.61: 1.01, 1.01, 0.01, 0.42, 3.01, 9.01, 4.41, -6.00, 2.00, 2.80, 166279.4689248169
No.62: 1.03, 1.00, 0.01, 0.41, 3.00, 9.01, 4.41, -6.00, 2.00, 2.80, 166279.4689248169
No.63: 1.00, 1.03, 0.01, 0.41, 3.00, 9.01, 4.41, -6.00, 2.00, 2.80, 166279.4689248169
No.64: 1.00, 1.00, 0.01, 0.41, 3.00, 9.01, 4.41, -6.00, 2.00, 2.80, 166279.4689248169
No.65: 1.00, 1.00, 0.01, 0.43, 3.00, 9.01, 4.41, -6.00, 2.00, 2.80, 166279.4689248169
No.66: 1.00, 1.00, 0.01, 0.41, 3.09, 9.01, 4.41, -6.00, 2.00, 2.80, 166279.4689248169
No.67: 1.00, 1.00, 0.01, 0.41, 3.00, 9.27, 4.41, -6.00, 2.00, 2.80, 166279.4689248169
No.68: 1.00, 1.00, 0.01, 0.41, 3.00, 9.01, 4.53, -6.00, 2.00, 2.80, 166279.4689248169
No.69: 1.00, 1.00, 0.01, 0.41, 3.00, 9.01, 4.41, -6.17, 2.00, 2.80, 166279.4689248169
No.70: 1.00, 1.00, 0.01, 0.41, 3.00, 9.01, 4.41, -6.00, 2.00, 2.80, 166279.4689248169
No.71: 1.00, 1.00, 0.01, 0.41, 3.00, 9.01, 4.41, -6.00, 2.00, 2.80, 166279.4689248169
No.72: 1.01, 1.01, 0.01, 0.42, 3.02, 9.06, 4.43, -6.03, 2.00, 2.72, 166279.4689248169
No.73: 1.01, 1.01, 0.01, 0.42, 3.01, 9.01, 4.41, -6.00, 2.00, 2.80, 166279.4689248169
No.74: 1.03, 1.00, 0.01, 0.41, 3.00, 9.01, 4.41, -6.00, 2.00, 2.80, 166279.4689248169
No.75: 1.00, 1.03, 0.01, 0.41, 3.00, 9.01, 4.41, -6.00, 2.00, 2.80, 166279.4689248169
No.76: 1.00, 1.00, 0.01, 0.41, 3.00, 9.01, 4.41, -6.00, 2.00, 2.80, 166279.4689248169
No.77: 1.00, 1.00, 0.01, 0.43, 3.00, 9.01, 4.41, -6.00, 2.00, 2.80, 166279.4689248169
No.78: 1.00, 1.00, 0.01, 0.41, 3.08, 9.01, 4.41, -6.00, 2.00, 2.80, 166279.4689248169
No.79: 1.00, 1.00, 0.01, 0.41, 3.00, 9.24, 4.41, -6.00, 2.00, 2.80, 166279.4689248169
No.80: 1.00, 1.00, 0.01, 0.41, 3.00, 9.01, 4.52, -6.00, 2.00, 2.80, 166279.4689248169
No.81: 1.00, 1.00, 0.01, 0.41, 3.00, 9.01, 4.41, -6.15, 2.00, 2.80, 166279.4689248169
No.82: 1.00, 1.00, 0.01, 0.41, 3.00, 9.01, 4.41, -6.00, 2.00, 2.80, 166279.4689248169
No.83: 1.00, 1.00, 0.01, 0.41, 3.00, 9.01, 4.41, -6.00, 2.00, 2.80, 166279.4689248169
No.84: 1.01, 1.01, 0.01, 0.42, 3.02, 9.05, 4.43, -6.03, 2.00, 2.73, 166279.4689248169
No.85: 1.01, 1.01, 0.01, 0.42, 3.01, 9.01, 4.41, -6.00, 2.00, 2.80, 166279.4689248169
No.86: 1.03, 1.00, 0.01, 0.41, 3.00, 9.01, 4.41, -6.00, 2.00, 2.80, 166279.4689248169
No.87: 1.00, 1.03, 0.01, 0.41, 3.00, 9.01, 4.41, -6.00, 2.00, 2.80, 166279.4689248169
No.88: 1.00, 1.00, 0.01, 0.41, 3.00, 9.01, 4.41, -6.00, 2.00, 2.80, 166279.4689248169
No.89: 1.00, 1.00, 0.01, 0.42, 3.00, 9.01, 4.41, -6.00, 2.00, 2.80, 166279.4689248169
No.90: 1.00, 1.00, 0.01, 0.41, 3.08, 9.01, 4.41, -6.00, 2.00, 2.80, 166279.4689248169
No.91: 1.00, 1.00, 0.01, 0.41, 3.00, 9.22, 4.41, -6.00, 2.00, 2.80, 166279.4689248169
No.92: 1.00, 1.00, 0.01, 0.41, 3.00, 9.01, 4.51, -6.00, 2.00, 2.80, 166279.4689248169
No.93: 1.00, 1.00, 0.01, 0.41, 3.00, 9.01, 4.41, -6.14, 2.00, 2.80, 166279.4689248169
No.94: 1.00, 1.00, 0.01, 0.41, 3.00, 9.01, 4.41, -6.00, 2.00, 2.80, 166279.4689248169
No.95: 1.00, 1.00, 0.01, 0.41, 3.00, 9.01, 4.41, -6.00, 2.00, 2.80, 166279.4689248169
No.96: 1.01, 1.01, 0.01, 0.42, 3.02, 9.05, 4.43, -6.02, 2.00, 2.74, 166279.4689248169
No.97: 1.01, 1.01, 0.01, 0.42, 3.01, 9.01, 4.41, -6.00, 2.00, 2.80, 166279.4689248169
No.98: 1.03, 1.00, 0.01, 0.41, 3.00, 9.01, 4.41, -6.00, 2.00, 2.80, 166279.4689248169
No.99: 1.00, 1.03, 0.01, 0.41, 3.00, 9.01, 4.41, -6.00, 2.00, 2.80, 166279.4689248169
No.100: 1.00, 1.00, 0.01, 0.41, 3.00, 9.01, 4.41, -6.00, 2.00, 2.80, 166279.4689248169
No.101: 1.00, 1.00, 0.01, 0.42, 3.00, 9.01, 4.41, -6.00, 2.00, 2.80, 166279.4689248169
No.102: 1.00, 1.00, 0.01, 0.41, 3.07, 9.01, 4.41, -6.00, 2.00, 2.80, 166279.4689248169
No.103: 1.00, 1.00, 0.01, 0.41, 3.00, 9.20, 4.41, -6.00, 2.00, 2.80, 166279.4689248169
No.104: 1.00, 1.00, 0.01, 0.41, 3.00, 9.01, 4.50, -6.00, 2.00, 2.80, 166279.4689248169
No.105: 1.00, 1.00, 0.01, 0.41, 3.00, 9.01, 4.41, -6.12, 2.00, 2.80, 166279.4689248169
No.106: 1.00, 1.00, 0.01, 0.41, 3.00, 9.01, 4.41, -6.00, 2.00, 2.80, 166279.4689248169
No.107: 1.00, 1.00, 0.01, 0.41, 3.00, 9.01, 4.41, -6.00, 2.00, 2.80, 166279.4689248169
No.108: 1.01, 1.01, 0.01, 0.42, 3.02, 9.04, 4.42, -6.02, 2.00, 2.74, 166279.4689248169
No.109: 1.01, 1.01, 0.01, 0.42, 3.01, 9.01, 4.41, -6.00, 2.00, 2.80, 166279.4689248169
No.110: 1.02, 1.00, 0.01, 0.41, 3.00, 9.01, 4.41, -6.00, 2.00, 2.80, 166279.4689248169
No.111: 1.00, 1.02, 0.01, 0.41, 3.00, 9.01, 4.41, -6.00, 2.00, 2.80, 166279.4689248169
No.112: 1.00, 1.00, 0.01, 0.41, 3.00, 9.01, 4.41, -6.00, 2.00, 2.80, 166279.4689248169
No.113: 1.00, 1.00, 0.01, 0.42, 3.00, 9.01, 4.41, -6.00, 2.00, 2.80, 166279.4689248169
No.114: 1.00, 1.00, 0.01, 0.41, 3.06, 9.01, 4.41, -6.00, 2.00, 2.80, 166279.4689248169
No.115: 1.00, 1.00, 0.01, 0.41, 3.00, 9.18, 4.41, -6.00, 2.00, 2.80, 166279.4689248169
No.116: 1.00, 1.00, 0.01, 0.41, 3.00, 9.01, 4.49, -6.00, 2.00, 2.80, 166279.4689248169
No.117: 1.00, 1.00, 0.01, 0.41, 3.00, 9.01, 4.41, -6.11, 2.00, 2.80, 166279.4689248169
No.118: 1.00, 1.00, 0.01, 0.41, 3.00, 9.01, 4.41, -6.00, 2.00, 2.80, 166279.4689248169
No.119: 1.00, 1.00, 0.01, 0.41, 3.00, 9.01, 4.41, -6.00, 2.00, 2.80, 166279.4689248169
No.120: 1.01, 1.01, 0.01, 0.42, 3.02, 9.04, 4.42, -6.02, 2.00, 2.75, 166279.4689248169
No.121: 1.01, 1.01, 0.01, 0.42, 3.01, 9.01, 4.41, -6.00, 2.00, 2.80, 166279.4689248169
No.122: 1.02, 1.00, 0.01, 0.41, 3.00, 9.01, 4.41, -6.00, 2.00, 2.80, 166279.4689248169
No.123: 1.00, 1.02, 0.01, 0.41, 3.00, 9.01, 4.41, -6.00, 2.00, 2.80, 166279.4689248169
No.124: 1.00, 1.00, 0.01, 0.41, 3.00, 9.01, 4.41, -6.00, 2.00, 2.80, 166279.4689248169
No.125: 1.00, 1.00, 0.01, 0.42, 3.00, 9.01, 4.41, -6.00, 2.00, 2.80, 166279.4689248169
No.126: 1.00, 1.00, 0.01, 0.41, 3.06, 9.01, 4.41, -6.00, 2.00, 2.80, 166279.4689248169
No.127: 1.00, 1.00, 0.01, 0.41, 3.00, 9.16, 4.41, -6.00, 2.00, 2.80, 166279.4689248169
No.128: 1.00, 1.00, 0.01, 0.41, 3.00, 9.01, 4.48, -6.00, 2.00, 2.80, 166279.4689248169
No.129: 1.00, 1.00, 0.01, 0.41, 3.00, 9.01, 4.41, -6.10, 2.00, 2.80, 166279.4689248169
No.130: 1.00, 1.00, 0.01, 0.41, 3.00, 9.01, 4.41, -6.00, 2.00, 2.80, 166279.4689248169
No.131: 1.00, 1.00, 0.01, 0.41, 3.00, 9.01, 4.41, -6.00, 2.00, 2.80, 166279.4689248169
No.132: 1.01, 1.01, 0.01, 0.42, 3.02, 9.04, 4.42, -6.02, 2.00, 2.76, 166279.4689248169
No.133: 1.01, 1.01, 0.01, 0.42, 3.01, 9.01, 4.41, -6.00, 2.00, 2.80, 166279.4689248169
No.134: 1.02, 1.00, 0.01, 0.41, 3.00, 9.01, 4.41, -6.00, 2.00, 2.80, 166279.4689248169
No.135: 1.00, 1.02, 0.01, 0.41, 3.00, 9.01, 4.41, -6.00, 2.00, 2.80, 166279.4689248169
No.136: 1.00, 1.00, 0.01, 0.41, 3.00, 9.01, 4.41, -6.00, 2.00, 2.80, 166279.4689248169
No.137: 1.00, 1.00, 0.01, 0.42, 3.00, 9.01, 4.41, -6.00, 2.00, 2.80, 166279.4689248169
No.138: 1.00, 1.00, 0.01, 0.41, 3.05, 9.01, 4.41, -6.00, 2.00, 2.80, 166279.4689248169
No.139: 1.00, 1.00, 0.01, 0.41, 3.00, 9.15, 4.41, -6.00, 2.00, 2.80, 166279.4689248169
No.140: 1.00, 1.00, 0.01, 0.41, 3.00, 9.01, 4.47, -6.00, 2.00, 2.80, 166279.4689248169
No.141: 1.00, 1.00, 0.01, 0.41, 3.00, 9.01, 4.41, -6.09, 2.00, 2.80, 166279.4689248169
No.142: 1.00, 1.00, 0.01, 0.41, 3.00, 9.01, 4.41, -6.00, 2.00, 2.80, 166279.4689248169
No.143: 1.00, 1.00, 0.01, 0.41, 3.00, 9.01, 4.41, -6.00, 2.00, 2.80, 166279.4689248169
No.144: 1.01, 1.01, 0.01, 0.42, 3.01, 9.03, 4.42, -6.01, 2.00, 2.76, 166279.4689248169
No.145: 1.01, 1.01, 0.01, 0.42, 3.01, 9.01, 4.41, -6.00, 2.00, 2.80, 166279.4689248169
No.146: 1.02, 1.00, 0.01, 0.41, 3.00, 9.01, 4.41, -6.00, 2.00, 2.80, 166279.4689248169
No.147: 1.00, 1.02, 0.01, 0.41, 3.00, 9.01, 4.41, -6.00, 2.00, 2.80, 166279.4689248169
No.148: 1.00, 1.00, 0.01, 0.41, 3.00, 9.01, 4.41, -6.00, 2.00, 2.80, 166279.4689248169
No.149: 1.00, 1.00, 0.01, 0.42, 3.00, 9.01, 4.41, -6.00, 2.00, 2.80, 166279.4689248169
No.150: 1.00, 1.00, 0.01, 0.41, 3.05, 9.01, 4.41, -6.00, 2.00, 2.80, 166279.4689248169
No.151: 1.00, 1.00, 0.01, 0.41, 3.00, 9.13, 4.41, -6.00, 2.00, 2.80, 166279.4689248169
No.152: 1.00, 1.00, 0.01, 0.41, 3.00, 9.01, 4.47, -6.00, 2.00, 2.80, 166279.4689248169
No.153: 1.00, 1.00, 0.01, 0.41, 3.00, 9.01, 4.41, -6.08, 2.00, 2.80, 166279.4689248169
No.154: 1.00, 1.00, 0.01, 0.41, 3.00, 9.01, 4.41, -6.00, 2.00, 2.80, 166279.4689248169
No.155: 1.00, 1.00, 0.01, 0.41, 3.00, 9.01, 4.41, -6.00, 2.00, 2.80, 166279.4689248169
No.156: 1.01, 1.01, 0.01, 0.42, 3.01, 9.03, 4.42, -6.01, 2.00, 2.77, 166279.4689248169
No.157: 1.01, 1.01, 0.01, 0.42, 3.01, 9.01, 4.41, -6.00, 2.00, 2.80, 166279.4689248169
No.158: 1.02, 1.00, 0.01, 0.41, 3.00, 9.01, 4.41, -6.00, 2.00, 2.80, 166279.4689248169
No.159: 1.00, 1.02, 0.01, 0.41, 3.00, 9.01, 4.41, -6.00, 2.00, 2.80, 166279.4689248169
No.160: 1.00, 1.00, 0.01, 0.41, 3.00, 9.01, 4.41, -6.00, 2.00, 2.80, 166279.4689248169
No.161: 1.00, 1.00, 0.01, 0.42, 3.00, 9.01, 4.41, -6.00, 2.00, 2.80, 166279.4689248169
No.162: 1.00, 1.00, 0.01, 0.41, 3.04, 9.01, 4.41, -6.00, 2.00, 2.80, 166279.4689248169
No.163: 1.00, 1.00, 0.01, 0.41, 3.00, 9.12, 4.41, -6.00, 2.00, 2.80, 166279.4689248169
No.164: 1.00, 1.00, 0.01, 0.41, 3.00, 9.01, 4.46, -6.00, 2.00, 2.80, 166279.4689248169
No.165: 1.00, 1.00, 0.01, 0.41, 3.00, 9.01, 4.41, -6.07, 2.00, 2.80, 166279.4689248169
No.166: 1.00, 1.00, 0.01, 0.41, 3.00, 9.01, 4.41, -6.00, 2.00, 2.80, 166279.4689248169
No.167: 1.00, 1.00, 0.01, 0.41, 3.00, 9.01, 4.41, -6.00, 2.00, 2.80, 166279.4689248169
No.168: 1.01, 1.01, 0.01, 0.42, 3.01, 9.03, 4.42, -6.01, 2.00, 2.77, 166279.4689248169
No.169: 1.01, 1.01, 0.01, 0.42, 3.01, 9.01, 4.41, -6.00, 2.00, 2.80, 166279.4689248169
No.170: 1.02, 1.00, 0.01, 0.41, 3.00, 9.01, 4.41, -6.00, 2.00, 2.80, 166279.4689248169
No.171: 1.00, 1.02, 0.01, 0.41, 3.00, 9.01, 4.41, -6.00, 2.00, 2.80, 166279.4689248169
No.172: 1.00, 1.00, 0.01, 0.41, 3.00, 9.01, 4.41, -6.00, 2.00, 2.80, 166279.4689248169
No.173: 1.00, 1.00, 0.01, 0.42, 3.00, 9.01, 4.41, -6.00, 2.00, 2.80, 166279.4689248169
No.174: 1.00, 1.00, 0.01, 0.41, 3.04, 9.01, 4.41, -6.00, 2.00, 2.80, 166279.4689248169
No.175: 1.00, 1.00, 0.01, 0.41, 3.00, 9.11, 4.41, -6.00, 2.00, 2.80, 166279.4689248169
No.176: 1.00, 1.00, 0.01, 0.41, 3.00, 9.01, 4.46, -6.00, 2.00, 2.80, 166279.4689248169
No.177: 1.00, 1.00, 0.01, 0.41, 3.00, 9.01, 4.41, -6.06, 2.00, 2.80, 166279.4689248169
No.178: 1.00, 1.00, 0.01, 0.41, 3.00, 9.01, 4.41, -6.00, 2.00, 2.80, 166279.4689248169
No.179: 1.00, 1.00, 0.01, 0.41, 3.00, 9.01, 4.41, -6.00, 2.00, 2.80, 166279.4689248169
No.180: 1.01, 1.01, 0.01, 0.42, 3.01, 9.03, 4.42, -6.01, 2.00, 2.77, 166279.4689248169
No.181: 1.01, 1.01, 0.01, 0.42, 3.01, 9.01, 4.41, -6.00, 2.00, 2.80, 166279.4689248169
No.182: 1.02, 1.00, 0.01, 0.41, 3.00, 9.01, 4.41, -6.00, 2.00, 2.80, 166279.4689248169
No.183: 1.00, 1.02, 0.01, 0.41, 3.00, 9.01, 4.41, -6.00, 2.00, 2.80, 166279.4689248169
No.184: 1.00, 1.00, 0.01, 0.41, 3.00, 9.01, 4.41, -6.00, 2.00, 2.80, 166279.4689248169
No.185: 1.00, 1.00, 0.01, 0.42, 3.00, 9.01, 4.41, -6.00, 2.00, 2.80, 166279.4689248169
No.186: 1.00, 1.00, 0.01, 0.41, 3.04, 9.01, 4.41, -6.00, 2.00, 2.80, 166279.4689248169
No.187: 1.00, 1.00, 0.01, 0.41, 3.00, 9.10, 4.41, -6.00, 2.00, 2.80, 166279.4689248169
No.188: 1.00, 1.00, 0.01, 0.41, 3.00, 9.01, 4.45, -6.00, 2.00, 2.80, 166279.4689248169
No.189: 1.00, 1.00, 0.01, 0.41, 3.00, 9.01, 4.41, -6.06, 2.00, 2.80, 166279.4689248169
No.190: 1.00, 1.00, 0.01, 0.41, 3.00, 9.01, 4.41, -6.00, 2.00, 2.80, 166279.4689248169
No.191: 1.00, 1.00, 0.01, 0.41, 3.00, 9.01, 4.41, -6.00, 2.00, 2.80, 166279.4689248169
No.192: 1.01, 1.01, 0.01, 0.42, 3.01, 9.02, 4.41, -6.01, 2.00, 2.78, 166279.4689248169
No.193: 1.01, 1.01, 0.01, 0.42, 3.01, 9.01, 4.41, -6.00, 2.00, 2.80, 166279.4689248169
No.194: 1.01, 1.00, 0.01, 0.41, 3.00, 9.01, 4.41, -6.00, 2.00, 2.80, 166279.4689248169
No.195: 1.00, 1.01, 0.01, 0.41, 3.00, 9.01, 4.41, -6.00, 2.00, 2.80, 166279.4689248169
No.196: 1.00, 1.00, 0.01, 0.41, 3.00, 9.01, 4.41, -6.00, 2.00, 2.80, 166279.4689248169
No.197: 1.00, 1.00, 0.01, 0.42, 3.00, 9.01, 4.41, -6.00, 2.00, 2.80, 166279.4689248169
No.198: 1.00, 1.00, 0.01, 0.41, 3.03, 9.01, 4.41, -6.00, 2.00, 2.80, 166279.4689248169
No.199: 1.00, 1.00, 0.01, 0.41, 3.00, 9.09, 4.41, -6.00, 2.00, 2.80, 166279.4689248169
No.200: 1.00, 1.00, 0.01, 0.41, 3.00, 9.01, 4.45, -6.00, 2.00, 2.80, 166279.4689248169
No.201: 1.00, 1.00, 0.01, 0.41, 3.00, 9.01, 4.41, -6.05, 2.00, 2.80, 166279.4689248169
No.202: 1.00, 1.00, 0.01, 0.41, 3.00, 9.01, 4.41, -6.00, 2.00, 2.80, 166279.4689248169
No.203: 1.00, 1.00, 0.01, 0.41, 3.00, 9.01, 4.41, -6.00, 2.00, 2.80, 166279.4689248169
No.204: 1.01, 1.01, 0.01, 0.42, 3.01, 9.02, 4.41, -6.01, 2.00, 2.78, 166279.4689248169
No.205: 1.01, 1.01, 0.01, 0.42, 3.01, 9.01, 4.41, -6.00, 2.00, 2.80, 166279.4689248169
No.206: 1.01, 1.00, 0.01, 0.41, 3.00, 9.01, 4.41, -6.00, 2.00, 2.80, 166279.4689248169
No.207: 1.00, 1.01, 0.01, 0.41, 3.00, 9.01, 4.41, -6.00, 2.00, 2.80, 166279.4689248169
No.208: 1.00, 1.00, 0.01, 0.41, 3.00, 9.01, 4.41, -6.00, 2.00, 2.80, 166279.4689248169
No.209: 1.00, 1.00, 0.01, 0.42, 3.00, 9.01, 4.41, -6.00, 2.00, 2.80, 166279.4689248169
No.210: 1.00, 1.00, 0.01, 0.41, 3.03, 9.01, 4.41, -6.00, 2.00, 2.80, 166279.4689248169
No.211: 1.00, 1.00, 0.01, 0.41, 3.00, 9.08, 4.41, -6.00, 2.00, 2.80, 166279.4689248169
No.212: 1.00, 1.00, 0.01, 0.41, 3.00, 9.01, 4.44, -6.00, 2.00, 2.80, 166279.4689248169
No.213: 1.00, 1.00, 0.01, 0.41, 3.00, 9.01, 4.41, -6.05, 2.00, 2.80, 166279.4689248169
No.214: 1.00, 1.00, 0.01, 0.41, 3.00, 9.01, 4.41, -6.00, 2.00, 2.80, 166279.4689248169
No.215: 1.00, 1.00, 0.01, 0.41, 3.00, 9.01, 4.41, -6.00, 2.00, 2.80, 166279.4689248169
No.216: 1.01, 1.01, 0.01, 0.42, 3.01, 9.02, 4.41, -6.01, 2.00, 2.78, 166279.4689248169
No.217: 1.01, 1.01, 0.01, 0.42, 3.01, 9.01, 4.41, -6.00, 2.00, 2.80, 166279.4689248169
No.218: 1.01, 1.00, 0.01, 0.41, 3.00, 9.01, 4.41, -6.00, 2.00, 2.80, 166279.4689248169
No.219: 1.00, 1.01, 0.01, 0.41, 3.00, 9.01, 4.41, -6.00, 2.00, 2.80, 166279.4689248169
No.220: 1.00, 1.00, 0.01, 0.41, 3.00, 9.01, 4.41, -6.00, 2.00, 2.80, 166279.4689248169
No.221: 1.00, 1.00, 0.01, 0.42, 3.00, 9.01, 4.41, -6.00, 2.00, 2.80, 166279.4689248169
No.222: 1.00, 1.00, 0.01, 0.41, 3.03, 9.01, 4.41, -6.00, 2.00, 2.80, 166279.4689248169
No.223: 1.00, 1.00, 0.01, 0.41, 3.00, 9.07, 4.41, -6.00, 2.00, 2.80, 166279.4689248169
No.224: 1.00, 1.00, 0.01, 0.41, 3.00, 9.01, 4.44, -6.00, 2.00, 2.80, 166279.4689248169
No.225: 1.00, 1.00, 0.01, 0.41, 3.00, 9.01, 4.41, -6.04, 2.00, 2.80, 166279.4689248169
No.226: 1.00, 1.00, 0.01, 0.41, 3.00, 9.01, 4.41, -6.00, 2.00, 2.80, 166279.4689248169
No.227: 1.00, 1.00, 0.01, 0.41, 3.00, 9.01, 4.41, -6.00, 2.00, 2.80, 166279.4689248169
No.228: 1.01, 1.01, 0.01, 0.42, 3.01, 9.02, 4.41, -6.00, 2.00, 2.78, 166279.4689248169
No.229: 1.01, 1.01, 0.01, 0.42, 3.01, 9.01, 4.41, -6.00, 2.00, 2.80, 166279.4689248169
No.230: 1.01, 1.00, 0.01, 0.41, 3.00, 9.01, 4.41, -6.00, 2.00, 2.80, 166279.4689248169
No.231: 1.00, 1.01, 0.01, 0.41, 3.00, 9.01, 4.41, -6.00, 2.00, 2.80, 166279.4689248169
No.232: 1.00, 1.00, 0.01, 0.41, 3.00, 9.01, 4.41, -6.00, 2.00, 2.80, 166279.4689248169
No.233: 1.00, 1.00, 0.01, 0.42, 3.00, 9.01, 4.41, -6.00, 2.00, 2.80, 166279.4689248169
No.234: 1.00, 1.00, 0.01, 0.41, 3.03, 9.01, 4.41, -6.00, 2.00, 2.80, 166279.4689248169
No.235: 1.00, 1.00, 0.01, 0.41, 3.00, 9.07, 4.41, -6.00, 2.00, 2.80, 166279.4689248169
No.236: 1.00, 1.00, 0.01, 0.41, 3.00, 9.01, 4.43, -6.00, 2.00, 2.80, 166279.4689248169
No.237: 1.00, 1.00, 0.01, 0.41, 3.00, 9.01, 4.41, -6.04, 2.00, 2.80, 166279.4689248169
No.238: 1.00, 1.00, 0.01, 0.41, 3.00, 9.01, 4.41, -6.00, 2.00, 2.80, 166279.4689248169
No.239: 1.00, 1.00, 0.01, 0.41, 3.00, 9.01, 4.41, -6.00, 2.00, 2.80, 166279.4689248169
No.240: 1.01, 1.01, 0.01, 0.42, 3.01, 9.02, 4.41, -6.00, 2.00, 2.79, 166279.4689248169
No.241: 1.01, 1.01, 0.01, 0.42, 3.01, 9.01, 4.41, -6.00, 2.00, 2.80, 166279.4689248169
No.242: 1.01, 1.00, 0.01, 0.41, 3.00, 9.01, 4.41, -6.00, 2.00, 2.80, 166279.4689248169
No.243: 1.00, 1.01, 0.01, 0.41, 3.00, 9.01, 4.41, -6.00, 2.00, 2.80, 166279.4689248169
No.244: 1.00, 1.00, 0.01, 0.41, 3.00, 9.01, 4.41, -6.00, 2.00, 2.80, 166279.4689248169
No.245: 1.00, 1.00, 0.01, 0.42, 3.00, 9.01, 4.41, -6.00, 2.00, 2.80, 166279.4689248169
No.246: 1.00, 1.00, 0.01, 0.41, 3.02, 9.01, 4.41, -6.00, 2.00, 2.80, 166279.4689248169
No.247: 1.00, 1.00, 0.01, 0.41, 3.00, 9.06, 4.41, -6.00, 2.00, 2.80, 166279.4689248169
No.248: 1.00, 1.00, 0.01, 0.41, 3.00, 9.01, 4.43, -6.00, 2.00, 2.80, 166279.4689248169
No.249: 1.00, 1.00, 0.01, 0.41, 3.00, 9.01, 4.41, -6.03, 2.00, 2.80, 166279.4689248169
No.250: 1.00, 1.00, 0.01, 0.41, 3.00, 9.01, 4.41, -6.00, 2.00, 2.80, 166279.4689248169
No.251: 1.00, 1.00, 0.01, 0.41, 3.00, 9.01, 4.41, -6.00, 2.00, 2.80, 166279.4689248169
No.252: 1.01, 1.01, 0.01, 0.42, 3.01, 9.02, 4.41, -6.00, 2.00, 2.79, 166279.4689248169
No.253: 1.01, 1.01, 0.01, 0.42, 3.01, 9.01, 4.41, -6.00, 2.00, 2.80, 166279.4689248169
No.254: 1.01, 1.00, 0.01, 0.41, 3.00, 9.01, 4.41, -6.00, 2.00, 2.80, 166279.4689248169
No.255: 1.00, 1.01, 0.01, 0.41, 3.00, 9.01, 4.41, -6.00, 2.00, 2.80, 166279.4689248169
No.256: 1.00, 1.00, 0.01, 0.41, 3.00, 9.01, 4.41, -6.00, 2.00, 2.80, 166279.4689248169
No.257: 1.00, 1.00, 0.01, 0.42, 3.00, 9.01, 4.41, -6.00, 2.00, 2.80, 166279.4689248169
No.258: 1.00, 1.00, 0.01, 0.41, 3.02, 9.01, 4.41, -6.00, 2.00, 2.80, 166279.4689248169
No.259: 1.00, 1.00, 0.01, 0.41, 3.00, 9.05, 4.41, -6.00, 2.00, 2.80, 166279.4689248169
No.260: 1.00, 1.00, 0.01, 0.41, 3.00, 9.01, 4.43, -6.00, 2.00, 2.80, 166279.4689248169
No.261: 1.00, 1.00, 0.01, 0.41, 3.00, 9.01, 4.41, -6.03, 2.00, 2.80, 166279.4689248169
No.262: 1.00, 1.00, 0.01, 0.41, 3.00, 9.01, 4.41, -6.00, 2.00, 2.80, 166279.4689248169
No.263: 1.00, 1.00, 0.01, 0.41, 3.00, 9.01, 4.41, -6.00, 2.00, 2.80, 166279.4689248169
No.264: 1.01, 1.01, 0.01, 0.42, 3.01, 9.01, 4.41, -6.00, 2.00, 2.79, 166279.4689248169
No.265: 1.01, 1.01, 0.01, 0.42, 3.01, 9.01, 4.41, -6.00, 2.00, 2.80, 166279.4689248169
No.266: 1.01, 1.00, 0.01, 0.41, 3.00, 9.01, 4.41, -6.00, 2.00, 2.80, 166279.4689248169
No.267: 1.00, 1.01, 0.01, 0.41, 3.00, 9.01, 4.41, -6.00, 2.00, 2.80, 166279.4689248169
No.268: 1.00, 1.00, 0.01, 0.41, 3.00, 9.01, 4.41, -6.00, 2.00, 2.80, 166279.4689248169
No.269: 1.00, 1.00, 0.01, 0.42, 3.00, 9.01, 4.41, -6.00, 2.00, 2.80, 166279.4689248169
No.270: 1.00, 1.00, 0.01, 0.41, 3.02, 9.01, 4.41, -6.00, 2.00, 2.80, 166279.4689248169
No.271: 1.00, 1.00, 0.01, 0.41, 3.00, 9.05, 4.41, -6.00, 2.00, 2.80, 166279.4689248169
No.272: 1.00, 1.00, 0.01, 0.41, 3.00, 9.01, 4.43, -6.00, 2.00, 2.80, 166279.4689248169
No.273: 1.00, 1.00, 0.01, 0.41, 3.00, 9.01, 4.41, -6.02, 2.00, 2.80, 166279.4689248169
No.274: 1.00, 1.00, 0.01, 0.41, 3.00, 9.01, 4.41, -6.00, 2.00, 2.80, 166279.4689248169
No.275: 1.00, 1.00, 0.01, 0.41, 3.00, 9.01, 4.41, -6.00, 2.00, 2.80, 166279.4689248169
No.276: 1.01, 1.01, 0.01, 0.42, 3.01, 9.01, 4.41, -6.00, 2.00, 2.79, 166279.4689248169
No.277: 1.01, 1.01, 0.01, 0.42, 3.01, 9.01, 4.41, -6.00, 2.00, 2.80, 166279.4689248169
No.278: 1.01, 1.00, 0.01, 0.41, 3.00, 9.01, 4.41, -6.00, 2.00, 2.80, 166279.4689248169
No.279: 1.00, 1.01, 0.01, 0.41, 3.00, 9.01, 4.41, -6.00, 2.00, 2.80, 166279.4689248169
No.280: 1.00, 1.00, 0.01, 0.41, 3.00, 9.01, 4.41, -6.00, 2.00, 2.80, 166279.4689248169
No.281: 1.00, 1.00, 0.01, 0.42, 3.00, 9.01, 4.41, -6.00, 2.00, 2.80, 166279.4689248169
No.282: 1.00, 1.00, 0.01, 0.41, 3.02, 9.01, 4.41, -6.00, 2.00, 2.80, 166279.4689248169
No.283: 1.00, 1.00, 0.01, 0.41, 3.00, 9.04, 4.41, -6.00, 2.00, 2.80, 166279.4689248169
No.284: 1.00, 1.00, 0.01, 0.41, 3.00, 9.01, 4.42, -6.00, 2.00, 2.80, 166279.4689248169
No.285: 1.00, 1.00, 0.01, 0.41, 3.00, 9.01, 4.41, -6.02, 2.00, 2.80, 166279.4689248169
No.286: 1.00, 1.00, 0.01, 0.41, 3.00, 9.01, 4.41, -6.00, 2.00, 2.80, 166279.4689248169
No.287: 1.00, 1.00, 0.01, 0.41, 3.00, 9.01, 4.41, -6.00, 2.00, 2.80, 166279.4689248169
No.288: 1.01, 1.01, 0.01, 0.42, 3.01, 9.01, 4.41, -6.00, 2.00, 2.79, 166279.4689248169
No.289: 1.01, 1.01, 0.01, 0.42, 3.01, 9.01, 4.41, -6.00, 2.00, 2.80, 166279.4689248169
No.290: 1.01, 1.00, 0.01, 0.41, 3.00, 9.01, 4.41, -6.00, 2.00, 2.80, 166279.4689248169
No.291: 1.00, 1.01, 0.01, 0.41, 3.00, 9.01, 4.41, -6.00, 2.00, 2.80, 166279.4689248169
No.292: 1.00, 1.00, 0.01, 0.41, 3.00, 9.01, 4.41, -6.00, 2.00, 2.80, 166279.4689248169
No.293: 1.00, 1.00, 0.01, 0.42, 3.00, 9.01, 4.41, -6.00, 2.00, 2.80, 166279.4689248169
No.294: 1.00, 1.00, 0.01, 0.41, 3.02, 9.01, 4.41, -6.00, 2.00, 2.80, 166279.4689248169
No.295: 1.00, 1.00, 0.01, 0.41, 3.00, 9.04, 4.41, -6.00, 2.00, 2.80, 166279.4689248169
No.296: 1.00, 1.00, 0.01, 0.41, 3.00, 9.01, 4.42, -6.00, 2.00, 2.80, 166279.4689248169
No.297: 1.00, 1.00, 0.01, 0.41, 3.00, 9.01, 4.41, -6.02, 2.00, 2.80, 166279.4689248169
No.298: 1.00, 1.00, 0.01, 0.41, 3.00, 9.01, 4.41, -6.00, 2.00, 2.80, 166279.4689248169
No.299: 1.00, 1.00, 0.01, 0.41, 3.00, 9.01, 4.41, -6.00, 2.00, 2.80, 166279.4689248169
No.300: 1.01, 1.01, 0.01, 0.42, 3.01, 9.01, 4.41, -6.00, 2.00, 2.79, 166279.4689248169
No.301: 1.01, 1.01, 0.01, 0.42, 3.01, 9.01, 4.41, -6.00, 2.00, 2.80, 166279.4689248169
No.302: 1.01, 1.00, 0.01, 0.41, 3.00, 9.01, 4.41, -6.00, 2.00, 2.80, 166279.4689248169
No.303: 1.00, 1.01, 0.01, 0.41, 3.00, 9.01, 4.41, -6.00, 2.00, 2.80, 166279.4689248169
No.304: 1.00, 1.00, 0.01, 0.41, 3.00, 9.01, 4.41, -6.00, 2.00, 2.80, 166279.4689248169
No.305: 1.00, 1.00, 0.01, 0.42, 3.00, 9.01, 4.41, -6.00, 2.00, 2.80, 166279.4689248169
No.306: 1.00, 1.00, 0.01, 0.41, 3.02, 9.01, 4.41, -6.00, 2.00, 2.80, 166279.4689248169
No.307: 1.00, 1.00, 0.01, 0.41, 3.00, 9.04, 4.41, -6.00, 2.00, 2.80, 166279.4689248169
No.308: 1.00, 1.00, 0.01, 0.41, 3.00, 9.01, 4.42, -6.00, 2.00, 2.80, 166279.4689248169
No.309: 1.00, 1.00, 0.01, 0.41, 3.00, 9.01, 4.41, -6.02, 2.00, 2.80, 166279.4689248169
No.310: 1.00, 1.00, 0.01, 0.41, 3.00, 9.01, 4.41, -6.00, 2.00, 2.80, 166279.4689248169
No.311: 1.00, 1.00, 0.01, 0.41, 3.00, 9.01, 4.41, -6.00, 2.00, 2.80, 166279.4689248169
No.312: 1.01, 1.01, 0.01, 0.42, 3.01, 9.01, 4.41, -6.00, 2.00, 2.79, 166279.4689248169
No.313: 1.01, 1.01, 0.01, 0.42, 3.01, 9.01, 4.41, -6.00, 2.00, 2.80, 166279.4689248169
No.314: 1.01, 1.00, 0.01, 0.41, 3.00, 9.01, 4.41, -6.00, 2.00, 2.80, 166279.4689248169
No.315: 1.00, 1.01, 0.01, 0.41, 3.00, 9.01, 4.41, -6.00, 2.00, 2.80, 166279.4689248169
No.316: 1.00, 1.00, 0.01, 0.41, 3.00, 9.01, 4.41, -6.00, 2.00, 2.80, 166279.4689248169
No.317: 1.00, 1.00, 0.01, 0.42, 3.00, 9.01, 4.41, -6.00, 2.00, 2.80, 166279.4689248169
No.318: 1.00, 1.00, 0.01, 0.41, 3.01, 9.01, 4.41, -6.00, 2.00, 2.80, 166279.4689248169
No.319: 1.00, 1.00, 0.01, 0.41, 3.00, 9.03, 4.41, -6.00, 2.00, 2.80, 166279.4689248169
No.320: 1.00, 1.00, 0.01, 0.41, 3.00, 9.01, 4.42, -6.00, 2.00, 2.80, 166279.4689248169
No.321: 1.00, 1.00, 0.01, 0.41, 3.00, 9.01, 4.41, -6.01, 2.00, 2.80, 166279.4689248169
No.322: 1.00, 1.00, 0.01, 0.41, 3.00, 9.01, 4.41, -6.00, 2.00, 2.80, 166279.4689248169
No.323: 1.00, 1.00, 0.01, 0.41, 3.00, 9.01, 4.41, -6.00, 2.00, 2.80, 166279.4689248169
No.324: 1.01, 1.01, 0.01, 0.42, 3.01, 9.01, 4.41, -6.00, 2.00, 2.80, 166279.4689248169
No.325: 1.01, 1.01, 0.01, 0.42, 3.01, 9.01, 4.41, -6.00, 2.00, 2.80, 166279.4689248169
No.326: 1.01, 1.00, 0.01, 0.41, 3.00, 9.01, 4.41, -6.00, 2.00, 2.80, 166279.4689248169
No.327: 1.00, 1.01, 0.01, 0.41, 3.00, 9.01, 4.41, -6.00, 2.00, 2.80, 166279.4689248169
No.328: 1.00, 1.00, 0.01, 0.41, 3.00, 9.01, 4.41, -6.00, 2.00, 2.80, 166279.4689248169
No.329: 1.00, 1.00, 0.01, 0.42, 3.00, 9.01, 4.41, -6.00, 2.00, 2.80, 166279.4689248169
No.330: 1.00, 1.00, 0.01, 0.41, 3.01, 9.01, 4.41, -6.00, 2.00, 2.80, 166279.4689248169
No.331: 1.00, 1.00, 0.01, 0.41, 3.00, 9.03, 4.41, -6.00, 2.00, 2.80, 166279.4689248169
No.332: 1.00, 1.00, 0.01, 0.41, 3.00, 9.01, 4.42, -6.00, 2.00, 2.80, 166279.4689248169
No.333: 1.00, 1.00, 0.01, 0.41, 3.00, 9.01, 4.41, -6.01, 2.00, 2.80, 166279.4689248169
No.334: 1.00, 1.00, 0.01, 0.41, 3.00, 9.01, 4.41, -6.00, 2.00, 2.80, 166279.4689248169
No.335: 1.00, 1.00, 0.01, 0.41, 3.00, 9.01, 4.41, -6.00, 2.00, 2.80, 166279.4689248169
No.336: 1.01, 1.01, 0.01, 0.42, 3.01, 9.01, 4.41, -6.00, 2.00, 2.80, 166279.4689248169
No.337: 1.01, 1.01, 0.01, 0.42, 3.01, 9.01, 4.41, -6.00, 2.00, 2.80, 166279.4689248169
No.338: 1.01, 1.00, 0.01, 0.41, 3.00, 9.01, 4.41, -6.00, 2.00, 2.80, 166279.4689248169
No.339: 1.00, 1.01, 0.01, 0.41, 3.00, 9.01, 4.41, -6.00, 2.00, 2.80, 166279.4689248169
No.340: 1.00, 1.00, 0.01, 0.41, 3.00, 9.01, 4.41, -6.00, 2.00, 2.80, 166279.4689248169
No.341: 1.00, 1.00, 0.01, 0.42, 3.00, 9.01, 4.41, -6.00, 2.00, 2.80, 166279.4689248169
No.342: 1.00, 1.00, 0.01, 0.41, 3.01, 9.01, 4.41, -6.00, 2.00, 2.80, 166279.4689248169
No.343: 1.00, 1.00, 0.01, 0.41, 3.00, 9.03, 4.41, -6.00, 2.00, 2.80, 166279.4689248169
No.344: 1.00, 1.00, 0.01, 0.41, 3.00, 9.01, 4.42, -6.00, 2.00, 2.80, 166279.4689248169
No.345: 1.00, 1.00, 0.01, 0.41, 3.00, 9.01, 4.41, -6.01, 2.00, 2.80, 166279.4689248169
No.346: 1.00, 1.00, 0.01, 0.41, 3.00, 9.01, 4.41, -6.00, 2.00, 2.80, 166279.4689248169
No.347: 1.00, 1.00, 0.01, 0.41, 3.00, 9.01, 4.41, -6.00, 2.00, 2.80, 166279.4689248169
No.348: 1.01, 1.01, 0.01, 0.42, 3.01, 9.01, 4.41, -6.00, 2.00, 2.80, 166279.4689248169
No.349: 1.01, 1.01, 0.01, 0.42, 3.01, 9.01, 4.41, -6.00, 2.00, 2.80, 166279.4689248169
No.350: 1.01, 1.00, 0.01, 0.41, 3.00, 9.01, 4.41, -6.00, 2.00, 2.80, 166279.4689248169
No.351: 1.00, 1.01, 0.01, 0.41, 3.00, 9.01, 4.41, -6.00, 2.00, 2.80, 166279.4689248169
No.352: 1.00, 1.00, 0.01, 0.41, 3.00, 9.01, 4.41, -6.00, 2.00, 2.80, 166279.4689248169
No.353: 1.00, 1.00, 0.01, 0.42, 3.00, 9.01, 4.41, -6.00, 2.00, 2.80, 166279.4689248169
No.354: 1.00, 1.00, 0.01, 0.41, 3.01, 9.01, 4.41, -6.00, 2.00, 2.80, 166279.4689248169
No.355: 1.00, 1.00, 0.01, 0.41, 3.00, 9.03, 4.41, -6.00, 2.00, 2.80, 166279.4689248169
No.356: 1.00, 1.00, 0.01, 0.41, 3.00, 9.01, 4.42, -6.00, 2.00, 2.80, 166279.4689248169
No.357: 1.00, 1.00, 0.01, 0.41, 3.00, 9.01, 4.41, -6.01, 2.00, 2.80, 166279.4689248169
No.358: 1.00, 1.00, 0.01, 0.41, 3.00, 9.01, 4.41, -6.00, 2.00, 2.80, 166279.4689248169
No.359: 1.00, 1.00, 0.01, 0.41, 3.00, 9.01, 4.41, -6.00, 2.00, 2.80, 166279.4689248169
No.360: 1.01, 1.01, 0.01, 0.42, 3.01, 9.01, 4.41, -6.00, 2.00, 2.80, 166279.4689248169
No.361: 1.01, 1.01, 0.01, 0.42, 3.01, 9.01, 4.41, -6.00, 2.00, 2.80, 166279.4689248169
No.362: 1.01, 1.00, 0.01, 0.41, 3.00, 9.01, 4.41, -6.00, 2.00, 2.80, 166279.4689248169
No.363: 1.00, 1.01, 0.01, 0.41, 3.00, 9.01, 4.41, -6.00, 2.00, 2.80, 166279.4689248169
No.364: 1.00, 1.00, 0.01, 0.41, 3.00, 9.01, 4.41, -6.00, 2.00, 2.80, 166279.4689248169
No.365: 1.00, 1.00, 0.01, 0.42, 3.00, 9.01, 4.41, -6.00, 2.00, 2.80, 166279.4689248169
No.366: 1.00, 1.00, 0.01, 0.41, 3.01, 9.01, 4.41, -6.00, 2.00, 2.80, 166279.4689248169
No.367: 1.00, 1.00, 0.01, 0.41, 3.00, 9.02, 4.41, -6.00, 2.00, 2.80, 166279.4689248169
No.368: 1.00, 1.00, 0.01, 0.41, 3.00, 9.01, 4.41, -6.00, 2.00, 2.80, 166279.4689248169
No.369: 1.00, 1.00, 0.01, 0.41, 3.00, 9.01, 4.41, -6.01, 2.00, 2.80, 166279.4689248169
No.370: 1.00, 1.00, 0.01, 0.41, 3.00, 9.01, 4.41, -6.00, 2.00, 2.80, 166279.4689248169
No.371: 1.00, 1.00, 0.01, 0.41, 3.00, 9.01, 4.41, -6.00, 2.00, 2.80, 166279.4689248169
No.372: 1.01, 1.01, 0.01, 0.42, 3.01, 9.01, 4.41, -6.00, 2.00, 2.80, 166279.4689248169
No.373: 1.01, 1.01, 0.01, 0.42, 3.01, 9.01, 4.41, -6.00, 2.00, 2.80, 166279.4689248169
No.374: 1.01, 1.00, 0.01, 0.41, 3.00, 9.01, 4.41, -6.00, 2.00, 2.80, 166279.4689248169
No.375: 1.00, 1.01, 0.01, 0.41, 3.00, 9.01, 4.41, -6.00, 2.00, 2.80, 166279.4689248169
No.376: 1.00, 1.00, 0.01, 0.41, 3.00, 9.01, 4.41, -6.00, 2.00, 2.80, 166279.4689248169
No.377: 1.00, 1.00, 0.01, 0.42, 3.00, 9.01, 4.41, -6.00, 2.00, 2.80, 166279.4689248169
No.378: 1.00, 1.00, 0.01, 0.41, 3.01, 9.01, 4.41, -6.00, 2.00, 2.80, 166279.4689248169
No.379: 1.00, 1.00, 0.01, 0.41, 3.00, 9.02, 4.41, -6.00, 2.00, 2.80, 166279.4689248169
No.380: 1.00, 1.00, 0.01, 0.41, 3.00, 9.01, 4.41, -6.00, 2.00, 2.80, 166279.4689248169
No.381: 1.00, 1.00, 0.01, 0.41, 3.00, 9.01, 4.41, -6.01, 2.00, 2.80, 166279.4689248169
No.382: 1.00, 1.00, 0.01, 0.41, 3.00, 9.01, 4.41, -6.00, 2.00, 2.80, 166279.4689248169
No.383: 1.00, 1.00, 0.01, 0.41, 3.00, 9.01, 4.41, -6.00, 2.00, 2.80, 166279.4689248169
No.384: 1.01, 1.01, 0.01, 0.42, 3.01, 9.01, 4.41, -6.00, 2.00, 2.80, 166279.4689248169
No.385: 1.01, 1.01, 0.01, 0.42, 3.01, 9.01, 4.41, -6.00, 2.00, 2.80, 166279.4689248169
No.386: 1.01, 1.00, 0.01, 0.41, 3.00, 9.01, 4.41, -6.00, 2.00, 2.80, 166279.4689248169
No.387: 1.00, 1.01, 0.01, 0.41, 3.00, 9.01, 4.41, -6.00, 2.00, 2.80, 166279.4689248169
No.388: 1.00, 1.00, 0.01, 0.41, 3.00, 9.01, 4.41, -6.00, 2.00, 2.80, 166279.4689248169
No.389: 1.00, 1.00, 0.01, 0.42, 3.00, 9.01, 4.41, -6.00, 2.00, 2.80, 166279.4689248169
No.390: 1.00, 1.00, 0.01, 0.41, 3.01, 9.01, 4.41, -6.00, 2.00, 2.80, 166279.4689248169
No.391: 1.00, 1.00, 0.01, 0.41, 3.00, 9.02, 4.41, -6.00, 2.00, 2.80, 166279.4689248169
No.392: 1.00, 1.00, 0.01, 0.41, 3.00, 9.01, 4.41, -6.00, 2.00, 2.80, 166279.4689248169
No.393: 1.00, 1.00, 0.01, 0.41, 3.00, 9.01, 4.41, -6.01, 2.00, 2.80, 166279.4689248169
No.394: 1.00, 1.00, 0.01, 0.41, 3.00, 9.01, 4.41, -6.00, 2.00, 2.80, 166279.4689248169
No.395: 1.00, 1.00, 0.01, 0.41, 3.00, 9.01, 4.41, -6.00, 2.00, 2.80, 166279.4689248169
No.396: 1.01, 1.01, 0.01, 0.42, 3.01, 9.01, 4.41, -6.00, 2.00, 2.80, 166279.4689248169
No.397: 1.01, 1.01, 0.01, 0.42, 3.01, 9.01, 4.41, -6.00, 2.00, 2.80, 166279.4689248169
No.398: 1.01, 1.00, 0.01, 0.41, 3.00, 9.01, 4.41, -6.00, 2.00, 2.80, 166279.4689248169
No.399: 1.00, 1.01, 0.01, 0.41, 3.00, 9.01, 4.41, -6.00, 2.00, 2.80, 166279.4689248169
No.400: 1.00, 1.00, 0.01, 0.41, 3.00, 9.01, 4.41, -6.00, 2.00, 2.80, 166279.4689248169
No.401: 1.00, 1.00, 0.01, 0.42, 3.00, 9.01, 4.41, -6.00, 2.00, 2.80, 166279.4689248169
No.402: 1.00, 1.00, 0.01, 0.41, 3.01, 9.01, 4.41, -6.00, 2.00, 2.80, 166279.4689248169
No.403: 1.00, 1.00, 0.01, 0.41, 3.00, 9.02, 4.41, -6.00, 2.00, 2.80, 166279.4689248169
No.404: 1.00, 1.00, 0.01, 0.41, 3.00, 9.01, 4.41, -6.00, 2.00, 2.80, 166279.4689248169
No.405: 1.00, 1.00, 0.01, 0.41, 3.00, 9.01, 4.41, -6.00, 2.00, 2.80, 166279.4689248169
No.406: 1.00, 1.00, 0.01, 0.41, 3.00, 9.01, 4.41, -6.00, 2.00, 2.80, 166279.4689248169
No.407: 1.00, 1.00, 0.01, 0.41, 3.00, 9.01, 4.41, -6.00, 2.00, 2.80, 166279.4689248169
No.408: 1.01, 1.01, 0.01, 0.42, 3.01, 9.01, 4.41, -6.00, 2.00, 2.80, 166279.4689248169
No.409: 1.01, 1.01, 0.01, 0.42, 3.01, 9.01, 4.41, -6.00, 2.00, 2.80, 166279.4689248169
No.410: 1.01, 1.00, 0.01, 0.41, 3.00, 9.01, 4.41, -6.00, 2.00, 2.80, 166279.4689248169
No.411: 1.00, 1.01, 0.01, 0.41, 3.00, 9.01, 4.41, -6.00, 2.00, 2.80, 166279.4689248169
No.412: 1.00, 1.00, 0.01, 0.41, 3.00, 9.01, 4.41, -6.00, 2.00, 2.80, 166279.4689248169
No.413: 1.00, 1.00, 0.01, 0.42, 3.00, 9.01, 4.41, -6.00, 2.00, 2.80, 166279.4689248169
No.414: 1.00, 1.00, 0.01, 0.41, 3.01, 9.01, 4.41, -6.00, 2.00, 2.80, 166279.4689248169
No.415: 1.00, 1.00, 0.01, 0.41, 3.00, 9.02, 4.41, -6.00, 2.00, 2.80, 166279.4689248169
No.416: 1.00, 1.00, 0.01, 0.41, 3.00, 9.01, 4.41, -6.00, 2.00, 2.80, 166279.4689248169
No.417: 1.00, 1.00, 0.01, 0.41, 3.00, 9.01, 4.41, -6.00, 2.00, 2.80, 166279.4689248169
No.418: 1.00, 1.00, 0.01, 0.41, 3.00, 9.01, 4.41, -6.00, 2.00, 2.80, 166279.4689248169
No.419: 1.00, 1.00, 0.01, 0.41, 3.00, 9.01, 4.41, -6.00, 2.00, 2.80, 166279.4689248169
No.420: 1.01, 1.01, 0.01, 0.42, 3.01, 9.01, 4.41, -6.00, 2.00, 2.80, 166279.4689248169
No.421: 1.01, 1.01, 0.01, 0.42, 3.01, 9.01, 4.41, -6.00, 2.00, 2.80, 166279.4689248169
No.422: 1.01, 1.00, 0.01, 0.41, 3.00, 9.01, 4.41, -6.00, 2.00, 2.80, 166279.4689248169
No.423: 1.00, 1.01, 0.01, 0.41, 3.00, 9.01, 4.41, -6.00, 2.00, 2.80, 166279.4689248169
No.424: 1.00, 1.00, 0.01, 0.41, 3.00, 9.01, 4.41, -6.00, 2.00, 2.80, 166279.4689248169
No.425: 1.00, 1.00, 0.01, 0.42, 3.00, 9.01, 4.41, -6.00, 2.00, 2.80, 166279.4689248169
No.426: 1.00, 1.00, 0.01, 0.41, 3.01, 9.01, 4.41, -6.00, 2.00, 2.80, 166279.4689248169
No.427: 1.00, 1.00, 0.01, 0.41, 3.00, 9.02, 4.41, -6.00, 2.00, 2.80, 166279.4689248169
No.428: 1.00, 1.00, 0.01, 0.41, 3.00, 9.01, 4.41, -6.00, 2.00, 2.80, 166279.4689248169
No.429: 1.00, 1.00, 0.01, 0.41, 3.00, 9.01, 4.41, -6.00, 2.00, 2.80, 166279.4689248169
No.430: 1.00, 1.00, 0.01, 0.41, 3.00, 9.01, 4.41, -6.00, 2.00, 2.80, 166279.4689248169
No.431: 1.00, 1.00, 0.01, 0.41, 3.00, 9.01, 4.41, -6.00, 2.00, 2.80, 166279.4689248169
No.432: 1.01, 1.01, 0.01, 0.42, 3.01, 9.01, 4.41, -6.00, 2.00, 2.80, 166279.4689248169
No.433: 1.01, 1.01, 0.01, 0.42, 3.01, 9.01, 4.41, -6.00, 2.00, 2.80, 166279.4689248169
No.434: 1.01, 1.00, 0.01, 0.41, 3.00, 9.01, 4.41, -6.00, 2.00, 2.80, 166279.4689248169
No.435: 1.00, 1.01, 0.01, 0.41, 3.00, 9.01, 4.41, -6.00, 2.00, 2.80, 166279.4689248169
No.436: 1.00, 1.00, 0.01, 0.41, 3.00, 9.01, 4.41, -6.00, 2.00, 2.80, 166279.4689248169
No.437: 1.00, 1.00, 0.01, 0.42, 3.00, 9.01, 4.41, -6.00, 2.00, 2.80, 166279.4689248169
No.438: 1.00, 1.00, 0.01, 0.41, 3.01, 9.01, 4.41, -6.00, 2.00, 2.80, 166279.4689248169
No.439: 1.00, 1.00, 0.01, 0.41, 3.00, 9.02, 4.41, -6.00, 2.00, 2.80, 166279.4689248169
No.440: 1.00, 1.00, 0.01, 0.41, 3.00, 9.01, 4.41, -6.00, 2.00, 2.80, 166279.4689248169
No.441: 1.00, 1.00, 0.01, 0.41, 3.00, 9.01, 4.41, -6.00, 2.00, 2.80, 166279.4689248169
No.442: 1.00, 1.00, 0.01, 0.41, 3.00, 9.01, 4.41, -6.00, 2.00, 2.80, 166279.4689248169
No.443: 1.00, 1.00, 0.01, 0.41, 3.00, 9.01, 4.41, -6.00, 2.00, 2.80, 166279.4689248169
No.444: 1.01, 1.01, 0.01, 0.42, 3.01, 9.01, 4.41, -6.00, 2.00, 2.80, 166279.4689248169
No.445: 1.01, 1.01, 0.01, 0.42, 3.01, 9.01, 4.41, -6.00, 2.00, 2.80, 166279.4689248169
No.446: 1.01, 1.00, 0.01, 0.41, 3.00, 9.01, 4.41, -6.00, 2.00, 2.80, 166279.4689248169
No.447: 1.00, 1.01, 0.01, 0.41, 3.00, 9.01, 4.41, -6.00, 2.00, 2.80, 166279.4689248169
No.448: 1.00, 1.00, 0.01, 0.41, 3.00, 9.01, 4.41, -6.00, 2.00, 2.80, 166279.4689248169
No.449: 1.00, 1.00, 0.01, 0.42, 3.00, 9.01, 4.41, -6.00, 2.00, 2.80, 166279.4689248169
No.450: 1.00, 1.00, 0.01, 0.41, 3.01, 9.01, 4.41, -6.00, 2.00, 2.80, 166279.4689248169
No.451: 1.00, 1.00, 0.01, 0.41, 3.00, 9.01, 4.41, -6.00, 2.00, 2.80, 166279.4689248169
No.452: 1.00, 1.00, 0.01, 0.41, 3.00, 9.01, 4.41, -6.00, 2.00, 2.80, 166279.4689248169
No.453: 1.00, 1.00, 0.01, 0.41, 3.00, 9.01, 4.41, -6.00, 2.00, 2.80, 166279.4689248169
No.454: 1.00, 1.00, 0.01, 0.41, 3.00, 9.01, 4.41, -6.00, 2.00, 2.80, 166279.4689248169
No.455: 1.00, 1.00, 0.01, 0.41, 3.00, 9.01, 4.41, -6.00, 2.00, 2.80, 166279.4689248169
No.456: 1.01, 1.01, 0.01, 0.42, 3.01, 9.01, 4.41, -6.00, 2.00, 2.80, 166279.4689248169
No.457: 1.01, 1.01, 0.01, 0.42, 3.01, 9.01, 4.41, -6.00, 2.00, 2.80, 166279.4689248169
No.458: 1.01, 1.00, 0.01, 0.41, 3.00, 9.01, 4.41, -6.00, 2.00, 2.80, 166279.4689248169
No.459: 1.00, 1.01, 0.01, 0.41, 3.00, 9.01, 4.41, -6.00, 2.00, 2.80, 166279.4689248169
No.460: 1.00, 1.00, 0.01, 0.41, 3.00, 9.01, 4.41, -6.00, 2.00, 2.80, 166279.4689248169
No.461: 1.00, 1.00, 0.01, 0.42, 3.00, 9.01, 4.41, -6.00, 2.00, 2.80, 166279.4689248169
No.462: 1.00, 1.00, 0.01, 0.41, 3.01, 9.01, 4.41, -6.00, 2.00, 2.80, 166279.4689248169
No.463: 1.00, 1.00, 0.01, 0.41, 3.00, 9.01, 4.41, -6.00, 2.00, 2.80, 166279.4689248169
No.464: 1.00, 1.00, 0.01, 0.41, 3.00, 9.01, 4.41, -6.00, 2.00, 2.80, 166279.4689248169
No.465: 1.00, 1.00, 0.01, 0.41, 3.00, 9.01, 4.41, -6.00, 2.00, 2.80, 166279.4689248169
No.466: 1.00, 1.00, 0.01, 0.41, 3.00, 9.01, 4.41, -6.00, 2.00, 2.80, 166279.4689248169
No.467: 1.00, 1.00, 0.01, 0.41, 3.00, 9.01, 4.41, -6.00, 2.00, 2.80, 166279.4689248169
No.468: 1.01, 1.01, 0.01, 0.42, 3.01, 9.01, 4.41, -6.00, 2.00, 2.80, 166279.4689248169
No.469: 1.01, 1.01, 0.01, 0.42, 3.01, 9.01, 4.41, -6.00, 2.00, 2.80, 166279.4689248169
No.470: 1.01, 1.00, 0.01, 0.41, 3.00, 9.01, 4.41, -6.00, 2.00, 2.80, 166279.4689248169
No.471: 1.00, 1.01, 0.01, 0.41, 3.00, 9.01, 4.41, -6.00, 2.00, 2.80, 166279.4689248169
No.472: 1.00, 1.00, 0.01, 0.41, 3.00, 9.01, 4.41, -6.00, 2.00, 2.80, 166279.4689248169
No.473: 1.00, 1.00, 0.01, 0.42, 3.00, 9.01, 4.41, -6.00, 2.00, 2.80, 166279.4689248169
No.474: 1.00, 1.00, 0.01, 0.41, 3.01, 9.01, 4.41, -6.00, 2.00, 2.80, 166279.4689248169
No.475: 1.00, 1.00, 0.01, 0.41, 3.00, 9.01, 4.41, -6.00, 2.00, 2.80, 166279.4689248169
No.476: 1.00, 1.00, 0.01, 0.41, 3.00, 9.01, 4.41, -6.00, 2.00, 2.80, 166279.4689248169
No.477: 1.00, 1.00, 0.01, 0.41, 3.00, 9.01, 4.41, -6.00, 2.00, 2.80, 166279.4689248169
No.478: 1.00, 1.00, 0.01, 0.41, 3.00, 9.01, 4.41, -6.00, 2.00, 2.80, 166279.4689248169
No.479: 1.00, 1.00, 0.01, 0.41, 3.00, 9.01, 4.41, -6.00, 2.00, 2.80, 166279.4689248169
No.480: 1.01, 1.01, 0.01, 0.42, 3.01, 9.01, 4.41, -6.00, 2.00, 2.80, 166279.4689248169
No.481: 1.01, 1.01, 0.01, 0.42, 3.01, 9.01, 4.41, -6.00, 2.00, 2.80, 166279.4689248169
No.482: 1.01, 1.00, 0.01, 0.41, 3.00, 9.01, 4.41, -6.00, 2.00, 2.80, 166279.4689248169
No.483: 1.00, 1.01, 0.01, 0.41, 3.00, 9.01, 4.41, -6.00, 2.00, 2.80, 166279.4689248169
No.484: 1.00, 1.00, 0.01, 0.41, 3.00, 9.01, 4.41, -6.00, 2.00, 2.80, 166279.4689248169
No.485: 1.00, 1.00, 0.01, 0.42, 3.00, 9.01, 4.41, -6.00, 2.00, 2.80, 166279.4689248169
No.486: 1.00, 1.00, 0.01, 0.41, 3.01, 9.01, 4.41, -6.00, 2.00, 2.80, 166279.4689248169
No.487: 1.00, 1.00, 0.01, 0.41, 3.00, 9.01, 4.41, -6.00, 2.00, 2.80, 166279.4689248169
No.488: 1.00, 1.00, 0.01, 0.41, 3.00, 9.01, 4.41, -6.00, 2.00, 2.80, 166279.4689248169
No.489: 1.00, 1.00, 0.01, 0.41, 3.00, 9.01, 4.41, -6.00, 2.00, 2.80, 166279.4689248169
No.490: 1.00, 1.00, 0.01, 0.41, 3.00, 9.01, 4.41, -6.00, 2.00, 2.80, 166279.4689248169
No.491: 1.00, 1.00, 0.01, 0.41, 3.00, 9.01, 4.41, -6.00, 2.00, 2.80, 166279.4689248169
No.492: 1.01, 1.01, 0.01, 0.42, 3.01, 9.01, 4.41, -6.00, 2.00, 2.80, 166279.4689248169
No.493: 1.01, 1.01, 0.01, 0.42, 3.01, 9.01, 4.41, -6.00, 2.00, 2.80, 166279.4689248169
No.494: 1.01, 1.00, 0.01, 0.41, 3.00, 9.01, 4.41, -6.00, 2.00, 2.80, 166279.4689248169
No.495: 1.00, 1.01, 0.01, 0.41, 3.00, 9.01, 4.41, -6.00, 2.00, 2.80, 166279.4689248169
No.496: 1.00, 1.00, 0.01, 0.41, 3.00, 9.01, 4.41, -6.00, 2.00, 2.80, 166279.4689248169
No.497: 1.00, 1.00, 0.01, 0.42, 3.00, 9.01, 4.41, -6.00, 2.00, 2.80, 166279.4689248169
No.498: 1.00, 1.00, 0.01, 0.41, 3.01, 9.01, 4.41, -6.00, 2.00, 2.80, 166279.4689248169
No.499: 1.00, 1.00, 0.01, 0.41, 3.00, 9.01, 4.41, -6.00, 2.00, 2.80, 166279.4689248169
No.500: 1.00, 1.00, 0.01, 0.41, 3.00, 9.01, 4.41, -6.00, 2.00, 2.80, 166279.4689248169
No.501: 1.00, 1.00, 0.01, 0.41, 3.00, 9.01, 4.41, -6.00, 2.00, 2.80, 166279.4689248169
No.502: 1.00, 1.00, 0.01, 0.41, 3.00, 9.01, 4.41, -6.00, 2.00, 2.80, 166279.4689248169
No.503: 1.00, 1.00, 0.01, 0.41, 3.00, 9.01, 4.41, -6.00, 2.00, 2.80, 166279.4689248169
No.504: 1.01, 1.01, 0.01, 0.42, 3.01, 9.01, 4.41, -6.00, 2.00, 2.80, 166279.4689248169
No.505: 1.01, 1.01, 0.01, 0.42, 3.01, 9.01, 4.41, -6.00, 2.00, 2.80, 166279.4689248169
No.506: 1.01, 1.00, 0.01, 0.41, 3.00, 9.01, 4.41, -6.00, 2.00, 2.80, 166279.4689248169
No.507: 1.00, 1.01, 0.01, 0.41, 3.00, 9.01, 4.41, -6.00, 2.00, 2.80, 166279.4689248169
No.508: 1.00, 1.00, 0.01, 0.41, 3.00, 9.01, 4.41, -6.00, 2.00, 2.80, 166279.4689248169
No.509: 1.00, 1.00, 0.01, 0.42, 3.00, 9.01, 4.41, -6.00, 2.00, 2.80, 166279.4689248169
No.510: 1.00, 1.00, 0.01, 0.41, 3.01, 9.01, 4.41, -6.00, 2.00, 2.80, 166279.4689248169
No.511: 1.00, 1.00, 0.01, 0.41, 3.00, 9.01, 4.41, -6.00, 2.00, 2.80, 166279.4689248169
No.512: 1.00, 1.00, 0.01, 0.41, 3.00, 9.01, 4.41, -6.00, 2.00, 2.80, 166279.4689248169
No.513: 1.00, 1.00, 0.01, 0.41, 3.00, 9.01, 4.41, -6.00, 2.00, 2.80, 166279.4689248169
No.514: 1.00, 1.00, 0.01, 0.41, 3.00, 9.01, 4.41, -6.00, 2.00, 2.80, 166279.4689248169
No.515: 1.00, 1.00, 0.01, 0.41, 3.00, 9.01, 4.41, -6.00, 2.00, 2.80, 166279.4689248169
No.516: 1.01, 1.01, 0.01, 0.42, 3.01, 9.01, 4.41, -6.00, 2.00, 2.80, 166279.4689248169
No.517: 1.01, 1.01, 0.01, 0.42, 3.01, 9.01, 4.41, -6.00, 2.00, 2.80, 166279.4689248169
No.518: 1.01, 1.00, 0.01, 0.41, 3.00, 9.01, 4.41, -6.00, 2.00, 2.80, 166279.4689248169
No.519: 1.00, 1.01, 0.01, 0.41, 3.00, 9.01, 4.41, -6.00, 2.00, 2.80, 166279.4689248169
No.520: 1.00, 1.00, 0.01, 0.41, 3.00, 9.01, 4.41, -6.00, 2.00, 2.80, 166279.4689248169
No.521: 1.00, 1.00, 0.01, 0.42, 3.00, 9.01, 4.41, -6.00, 2.00, 2.80, 166279.4689248169
No.522: 1.00, 1.00, 0.01, 0.41, 3.01, 9.01, 4.41, -6.00, 2.00, 2.80, 166279.4689248169
No.523: 1.00, 1.00, 0.01, 0.41, 3.00, 9.01, 4.41, -6.00, 2.00, 2.80, 166279.4689248169
No.524: 1.00, 1.00, 0.01, 0.41, 3.00, 9.01, 4.41, -6.00, 2.00, 2.80, 166279.4689248169
No.525: 1.00, 1.00, 0.01, 0.41, 3.00, 9.01, 4.41, -6.00, 2.00, 2.80, 166279.4689248169
No.526: 1.00, 1.00, 0.01, 0.41, 3.00, 9.01, 4.41, -6.00, 2.00, 2.80, 166279.4689248169
No.527: 1.00, 1.00, 0.01, 0.41, 3.00, 9.01, 4.41, -6.00, 2.00, 2.80, 166279.4689248169
No.528: 1.01, 1.01, 0.01, 0.42, 3.01, 9.01, 4.41, -6.00, 2.00, 2.80, 166279.4689248169
No.529: 1.01, 1.01, 0.01, 0.42, 3.01, 9.01, 4.41, -6.00, 2.00, 2.80, 166279.4689248169
No.530: 1.01, 1.00, 0.01, 0.41, 3.00, 9.01, 4.41, -6.00, 2.00, 2.80, 166279.4689248169
No.531: 1.00, 1.01, 0.01, 0.41, 3.00, 9.01, 4.41, -6.00, 2.00, 2.80, 166279.4689248169
No.532: 1.00, 1.00, 0.01, 0.41, 3.00, 9.01, 4.41, -6.00, 2.00, 2.80, 166279.4689248169
No.533: 1.00, 1.00, 0.01, 0.42, 3.00, 9.01, 4.41, -6.00, 2.00, 2.80, 166279.4689248169
No.534: 1.00, 1.00, 0.01, 0.41, 3.01, 9.01, 4.41, -6.00, 2.00, 2.80, 166279.4689248169
No.535: 1.00, 1.00, 0.01, 0.41, 3.00, 9.01, 4.41, -6.00, 2.00, 2.80, 166279.4689248169
No.536: 1.00, 1.00, 0.01, 0.41, 3.00, 9.01, 4.41, -6.00, 2.00, 2.80, 166279.4689248169
No.537: 1.00, 1.00, 0.01, 0.41, 3.00, 9.01, 4.41, -6.00, 2.00, 2.80, 166279.4689248169
No.538: 1.00, 1.00, 0.01, 0.41, 3.00, 9.01, 4.41, -6.00, 2.00, 2.80, 166279.4689248169
No.539: 1.00, 1.00, 0.01, 0.41, 3.00, 9.01, 4.41, -6.00, 2.00, 2.80, 166279.4689248169
No.540: 1.01, 1.01, 0.01, 0.42, 3.01, 9.01, 4.41, -6.00, 2.00, 2.80, 166279.4689248169
No.541: 1.01, 1.01, 0.01, 0.42, 3.01, 9.01, 4.41, -6.00, 2.00, 2.80, 166279.4689248169
No.542: 1.01, 1.00, 0.01, 0.41, 3.00, 9.01, 4.41, -6.00, 2.00, 2.80, 166279.4689248169
No.543: 1.00, 1.01, 0.01, 0.41, 3.00, 9.01, 4.41, -6.00, 2.00, 2.80, 166279.4689248169
No.544: 1.00, 1.00, 0.01, 0.41, 3.00, 9.01, 4.41, -6.00, 2.00, 2.80, 166279.4689248169
No.545: 1.00, 1.00, 0.01, 0.42, 3.00, 9.01, 4.41, -6.00, 2.00, 2.80, 166279.4689248169
No.546: 1.00, 1.00, 0.01, 0.41, 3.01, 9.01, 4.41, -6.00, 2.00, 2.80, 166279.4689248169
No.547: 1.00, 1.00, 0.01, 0.41, 3.00, 9.01, 4.41, -6.00, 2.00, 2.80, 166279.4689248169
No.548: 1.00, 1.00, 0.01, 0.41, 3.00, 9.01, 4.41, -6.00, 2.00, 2.80, 166279.4689248169
No.549: 1.00, 1.00, 0.01, 0.41, 3.00, 9.01, 4.41, -6.00, 2.00, 2.80, 166279.4689248169
No.550: 1.00, 1.00, 0.01, 0.41, 3.00, 9.01, 4.41, -6.00, 2.00, 2.80, 166279.4689248169
No.551: 1.00, 1.00, 0.01, 0.41, 3.00, 9.01, 4.41, -6.00, 2.00, 2.80, 166279.4689248169
No.552: 1.01, 1.01, 0.01, 0.42, 3.01, 9.01, 4.41, -6.00, 2.00, 2.80, 166279.4689248169
No.553: 1.01, 1.01, 0.01, 0.42, 3.01, 9.01, 4.41, -6.00, 2.00, 2.80, 166279.4689248169
No.554: 1.01, 1.00, 0.01, 0.41, 3.00, 9.01, 4.41, -6.00, 2.00, 2.80, 166279.4689248169
No.555: 1.00, 1.01, 0.01, 0.41, 3.00, 9.01, 4.41, -6.00, 2.00, 2.80, 166279.4689248169
No.556: 1.00, 1.00, 0.01, 0.41, 3.00, 9.01, 4.41, -6.00, 2.00, 2.80, 166279.4689248169
No.557: 1.00, 1.00, 0.01, 0.42, 3.00, 9.01, 4.41, -6.00, 2.00, 2.80, 166279.4689248169
No.558: 1.00, 1.00, 0.01, 0.41, 3.01, 9.01, 4.41, -6.00, 2.00, 2.80, 166279.4689248169
No.559: 1.00, 1.00, 0.01, 0.41, 3.00, 9.01, 4.41, -6.00, 2.00, 2.80, 166279.4689248169
No.560: 1.00, 1.00, 0.01, 0.41, 3.00, 9.01, 4.41, -6.00, 2.00, 2.80, 166279.4689248169
No.561: 1.00, 1.00, 0.01, 0.41, 3.00, 9.01, 4.41, -6.00, 2.00, 2.80, 166279.4689248169
No.562: 1.00, 1.00, 0.01, 0.41, 3.00, 9.01, 4.41, -6.00, 2.00, 2.80, 166279.4689248169
No.563: 1.00, 1.00, 0.01, 0.41, 3.00, 9.01, 4.41, -6.00, 2.00, 2.80, 166279.4689248169
No.564: 1.01, 1.01, 0.01, 0.42, 3.01, 9.01, 4.41, -6.00, 2.00, 2.80, 166279.4689248169
No.565: 1.01, 1.01, 0.01, 0.42, 3.01, 9.01, 4.41, -6.00, 2.00, 2.80, 166279.4689248169
No.566: 1.01, 1.00, 0.01, 0.41, 3.00, 9.01, 4.41, -6.00, 2.00, 2.80, 166279.4689248169
No.567: 1.00, 1.01, 0.01, 0.41, 3.00, 9.01, 4.41, -6.00, 2.00, 2.80, 166279.4689248169
No.568: 1.00, 1.00, 0.01, 0.41, 3.00, 9.01, 4.41, -6.00, 2.00, 2.80, 166279.4689248169
No.569: 1.00, 1.00, 0.01, 0.42, 3.00, 9.01, 4.41, -6.00, 2.00, 2.80, 166279.4689248169
No.570: 1.00, 1.00, 0.01, 0.41, 3.01, 9.01, 4.41, -6.00, 2.00, 2.80, 166279.4689248169
No.571: 1.00, 1.00, 0.01, 0.41, 3.00, 9.01, 4.41, -6.00, 2.00, 2.80, 166279.4689248169
No.572: 1.00, 1.00, 0.01, 0.41, 3.00, 9.01, 4.41, -6.00, 2.00, 2.80, 166279.4689248169
No.573: 1.00, 1.00, 0.01, 0.41, 3.00, 9.01, 4.41, -6.00, 2.00, 2.80, 166279.4689248169
No.574: 1.00, 1.00, 0.01, 0.41, 3.00, 9.01, 4.41, -6.00, 2.00, 2.80, 166279.4689248169
No.575: 1.00, 1.00, 0.01, 0.41, 3.00, 9.01, 4.41, -6.00, 2.00, 2.80, 166279.4689248169
No.576: 1.01, 1.01, 0.01, 0.42, 3.01, 9.01, 4.41, -6.00, 2.00, 2.80, 166279.4689248169
No.577: 1.01, 1.01, 0.01, 0.42, 3.01, 9.01, 4.41, -6.00, 2.00, 2.80, 166279.4689248169
No.578: 1.01, 1.00, 0.01, 0.41, 3.00, 9.01, 4.41, -6.00, 2.00, 2.80, 166279.4689248169
No.579: 1.00, 1.01, 0.01, 0.41, 3.00, 9.01, 4.41, -6.00, 2.00, 2.80, 166279.4689248169
No.580: 1.00, 1.00, 0.01, 0.41, 3.00, 9.01, 4.41, -6.00, 2.00, 2.80, 166279.4689248169
No.581: 1.00, 1.00, 0.01, 0.42, 3.00, 9.01, 4.41, -6.00, 2.00, 2.80, 166279.4689248169
No.582: 1.00, 1.00, 0.01, 0.41, 3.01, 9.01, 4.41, -6.00, 2.00, 2.80, 166279.4689248169
No.583: 1.00, 1.00, 0.01, 0.41, 3.00, 9.01, 4.41, -6.00, 2.00, 2.80, 166279.4689248169
No.584: 1.00, 1.00, 0.01, 0.41, 3.00, 9.01, 4.41, -6.00, 2.00, 2.80, 166279.4689248169
No.585: 1.00, 1.00, 0.01, 0.41, 3.00, 9.01, 4.41, -6.00, 2.00, 2.80, 166279.4689248169
No.586: 1.00, 1.00, 0.01, 0.41, 3.00, 9.01, 4.41, -6.00, 2.00, 2.80, 166279.4689248169
No.587: 1.00, 1.00, 0.01, 0.41, 3.00, 9.01, 4.41, -6.00, 2.00, 2.80, 166279.4689248169
No.588: 1.01, 1.01, 0.01, 0.42, 3.01, 9.01, 4.41, -6.00, 2.00, 2.80, 166279.4689248169
No.589: 1.01, 1.01, 0.01, 0.42, 3.01, 9.01, 4.41, -6.00, 2.00, 2.80, 166279.4689248169
No.590: 1.01, 1.00, 0.01, 0.41, 3.00, 9.01, 4.41, -6.00, 2.00, 2.80, 166279.4689248169
No.591: 1.00, 1.01, 0.01, 0.41, 3.00, 9.01, 4.41, -6.00, 2.00, 2.80, 166279.4689248169
No.592: 1.00, 1.00, 0.01, 0.41, 3.00, 9.01, 4.41, -6.00, 2.00, 2.80, 166279.4689248169
No.593: 1.00, 1.00, 0.01, 0.42, 3.00, 9.01, 4.41, -6.00, 2.00, 2.80, 166279.4689248169
No.594: 1.00, 1.00, 0.01, 0.41, 3.01, 9.01, 4.41, -6.00, 2.00, 2.80, 166279.4689248169
No.595: 1.00, 1.00, 0.01, 0.41, 3.00, 9.01, 4.41, -6.00, 2.00, 2.80, 166279.4689248169
No.596: 1.00, 1.00, 0.01, 0.41, 3.00, 9.01, 4.41, -6.00, 2.00, 2.80, 166279.4689248169
No.597: 1.00, 1.00, 0.01, 0.41, 3.00, 9.01, 4.41, -6.00, 2.00, 2.80, 166279.4689248169
No.598: 1.00, 1.00, 0.01, 0.41, 3.00, 9.01, 4.41, -6.00, 2.00, 2.80, 166279.4689248169
No.599: 1.00, 1.00, 0.01, 0.41, 3.00, 9.01, 4.41, -6.00, 2.00, 2.80, 166279.4689248169
No.600: 1.01, 1.01, 0.01, 0.42, 3.01, 9.01, 4.41, -6.00, 2.00, 2.80, 166279.4689248169
No.601: 1.01, 1.01, 0.01, 0.42, 3.01, 9.01, 4.41, -6.00, 2.00, 2.80, 166279.4689248169
No.602: 1.01, 1.00, 0.01, 0.41, 3.00, 9.01, 4.41, -6.00, 2.00, 2.80, 166279.4689248169
No.603: 1.00, 1.01, 0.01, 0.41, 3.00, 9.01, 4.41, -6.00, 2.00, 2.80, 166279.4689248169
No.604: 1.00, 1.00, 0.01, 0.41, 3.00, 9.01, 4.41, -6.00, 2.00, 2.80, 166279.4689248169
No.605: 1.00, 1.00, 0.01, 0.42, 3.00, 9.01, 4.41, -6.00, 2.00, 2.80, 166279.4689248169
No.606: 1.00, 1.00, 0.01, 0.41, 3.01, 9.01, 4.41, -6.00, 2.00, 2.80, 166279.4689248169
No.607: 1.00, 1.00, 0.01, 0.41, 3.00, 9.01, 4.41, -6.00, 2.00, 2.80, 166279.4689248169
No.608: 1.00, 1.00, 0.01, 0.41, 3.00, 9.01, 4.41, -6.00, 2.00, 2.80, 166279.4689248169
No.609: 1.00, 1.00, 0.01, 0.41, 3.00, 9.01, 4.41, -6.00, 2.00, 2.80, 166279.4689248169
No.610: 1.00, 1.00, 0.01, 0.41, 3.00, 9.01, 4.41, -6.00, 2.00, 2.80, 166279.4689248169
No.611: 1.00, 1.00, 0.01, 0.41, 3.00, 9.01, 4.41, -6.00, 2.00, 2.80, 166279.4689248169
No.612: 1.01, 1.01, 0.01, 0.42, 3.01, 9.01, 4.41, -6.00, 2.00, 2.80, 166279.4689248169
No.613: 1.01, 1.01, 0.01, 0.42, 3.01, 9.01, 4.41, -6.00, 2.00, 2.80, 166279.4689248169
No.614: 1.01, 1.00, 0.01, 0.41, 3.00, 9.01, 4.41, -6.00, 2.00, 2.80, 166279.4689248169
No.615: 1.00, 1.01, 0.01, 0.41, 3.00, 9.01, 4.41, -6.00, 2.00, 2.80, 166279.4689248169
No.616: 1.00, 1.00, 0.01, 0.41, 3.00, 9.01, 4.41, -6.00, 2.00, 2.80, 166279.4689248169
No.617: 1.00, 1.00, 0.01, 0.42, 3.00, 9.01, 4.41, -6.00, 2.00, 2.80, 166279.4689248169
No.618: 1.00, 1.00, 0.01, 0.41, 3.01, 9.01, 4.41, -6.00, 2.00, 2.80, 166279.4689248169
No.619: 1.00, 1.00, 0.01, 0.41, 3.00, 9.01, 4.41, -6.00, 2.00, 2.80, 166279.4689248169
No.620: 1.00, 1.00, 0.01, 0.41, 3.00, 9.01, 4.41, -6.00, 2.00, 2.80, 166279.4689248169
No.621: 1.00, 1.00, 0.01, 0.41, 3.00, 9.01, 4.41, -6.00, 2.00, 2.80, 166279.4689248169
No.622: 1.00, 1.00, 0.01, 0.41, 3.00, 9.01, 4.41, -6.00, 2.00, 2.80, 166279.4689248169
No.623: 1.00, 1.00, 0.01, 0.41, 3.00, 9.01, 4.41, -6.00, 2.00, 2.80, 166279.4689248169
No.624: 1.01, 1.01, 0.01, 0.42, 3.01, 9.01, 4.41, -6.00, 2.00, 2.80, 166279.4689248169
No.625: 1.01, 1.01, 0.01, 0.42, 3.01, 9.01, 4.41, -6.00, 2.00, 2.80, 166279.4689248169
No.626: 1.01, 1.00, 0.01, 0.41, 3.00, 9.01, 4.41, -6.00, 2.00, 2.80, 166279.4689248169
No.627: 1.00, 1.01, 0.01, 0.41, 3.00, 9.01, 4.41, -6.00, 2.00, 2.80, 166279.4689248169
No.628: 1.00, 1.00, 0.01, 0.41, 3.00, 9.01, 4.41, -6.00, 2.00, 2.80, 166279.4689248169
No.629: 1.00, 1.00, 0.01, 0.42, 3.00, 9.01, 4.41, -6.00, 2.00, 2.80, 166279.4689248169
No.630: 1.00, 1.00, 0.01, 0.41, 3.01, 9.01, 4.41, -6.00, 2.00, 2.80, 166279.4689248169
No.631: 1.00, 1.00, 0.01, 0.41, 3.00, 9.01, 4.41, -6.00, 2.00, 2.80, 166279.4689248169
No.632: 1.00, 1.00, 0.01, 0.41, 3.00, 9.01, 4.41, -6.00, 2.00, 2.80, 166279.4689248169
No.633: 1.00, 1.00, 0.01, 0.41, 3.00, 9.01, 4.41, -6.00, 2.00, 2.80, 166279.4689248169
No.634: 1.00, 1.00, 0.01, 0.41, 3.00, 9.01, 4.41, -6.00, 2.00, 2.80, 166279.4689248169
No.635: 1.00, 1.00, 0.01, 0.41, 3.00, 9.01, 4.41, -6.00, 2.00, 2.80, 166279.4689248169
No.636: 1.01, 1.01, 0.01, 0.42, 3.01, 9.01, 4.41, -6.00, 2.00, 2.80, 166279.4689248169
No.637: 1.01, 1.01, 0.01, 0.42, 3.01, 9.01, 4.41, -6.00, 2.00, 2.80, 166279.4689248169
No.638: 1.01, 1.00, 0.01, 0.41, 3.00, 9.01, 4.41, -6.00, 2.00, 2.80, 166279.4689248169
No.639: 1.00, 1.01, 0.01, 0.41, 3.00, 9.01, 4.41, -6.00, 2.00, 2.80, 166279.4689248169
No.640: 1.00, 1.00, 0.01, 0.41, 3.00, 9.01, 4.41, -6.00, 2.00, 2.80, 166279.4689248169
No.641: 1.00, 1.00, 0.01, 0.42, 3.00, 9.01, 4.41, -6.00, 2.00, 2.80, 166279.4689248169
No.642: 1.00, 1.00, 0.01, 0.41, 3.01, 9.01, 4.41, -6.00, 2.00, 2.80, 166279.4689248169
No.643: 1.00, 1.00, 0.01, 0.41, 3.00, 9.01, 4.41, -6.00, 2.00, 2.80, 166279.4689248169
No.644: 1.00, 1.00, 0.01, 0.41, 3.00, 9.01, 4.41, -6.00, 2.00, 2.80, 166279.4689248169
No.645: 1.00, 1.00, 0.01, 0.41, 3.00, 9.01, 4.41, -6.00, 2.00, 2.80, 166279.4689248169
No.646: 1.00, 1.00, 0.01, 0.41, 3.00, 9.01, 4.41, -6.00, 2.00, 2.80, 166279.4689248169
No.647: 1.00, 1.00, 0.01, 0.41, 3.00, 9.01, 4.41, -6.00, 2.00, 2.80, 166279.4689248169
No.648: 1.01, 1.01, 0.01, 0.42, 3.01, 9.01, 4.41, -6.00, 2.00, 2.80, 166279.4689248169
No.649: 1.01, 1.01, 0.01, 0.42, 3.01, 9.01, 4.41, -6.00, 2.00, 2.80, 166279.4689248169
No.650: 1.01, 1.00, 0.01, 0.41, 3.00, 9.01, 4.41, -6.00, 2.00, 2.80, 166279.4689248169
No.651: 1.00, 1.01, 0.01, 0.41, 3.00, 9.01, 4.41, -6.00, 2.00, 2.80, 166279.4689248169
No.652: 1.00, 1.00, 0.01, 0.41, 3.00, 9.01, 4.41, -6.00, 2.00, 2.80, 166279.4689248169
No.653: 1.00, 1.00, 0.01, 0.42, 3.00, 9.01, 4.41, -6.00, 2.00, 2.80, 166279.4689248169
No.654: 1.00, 1.00, 0.01, 0.41, 3.01, 9.01, 4.41, -6.00, 2.00, 2.80, 166279.4689248169
No.655: 1.00, 1.00, 0.01, 0.41, 3.00, 9.01, 4.41, -6.00, 2.00, 2.80, 166279.4689248169
No.656: 1.00, 1.00, 0.01, 0.41, 3.00, 9.01, 4.41, -6.00, 2.00, 2.80, 166279.4689248169
No.657: 1.00, 1.00, 0.01, 0.41, 3.00, 9.01, 4.41, -6.00, 2.00, 2.80, 166279.4689248169
No.658: 1.00, 1.00, 0.01, 0.41, 3.00, 9.01, 4.41, -6.00, 2.00, 2.80, 166279.4689248169
No.659: 1.00, 1.00, 0.01, 0.41, 3.00, 9.01, 4.41, -6.00, 2.00, 2.80, 166279.4689248169
No.660: 1.01, 1.01, 0.01, 0.42, 3.01, 9.01, 4.41, -6.00, 2.00, 2.80, 166279.4689248169
No.661: 1.01, 1.01, 0.01, 0.42, 3.01, 9.01, 4.41, -6.00, 2.00, 2.80, 166279.4689248169
No.662: 1.01, 1.00, 0.01, 0.41, 3.00, 9.01, 4.41, -6.00, 2.00, 2.80, 166279.4689248169
No.663: 1.00, 1.01, 0.01, 0.41, 3.00, 9.01, 4.41, -6.00, 2.00, 2.80, 166279.4689248169
No.664: 1.00, 1.00, 0.01, 0.41, 3.00, 9.01, 4.41, -6.00, 2.00, 2.80, 166279.4689248169
No.665: 1.00, 1.00, 0.01, 0.42, 3.00, 9.01, 4.41, -6.00, 2.00, 2.80, 166279.4689248169
No.666: 1.00, 1.00, 0.01, 0.41, 3.01, 9.01, 4.41, -6.00, 2.00, 2.80, 166279.4689248169
No.667: 1.00, 1.00, 0.01, 0.41, 3.00, 9.01, 4.41, -6.00, 2.00, 2.80, 166279.4689248169
No.668: 1.00, 1.00, 0.01, 0.41, 3.00, 9.01, 4.41, -6.00, 2.00, 2.80, 166279.4689248169
No.669: 1.00, 1.00, 0.01, 0.41, 3.00, 9.01, 4.41, -6.00, 2.00, 2.80, 166279.4689248169
No.670: 1.00, 1.00, 0.01, 0.41, 3.00, 9.01, 4.41, -6.00, 2.00, 2.80, 166279.4689248169
No.671: 1.00, 1.00, 0.01, 0.41, 3.00, 9.01, 4.41, -6.00, 2.00, 2.80, 166279.4689248169
No.672: 1.01, 1.01, 0.01, 0.42, 3.01, 9.01, 4.41, -6.00, 2.00, 2.80, 166279.4689248169
No.673: 1.01, 1.01, 0.01, 0.42, 3.01, 9.01, 4.41, -6.00, 2.00, 2.80, 166279.4689248169
No.674: 1.01, 1.00, 0.01, 0.41, 3.00, 9.01, 4.41, -6.00, 2.00, 2.80, 166279.4689248169
No.675: 1.00, 1.01, 0.01, 0.41, 3.00, 9.01, 4.41, -6.00, 2.00, 2.80, 166279.4689248169
No.676: 1.00, 1.00, 0.01, 0.41, 3.00, 9.01, 4.41, -6.00, 2.00, 2.80, 166279.4689248169
No.677: 1.00, 1.00, 0.01, 0.42, 3.00, 9.01, 4.41, -6.00, 2.00, 2.80, 166279.4689248169
No.678: 1.00, 1.00, 0.01, 0.41, 3.01, 9.01, 4.41, -6.00, 2.00, 2.80, 166279.4689248169
No.679: 1.00, 1.00, 0.01, 0.41, 3.00, 9.01, 4.41, -6.00, 2.00, 2.80, 166279.4689248169
No.680: 1.00, 1.00, 0.01, 0.41, 3.00, 9.01, 4.41, -6.00, 2.00, 2.80, 166279.4689248169
No.681: 1.00, 1.00, 0.01, 0.41, 3.00, 9.01, 4.41, -6.00, 2.00, 2.80, 166279.4689248169
No.682: 1.00, 1.00, 0.01, 0.41, 3.00, 9.01, 4.41, -6.00, 2.00, 2.80, 166279.4689248169
No.683: 1.00, 1.00, 0.01, 0.41, 3.00, 9.01, 4.41, -6.00, 2.00, 2.80, 166279.4689248169
No.684: 1.01, 1.01, 0.01, 0.42, 3.01, 9.01, 4.41, -6.00, 2.00, 2.80, 166279.4689248169
No.685: 1.01, 1.01, 0.01, 0.42, 3.01, 9.01, 4.41, -6.00, 2.00, 2.80, 166279.4689248169
No.686: 1.01, 1.00, 0.01, 0.41, 3.00, 9.01, 4.41, -6.00, 2.00, 2.80, 166279.4689248169
No.687: 1.00, 1.01, 0.01, 0.41, 3.00, 9.01, 4.41, -6.00, 2.00, 2.80, 166279.4689248169
No.688: 1.00, 1.00, 0.01, 0.41, 3.00, 9.01, 4.41, -6.00, 2.00, 2.80, 166279.4689248169
No.689: 1.00, 1.00, 0.01, 0.42, 3.00, 9.01, 4.41, -6.00, 2.00, 2.80, 166279.4689248169
No.690: 1.00, 1.00, 0.01, 0.41, 3.01, 9.01, 4.41, -6.00, 2.00, 2.80, 166279.4689248169
No.691: 1.00, 1.00, 0.01, 0.41, 3.00, 9.01, 4.41, -6.00, 2.00, 2.80, 166279.4689248169
No.692: 1.00, 1.00, 0.01, 0.41, 3.00, 9.01, 4.41, -6.00, 2.00, 2.80, 166279.4689248169
No.693: 1.00, 1.00, 0.01, 0.41, 3.00, 9.01, 4.41, -6.00, 2.00, 2.80, 166279.4689248169
No.694: 1.00, 1.00, 0.01, 0.41, 3.00, 9.01, 4.41, -6.00, 2.00, 2.80, 166279.4689248169
No.695: 1.00, 1.00, 0.01, 0.41, 3.00, 9.01, 4.41, -6.00, 2.00, 2.80, 166279.4689248169
No.696: 1.01, 1.01, 0.01, 0.42, 3.01, 9.01, 4.41, -6.00, 2.00, 2.80, 166279.4689248169
No.697: 1.01, 1.01, 0.01, 0.42, 3.01, 9.01, 4.41, -6.00, 2.00, 2.80, 166279.4689248169
No.698: 1.01, 1.00, 0.01, 0.41, 3.00, 9.01, 4.41, -6.00, 2.00, 2.80, 166279.4689248169
No.699: 1.00, 1.01, 0.01, 0.41, 3.00, 9.01, 4.41, -6.00, 2.00, 2.80, 166279.4689248169
No.700: 1.00, 1.00, 0.01, 0.41, 3.00, 9.01, 4.41, -6.00, 2.00, 2.80, 166279.4689248169
No.701: 1.00, 1.00, 0.01, 0.42, 3.00, 9.01, 4.41, -6.00, 2.00, 2.80, 166279.4689248169
No.702: 1.00, 1.00, 0.01, 0.41, 3.01, 9.01, 4.41, -6.00, 2.00, 2.80, 166279.4689248169
No.703: 1.00, 1.00, 0.01, 0.41, 3.00, 9.01, 4.41, -6.00, 2.00, 2.80, 166279.4689248169
No.704: 1.00, 1.00, 0.01, 0.41, 3.00, 9.01, 4.41, -6.00, 2.00, 2.80, 166279.4689248169
No.705: 1.00, 1.00, 0.01, 0.41, 3.00, 9.01, 4.41, -6.00, 2.00, 2.80, 166279.4689248169
No.706: 1.00, 1.00, 0.01, 0.41, 3.00, 9.01, 4.41, -6.00, 2.00, 2.80, 166279.4689248169
No.707: 1.00, 1.00, 0.01, 0.41, 3.00, 9.01, 4.41, -6.00, 2.00, 2.80, 166279.4689248169
No.708: 1.01, 1.01, 0.01, 0.42, 3.01, 9.01, 4.41, -6.00, 2.00, 2.80, 166279.4689248169
No.709: 1.01, 1.01, 0.01, 0.42, 3.01, 9.01, 4.41, -6.00, 2.00, 2.80, 166279.4689248169
No.710: 1.01, 1.00, 0.01, 0.41, 3.00, 9.01, 4.41, -6.00, 2.00, 2.80, 166279.4689248169
No.711: 1.00, 1.01, 0.01, 0.41, 3.00, 9.01, 4.41, -6.00, 2.00, 2.80, 166279.4689248169
No.712: 1.00, 1.00, 0.01, 0.41, 3.00, 9.01, 4.41, -6.00, 2.00, 2.80, 166279.4689248169
No.713: 1.00, 1.00, 0.01, 0.42, 3.00, 9.01, 4.41, -6.00, 2.00, 2.80, 166279.4689248169
No.714: 1.00, 1.00, 0.01, 0.41, 3.01, 9.01, 4.41, -6.00, 2.00, 2.80, 166279.4689248169
No.715: 1.00, 1.00, 0.01, 0.41, 3.00, 9.01, 4.41, -6.00, 2.00, 2.80, 166279.4689248169
No.716: 1.00, 1.00, 0.01, 0.41, 3.00, 9.01, 4.41, -6.00, 2.00, 2.80, 166279.4689248169
No.717: 1.00, 1.00, 0.01, 0.41, 3.00, 9.01, 4.41, -6.00, 2.00, 2.80, 166279.4689248169
No.718: 1.00, 1.00, 0.01, 0.41, 3.00, 9.01, 4.41, -6.00, 2.00, 2.80, 166279.4689248169
No.719: 1.00, 1.00, 0.01, 0.41, 3.00, 9.01, 4.41, -6.00, 2.00, 2.80, 166279.4689248169
No.720: 1.01, 1.01, 0.01, 0.42, 3.01, 9.01, 4.41, -6.00, 2.00, 2.80, 166279.4689248169
No.721: 1.01, 1.01, 0.01, 0.42, 3.01, 9.01, 4.41, -6.00, 2.00, 2.80, 166279.4689248169
No.722: 1.01, 1.00, 0.01, 0.41, 3.00, 9.01, 4.41, -6.00, 2.00, 2.80, 166279.4689248169
No.723: 1.00, 1.01, 0.01, 0.41, 3.00, 9.01, 4.41, -6.00, 2.00, 2.80, 166279.4689248169
No.724: 1.00, 1.00, 0.01, 0.41, 3.00, 9.01, 4.41, -6.00, 2.00, 2.80, 166279.4689248169
No.725: 1.00, 1.00, 0.01, 0.42, 3.00, 9.01, 4.41, -6.00, 2.00, 2.80, 166279.4689248169
No.726: 1.00, 1.00, 0.01, 0.41, 3.01, 9.01, 4.41, -6.00, 2.00, 2.80, 166279.4689248169
No.727: 1.00, 1.00, 0.01, 0.41, 3.00, 9.01, 4.41, -6.00, 2.00, 2.80, 166279.4689248169
No.728: 1.00, 1.00, 0.01, 0.41, 3.00, 9.01, 4.41, -6.00, 2.00, 2.80, 166279.4689248169
No.729: 1.00, 1.00, 0.01, 0.41, 3.00, 9.01, 4.41, -6.00, 2.00, 2.80, 166279.4689248169
No.730: 1.00, 1.00, 0.01, 0.41, 3.00, 9.01, 4.41, -6.00, 2.00, 2.80, 166279.4689248169
No.731: 1.00, 1.00, 0.01, 0.41, 3.00, 9.01, 4.41, -6.00, 2.00, 2.80, 166279.4689248169
No.732: 1.01, 1.01, 0.01, 0.42, 3.01, 9.01, 4.41, -6.00, 2.00, 2.80, 166279.4689248169
No.733: 1.01, 1.01, 0.01, 0.42, 3.01, 9.01, 4.41, -6.00, 2.00, 2.80, 166279.4689248169
No.734: 1.01, 1.00, 0.01, 0.41, 3.00, 9.01, 4.41, -6.00, 2.00, 2.80, 166279.4689248169
No.735: 1.00, 1.01, 0.01, 0.41, 3.00, 9.01, 4.41, -6.00, 2.00, 2.80, 166279.4689248169
No.736: 1.00, 1.00, 0.01, 0.41, 3.00, 9.01, 4.41, -6.00, 2.00, 2.80, 166279.4689248169
No.737: 1.00, 1.00, 0.01, 0.42, 3.00, 9.01, 4.41, -6.00, 2.00, 2.80, 166279.4689248169
No.738: 1.00, 1.00, 0.01, 0.41, 3.01, 9.01, 4.41, -6.00, 2.00, 2.80, 166279.4689248169
No.739: 1.00, 1.00, 0.01, 0.41, 3.00, 9.01, 4.41, -6.00, 2.00, 2.80, 166279.4689248169
No.740: 1.00, 1.00, 0.01, 0.41, 3.00, 9.01, 4.41, -6.00, 2.00, 2.80, 166279.4689248169
No.741: 1.00, 1.00, 0.01, 0.41, 3.00, 9.01, 4.41, -6.00, 2.00, 2.80, 166279.4689248169
No.742: 1.00, 1.00, 0.01, 0.41, 3.00, 9.01, 4.41, -6.00, 2.00, 2.80, 166279.4689248169
No.743: 1.00, 1.00, 0.01, 0.41, 3.00, 9.01, 4.41, -6.00, 2.00, 2.80, 166279.4689248169
No.744: 1.01, 1.01, 0.01, 0.42, 3.01, 9.01, 4.41, -6.00, 2.00, 2.80, 166279.4689248169
No.745: 1.01, 1.01, 0.01, 0.42, 3.01, 9.01, 4.41, -6.00, 2.00, 2.80, 166279.4689248169
No.746: 1.01, 1.00, 0.01, 0.41, 3.00, 9.01, 4.41, -6.00, 2.00, 2.80, 166279.4689248169
No.747: 1.00, 1.01, 0.01, 0.41, 3.00, 9.01, 4.41, -6.00, 2.00, 2.80, 166279.4689248169
No.748: 1.00, 1.00, 0.01, 0.41, 3.00, 9.01, 4.41, -6.00, 2.00, 2.80, 166279.4689248169
No.749: 1.00, 1.00, 0.01, 0.42, 3.00, 9.01, 4.41, -6.00, 2.00, 2.80, 166279.4689248169
No.750: 1.00, 1.00, 0.01, 0.41, 3.01, 9.01, 4.41, -6.00, 2.00, 2.80, 166279.4689248169
No.751: 1.00, 1.00, 0.01, 0.41, 3.00, 9.01, 4.41, -6.00, 2.00, 2.80, 166279.4689248169
No.752: 1.00, 1.00, 0.01, 0.41, 3.00, 9.01, 4.41, -6.00, 2.00, 2.80, 166279.4689248169
No.753: 1.00, 1.00, 0.01, 0.41, 3.00, 9.01, 4.41, -6.00, 2.00, 2.80, 166279.4689248169
No.754: 1.00, 1.00, 0.01, 0.41, 3.00, 9.01, 4.41, -6.00, 2.00, 2.80, 166279.4689248169
No.755: 1.00, 1.00, 0.01, 0.41, 3.00, 9.01, 4.41, -6.00, 2.00, 2.80, 166279.4689248169
No.756: 1.01, 1.01, 0.01, 0.42, 3.01, 9.01, 4.41, -6.00, 2.00, 2.80, 166279.4689248169
No.757: 1.01, 1.01, 0.01, 0.42, 3.01, 9.01, 4.41, -6.00, 2.00, 2.80, 166279.4689248169
No.758: 1.01, 1.00, 0.01, 0.41, 3.00, 9.01, 4.41, -6.00, 2.00, 2.80, 166279.4689248169
No.759: 1.00, 1.01, 0.01, 0.41, 3.00, 9.01, 4.41, -6.00, 2.00, 2.80, 166279.4689248169
No.760: 1.00, 1.00, 0.01, 0.41, 3.00, 9.01, 4.41, -6.00, 2.00, 2.80, 166279.4689248169
No.761: 1.00, 1.00, 0.01, 0.42, 3.00, 9.01, 4.41, -6.00, 2.00, 2.80, 166279.4689248169
No.762: 1.00, 1.00, 0.01, 0.41, 3.01, 9.01, 4.41, -6.00, 2.00, 2.80, 166279.4689248169
No.763: 1.00, 1.00, 0.01, 0.41, 3.00, 9.01, 4.41, -6.00, 2.00, 2.80, 166279.4689248169
No.764: 1.00, 1.00, 0.01, 0.41, 3.00, 9.01, 4.41, -6.00, 2.00, 2.80, 166279.4689248169
No.765: 1.00, 1.00, 0.01, 0.41, 3.00, 9.01, 4.41, -6.00, 2.00, 2.80, 166279.4689248169
No.766: 1.00, 1.00, 0.01, 0.41, 3.00, 9.01, 4.41, -6.00, 2.00, 2.80, 166279.4689248169
No.767: 1.00, 1.00, 0.01, 0.41, 3.00, 9.01, 4.41, -6.00, 2.00, 2.80, 166279.4689248169
No.768: 1.01, 1.01, 0.01, 0.42, 3.01, 9.01, 4.41, -6.00, 2.00, 2.80, 166279.4689248169
No.769: 1.01, 1.01, 0.01, 0.42, 3.01, 9.01, 4.41, -6.00, 2.00, 2.80, 166279.4689248169
No.770: 1.01, 1.00, 0.01, 0.41, 3.00, 9.01, 4.41, -6.00, 2.00, 2.80, 166279.4689248169
No.771: 1.00, 1.01, 0.01, 0.41, 3.00, 9.01, 4.41, -6.00, 2.00, 2.80, 166279.4689248169
No.772: 1.00, 1.00, 0.01, 0.41, 3.00, 9.01, 4.41, -6.00, 2.00, 2.80, 166279.4689248169
No.773: 1.00, 1.00, 0.01, 0.42, 3.00, 9.01, 4.41, -6.00, 2.00, 2.80, 166279.4689248169
No.774: 1.00, 1.00, 0.01, 0.41, 3.01, 9.01, 4.41, -6.00, 2.00, 2.80, 166279.4689248169
No.775: 1.00, 1.00, 0.01, 0.41, 3.00, 9.01, 4.41, -6.00, 2.00, 2.80, 166279.4689248169
No.776: 1.00, 1.00, 0.01, 0.41, 3.00, 9.01, 4.41, -6.00, 2.00, 2.80, 166279.4689248169
No.777: 1.00, 1.00, 0.01, 0.41, 3.00, 9.01, 4.41, -6.00, 2.00, 2.80, 166279.4689248169
No.778: 1.00, 1.00, 0.01, 0.41, 3.00, 9.01, 4.41, -6.00, 2.00, 2.80, 166279.4689248169
No.779: 1.00, 1.00, 0.01, 0.41, 3.00, 9.01, 4.41, -6.00, 2.00, 2.80, 166279.4689248169
No.780: 1.01, 1.01, 0.01, 0.42, 3.01, 9.01, 4.41, -6.00, 2.00, 2.80, 166279.4689248169
No.781: 1.01, 1.01, 0.01, 0.42, 3.01, 9.01, 4.41, -6.00, 2.00, 2.80, 166279.4689248169
No.782: 1.01, 1.00, 0.01, 0.41, 3.00, 9.01, 4.41, -6.00, 2.00, 2.80, 166279.4689248169
No.783: 1.00, 1.01, 0.01, 0.41, 3.00, 9.01, 4.41, -6.00, 2.00, 2.80, 166279.4689248169
No.784: 1.00, 1.00, 0.01, 0.41, 3.00, 9.01, 4.41, -6.00, 2.00, 2.80, 166279.4689248169
No.785: 1.00, 1.00, 0.01, 0.42, 3.00, 9.01, 4.41, -6.00, 2.00, 2.80, 166279.4689248169
No.786: 1.00, 1.00, 0.01, 0.41, 3.01, 9.01, 4.41, -6.00, 2.00, 2.80, 166279.4689248169
No.787: 1.00, 1.00, 0.01, 0.41, 3.00, 9.01, 4.41, -6.00, 2.00, 2.80, 166279.4689248169
No.788: 1.00, 1.00, 0.01, 0.41, 3.00, 9.01, 4.41, -6.00, 2.00, 2.80, 166279.4689248169
No.789: 1.00, 1.00, 0.01, 0.41, 3.00, 9.01, 4.41, -6.00, 2.00, 2.80, 166279.4689248169
No.790: 1.00, 1.00, 0.01, 0.41, 3.00, 9.01, 4.41, -6.00, 2.00, 2.80, 166279.4689248169
No.791: 1.00, 1.00, 0.01, 0.41, 3.00, 9.01, 4.41, -6.00, 2.00, 2.80, 166279.4689248169
No.792: 1.01, 1.01, 0.01, 0.42, 3.01, 9.01, 4.41, -6.00, 2.00, 2.80, 166279.4689248169
No.793: 1.01, 1.01, 0.01, 0.42, 3.01, 9.01, 4.41, -6.00, 2.00, 2.80, 166279.4689248169
No.794: 1.01, 1.00, 0.01, 0.41, 3.00, 9.01, 4.41, -6.00, 2.00, 2.80, 166279.4689248169
No.795: 1.00, 1.01, 0.01, 0.41, 3.00, 9.01, 4.41, -6.00, 2.00, 2.80, 166279.4689248169
No.796: 1.00, 1.00, 0.01, 0.41, 3.00, 9.01, 4.41, -6.00, 2.00, 2.80, 166279.4689248169
No.797: 1.00, 1.00, 0.01, 0.42, 3.00, 9.01, 4.41, -6.00, 2.00, 2.80, 166279.4689248169
No.798: 1.00, 1.00, 0.01, 0.41, 3.01, 9.01, 4.41, -6.00, 2.00, 2.80, 166279.4689248169
No.799: 1.00, 1.00, 0.01, 0.41, 3.00, 9.01, 4.41, -6.00, 2.00, 2.80, 166279.4689248169
No.800: 1.00, 1.00, 0.01, 0.41, 3.00, 9.01, 4.41, -6.00, 2.00, 2.80, 166279.4689248169
No.801: 1.00, 1.00, 0.01, 0.41, 3.00, 9.01, 4.41, -6.00, 2.00, 2.80, 166279.4689248169
No.802: 1.00, 1.00, 0.01, 0.41, 3.00, 9.01, 4.41, -6.00, 2.00, 2.80, 166279.4689248169
No.803: 1.00, 1.00, 0.01, 0.41, 3.00, 9.01, 4.41, -6.00, 2.00, 2.80, 166279.4689248169
No.804: 1.01, 1.01, 0.01, 0.42, 3.01, 9.01, 4.41, -6.00, 2.00, 2.80, 166279.4689248169
No.805: 1.01, 1.01, 0.01, 0.42, 3.01, 9.01, 4.41, -6.00, 2.00, 2.80, 166279.4689248169
No.806: 1.01, 1.00, 0.01, 0.41, 3.00, 9.01, 4.41, -6.00, 2.00, 2.80, 166279.4689248169
No.807: 1.00, 1.01, 0.01, 0.41, 3.00, 9.01, 4.41, -6.00, 2.00, 2.80, 166279.4689248169
No.808: 1.00, 1.00, 0.01, 0.41, 3.00, 9.01, 4.41, -6.00, 2.00, 2.80, 166279.4689248169
No.809: 1.00, 1.00, 0.01, 0.42, 3.00, 9.01, 4.41, -6.00, 2.00, 2.80, 166279.4689248169
No.810: 1.00, 1.00, 0.01, 0.41, 3.01, 9.01, 4.41, -6.00, 2.00, 2.80, 166279.4689248169
No.811: 1.00, 1.00, 0.01, 0.41, 3.00, 9.01, 4.41, -6.00, 2.00, 2.80, 166279.4689248169
No.812: 1.00, 1.00, 0.01, 0.41, 3.00, 9.01, 4.41, -6.00, 2.00, 2.80, 166279.4689248169
No.813: 1.00, 1.00, 0.01, 0.41, 3.00, 9.01, 4.41, -6.00, 2.00, 2.80, 166279.4689248169
No.814: 1.00, 1.00, 0.01, 0.41, 3.00, 9.01, 4.41, -6.00, 2.00, 2.80, 166279.4689248169
No.815: 1.00, 1.00, 0.01, 0.41, 3.00, 9.01, 4.41, -6.00, 2.00, 2.80, 166279.4689248169
No.816: 1.01, 1.01, 0.01, 0.42, 3.01, 9.01, 4.41, -6.00, 2.00, 2.80, 166279.4689248169
No.817: 1.01, 1.01, 0.01, 0.42, 3.01, 9.01, 4.41, -6.00, 2.00, 2.80, 166279.4689248169
No.818: 1.01, 1.00, 0.01, 0.41, 3.00, 9.01, 4.41, -6.00, 2.00, 2.80, 166279.4689248169
No.819: 1.00, 1.01, 0.01, 0.41, 3.00, 9.01, 4.41, -6.00, 2.00, 2.80, 166279.4689248169
No.820: 1.00, 1.00, 0.01, 0.41, 3.00, 9.01, 4.41, -6.00, 2.00, 2.80, 166279.4689248169
No.821: 1.00, 1.00, 0.01, 0.42, 3.00, 9.01, 4.41, -6.00, 2.00, 2.80, 166279.4689248169
No.822: 1.00, 1.00, 0.01, 0.41, 3.01, 9.01, 4.41, -6.00, 2.00, 2.80, 166279.4689248169
No.823: 1.00, 1.00, 0.01, 0.41, 3.00, 9.01, 4.41, -6.00, 2.00, 2.80, 166279.4689248169
No.824: 1.00, 1.00, 0.01, 0.41, 3.00, 9.01, 4.41, -6.00, 2.00, 2.80, 166279.4689248169
No.825: 1.00, 1.00, 0.01, 0.41, 3.00, 9.01, 4.41, -6.00, 2.00, 2.80, 166279.4689248169
No.826: 1.00, 1.00, 0.01, 0.41, 3.00, 9.01, 4.41, -6.00, 2.00, 2.80, 166279.4689248169
No.827: 1.00, 1.00, 0.01, 0.41, 3.00, 9.01, 4.41, -6.00, 2.00, 2.80, 166279.4689248169
No.828: 1.01, 1.01, 0.01, 0.42, 3.01, 9.01, 4.41, -6.00, 2.00, 2.80, 166279.4689248169
No.829: 1.01, 1.01, 0.01, 0.42, 3.01, 9.01, 4.41, -6.00, 2.00, 2.80, 166279.4689248169
No.830: 1.01, 1.00, 0.01, 0.41, 3.00, 9.01, 4.41, -6.00, 2.00, 2.80, 166279.4689248169
No.831: 1.00, 1.01, 0.01, 0.41, 3.00, 9.01, 4.41, -6.00, 2.00, 2.80, 166279.4689248169
No.832: 1.00, 1.00, 0.01, 0.41, 3.00, 9.01, 4.41, -6.00, 2.00, 2.80, 166279.4689248169
No.833: 1.00, 1.00, 0.01, 0.42, 3.00, 9.01, 4.41, -6.00, 2.00, 2.80, 166279.4689248169
No.834: 1.00, 1.00, 0.01, 0.41, 3.01, 9.01, 4.41, -6.00, 2.00, 2.80, 166279.4689248169
No.835: 1.00, 1.00, 0.01, 0.41, 3.00, 9.01, 4.41, -6.00, 2.00, 2.80, 166279.4689248169
No.836: 1.00, 1.00, 0.01, 0.41, 3.00, 9.01, 4.41, -6.00, 2.00, 2.80, 166279.4689248169
No.837: 1.00, 1.00, 0.01, 0.41, 3.00, 9.01, 4.41, -6.00, 2.00, 2.80, 166279.4689248169
No.838: 1.00, 1.00, 0.01, 0.41, 3.00, 9.01, 4.41, -6.00, 2.00, 2.80, 166279.4689248169
No.839: 1.00, 1.00, 0.01, 0.41, 3.00, 9.01, 4.41, -6.00, 2.00, 2.80, 166279.4689248169
No.840: 1.01, 1.01, 0.01, 0.42, 3.01, 9.01, 4.41, -6.00, 2.00, 2.80, 166279.4689248169
No.841: 1.01, 1.01, 0.01, 0.42, 3.01, 9.01, 4.41, -6.00, 2.00, 2.80, 166279.4689248169
No.842: 1.01, 1.00, 0.01, 0.41, 3.00, 9.01, 4.41, -6.00, 2.00, 2.80, 166279.4689248169
No.843: 1.00, 1.01, 0.01, 0.41, 3.00, 9.01, 4.41, -6.00, 2.00, 2.80, 166279.4689248169
No.844: 1.00, 1.00, 0.01, 0.41, 3.00, 9.01, 4.41, -6.00, 2.00, 2.80, 166279.4689248169
No.845: 1.00, 1.00, 0.01, 0.42, 3.00, 9.01, 4.41, -6.00, 2.00, 2.80, 166279.4689248169
No.846: 1.00, 1.00, 0.01, 0.41, 3.01, 9.01, 4.41, -6.00, 2.00, 2.80, 166279.4689248169
No.847: 1.00, 1.00, 0.01, 0.41, 3.00, 9.01, 4.41, -6.00, 2.00, 2.80, 166279.4689248169
No.848: 1.00, 1.00, 0.01, 0.41, 3.00, 9.01, 4.41, -6.00, 2.00, 2.80, 166279.4689248169
No.849: 1.00, 1.00, 0.01, 0.41, 3.00, 9.01, 4.41, -6.00, 2.00, 2.80, 166279.4689248169
No.850: 1.00, 1.00, 0.01, 0.41, 3.00, 9.01, 4.41, -6.00, 2.00, 2.80, 166279.4689248169
No.851: 1.00, 1.00, 0.01, 0.41, 3.00, 9.01, 4.41, -6.00, 2.00, 2.80, 166279.4689248169
No.852: 1.01, 1.01, 0.01, 0.42, 3.01, 9.01, 4.41, -6.00, 2.00, 2.80, 166279.4689248169
No.853: 1.01, 1.01, 0.01, 0.42, 3.01, 9.01, 4.41, -6.00, 2.00, 2.80, 166279.4689248169
No.854: 1.01, 1.00, 0.01, 0.41, 3.00, 9.01, 4.41, -6.00, 2.00, 2.80, 166279.4689248169
No.855: 1.00, 1.01, 0.01, 0.41, 3.00, 9.01, 4.41, -6.00, 2.00, 2.80, 166279.4689248169
No.856: 1.00, 1.00, 0.01, 0.41, 3.00, 9.01, 4.41, -6.00, 2.00, 2.80, 166279.4689248169
No.857: 1.00, 1.00, 0.01, 0.42, 3.00, 9.01, 4.41, -6.00, 2.00, 2.80, 166279.4689248169
No.858: 1.00, 1.00, 0.01, 0.41, 3.01, 9.01, 4.41, -6.00, 2.00, 2.80, 166279.4689248169
No.859: 1.00, 1.00, 0.01, 0.41, 3.00, 9.01, 4.41, -6.00, 2.00, 2.80, 166279.4689248169
No.860: 1.00, 1.00, 0.01, 0.41, 3.00, 9.01, 4.41, -6.00, 2.00, 2.80, 166279.4689248169
No.861: 1.00, 1.00, 0.01, 0.41, 3.00, 9.01, 4.41, -6.00, 2.00, 2.80, 166279.4689248169
No.862: 1.00, 1.00, 0.01, 0.41, 3.00, 9.01, 4.41, -6.00, 2.00, 2.80, 166279.4689248169
No.863: 1.00, 1.00, 0.01, 0.41, 3.00, 9.01, 4.41, -6.00, 2.00, 2.80, 166279.4689248169
No.864: 1.01, 1.01, 0.01, 0.42, 3.01, 9.01, 4.41, -6.00, 2.00, 2.80, 166279.4689248169
No.865: 1.01, 1.01, 0.01, 0.42, 3.01, 9.01, 4.41, -6.00, 2.00, 2.80, 166279.4689248169
No.866: 1.01, 1.00, 0.01, 0.41, 3.00, 9.01, 4.41, -6.00, 2.00, 2.80, 166279.4689248169
No.867: 1.00, 1.01, 0.01, 0.41, 3.00, 9.01, 4.41, -6.00, 2.00, 2.80, 166279.4689248169
No.868: 1.00, 1.00, 0.01, 0.41, 3.00, 9.01, 4.41, -6.00, 2.00, 2.80, 166279.4689248169
No.869: 1.00, 1.00, 0.01, 0.42, 3.00, 9.01, 4.41, -6.00, 2.00, 2.80, 166279.4689248169
No.870: 1.00, 1.00, 0.01, 0.41, 3.01, 9.01, 4.41, -6.00, 2.00, 2.80, 166279.4689248169
No.871: 1.00, 1.00, 0.01, 0.41, 3.00, 9.01, 4.41, -6.00, 2.00, 2.80, 166279.4689248169
No.872: 1.00, 1.00, 0.01, 0.41, 3.00, 9.01, 4.41, -6.00, 2.00, 2.80, 166279.4689248169
No.873: 1.00, 1.00, 0.01, 0.41, 3.00, 9.01, 4.41, -6.00, 2.00, 2.80, 166279.4689248169
No.874: 1.00, 1.00, 0.01, 0.41, 3.00, 9.01, 4.41, -6.00, 2.00, 2.80, 166279.4689248169
No.875: 1.00, 1.00, 0.01, 0.41, 3.00, 9.01, 4.41, -6.00, 2.00, 2.80, 166279.4689248169
No.876: 1.01, 1.01, 0.01, 0.42, 3.01, 9.01, 4.41, -6.00, 2.00, 2.80, 166279.4689248169
No.877: 1.01, 1.01, 0.01, 0.42, 3.01, 9.01, 4.41, -6.00, 2.00, 2.80, 166279.4689248169
No.878: 1.01, 1.00, 0.01, 0.41, 3.00, 9.01, 4.41, -6.00, 2.00, 2.80, 166279.4689248169
No.879: 1.00, 1.01, 0.01, 0.41, 3.00, 9.01, 4.41, -6.00, 2.00, 2.80, 166279.4689248169
No.880: 1.00, 1.00, 0.01, 0.41, 3.00, 9.01, 4.41, -6.00, 2.00, 2.80, 166279.4689248169
No.881: 1.00, 1.00, 0.01, 0.42, 3.00, 9.01, 4.41, -6.00, 2.00, 2.80, 166279.4689248169
No.882: 1.00, 1.00, 0.01, 0.41, 3.01, 9.01, 4.41, -6.00, 2.00, 2.80, 166279.4689248169
No.883: 1.00, 1.00, 0.01, 0.41, 3.00, 9.01, 4.41, -6.00, 2.00, 2.80, 166279.4689248169
No.884: 1.00, 1.00, 0.01, 0.41, 3.00, 9.01, 4.41, -6.00, 2.00, 2.80, 166279.4689248169
No.885: 1.00, 1.00, 0.01, 0.41, 3.00, 9.01, 4.41, -6.00, 2.00, 2.80, 166279.4689248169
No.886: 1.00, 1.00, 0.01, 0.41, 3.00, 9.01, 4.41, -6.00, 2.00, 2.80, 166279.4689248169
No.887: 1.00, 1.00, 0.01, 0.41, 3.00, 9.01, 4.41, -6.00, 2.00, 2.80, 166279.4689248169
No.888: 1.01, 1.01, 0.01, 0.42, 3.01, 9.01, 4.41, -6.00, 2.00, 2.80, 166279.4689248169
No.889: 1.01, 1.01, 0.01, 0.42, 3.01, 9.01, 4.41, -6.00, 2.00, 2.80, 166279.4689248169
No.890: 1.01, 1.00, 0.01, 0.41, 3.00, 9.01, 4.41, -6.00, 2.00, 2.80, 166279.4689248169
No.891: 1.00, 1.01, 0.01, 0.41, 3.00, 9.01, 4.41, -6.00, 2.00, 2.80, 166279.4689248169
No.892: 1.00, 1.00, 0.01, 0.41, 3.00, 9.01, 4.41, -6.00, 2.00, 2.80, 166279.4689248169
No.893: 1.00, 1.00, 0.01, 0.42, 3.00, 9.01, 4.41, -6.00, 2.00, 2.80, 166279.4689248169
No.894: 1.00, 1.00, 0.01, 0.41, 3.01, 9.01, 4.41, -6.00, 2.00, 2.80, 166279.4689248169
No.895: 1.00, 1.00, 0.01, 0.41, 3.00, 9.01, 4.41, -6.00, 2.00, 2.80, 166279.4689248169
No.896: 1.00, 1.00, 0.01, 0.41, 3.00, 9.01, 4.41, -6.00, 2.00, 2.80, 166279.4689248169
No.897: 1.00, 1.00, 0.01, 0.41, 3.00, 9.01, 4.41, -6.00, 2.00, 2.80, 166279.4689248169
No.898: 1.00, 1.00, 0.01, 0.41, 3.00, 9.01, 4.41, -6.00, 2.00, 2.80, 166279.4689248169
No.899: 1.00, 1.00, 0.01, 0.41, 3.00, 9.01, 4.41, -6.00, 2.00, 2.80, 166279.4689248169
No.900: 1.01, 1.01, 0.01, 0.42, 3.01, 9.01, 4.41, -6.00, 2.00, 2.80, 166279.4689248169
No.901: 1.01, 1.01, 0.01, 0.42, 3.01, 9.01, 4.41, -6.00, 2.00, 2.80, 166279.4689248169
No.902: 1.01, 1.00, 0.01, 0.41, 3.00, 9.01, 4.41, -6.00, 2.00, 2.80, 166279.4689248169
No.903: 1.00, 1.01, 0.01, 0.41, 3.00, 9.01, 4.41, -6.00, 2.00, 2.80, 166279.4689248169
No.904: 1.00, 1.00, 0.01, 0.41, 3.00, 9.01, 4.41, -6.00, 2.00, 2.80, 166279.4689248169
No.905: 1.00, 1.00, 0.01, 0.42, 3.00, 9.01, 4.41, -6.00, 2.00, 2.80, 166279.4689248169
No.906: 1.00, 1.00, 0.01, 0.41, 3.01, 9.01, 4.41, -6.00, 2.00, 2.80, 166279.4689248169
No.907: 1.00, 1.00, 0.01, 0.41, 3.00, 9.01, 4.41, -6.00, 2.00, 2.80, 166279.4689248169
No.908: 1.00, 1.00, 0.01, 0.41, 3.00, 9.01, 4.41, -6.00, 2.00, 2.80, 166279.4689248169
No.909: 1.00, 1.00, 0.01, 0.41, 3.00, 9.01, 4.41, -6.00, 2.00, 2.80, 166279.4689248169
No.910: 1.00, 1.00, 0.01, 0.41, 3.00, 9.01, 4.41, -6.00, 2.00, 2.80, 166279.4689248169
No.911: 1.00, 1.00, 0.01, 0.41, 3.00, 9.01, 4.41, -6.00, 2.00, 2.80, 166279.4689248169
No.912: 1.01, 1.01, 0.01, 0.42, 3.01, 9.01, 4.41, -6.00, 2.00, 2.80, 166279.4689248169
No.913: 1.01, 1.01, 0.01, 0.42, 3.01, 9.01, 4.41, -6.00, 2.00, 2.80, 166279.4689248169
No.914: 1.01, 1.00, 0.01, 0.41, 3.00, 9.01, 4.41, -6.00, 2.00, 2.80, 166279.4689248169
No.915: 1.00, 1.01, 0.01, 0.41, 3.00, 9.01, 4.41, -6.00, 2.00, 2.80, 166279.4689248169
No.916: 1.00, 1.00, 0.01, 0.41, 3.00, 9.01, 4.41, -6.00, 2.00, 2.80, 166279.4689248169
No.917: 1.00, 1.00, 0.01, 0.42, 3.00, 9.01, 4.41, -6.00, 2.00, 2.80, 166279.4689248169
No.918: 1.00, 1.00, 0.01, 0.41, 3.01, 9.01, 4.41, -6.00, 2.00, 2.80, 166279.4689248169
No.919: 1.00, 1.00, 0.01, 0.41, 3.00, 9.01, 4.41, -6.00, 2.00, 2.80, 166279.4689248169
No.920: 1.00, 1.00, 0.01, 0.41, 3.00, 9.01, 4.41, -6.00, 2.00, 2.80, 166279.4689248169
No.921: 1.00, 1.00, 0.01, 0.41, 3.00, 9.01, 4.41, -6.00, 2.00, 2.80, 166279.4689248169
No.922: 1.00, 1.00, 0.01, 0.41, 3.00, 9.01, 4.41, -6.00, 2.00, 2.80, 166279.4689248169
No.923: 1.00, 1.00, 0.01, 0.41, 3.00, 9.01, 4.41, -6.00, 2.00, 2.80, 166279.4689248169
No.924: 1.01, 1.01, 0.01, 0.42, 3.01, 9.01, 4.41, -6.00, 2.00, 2.80, 166279.4689248169
No.925: 1.01, 1.01, 0.01, 0.42, 3.01, 9.01, 4.41, -6.00, 2.00, 2.80, 166279.4689248169
No.926: 1.01, 1.00, 0.01, 0.41, 3.00, 9.01, 4.41, -6.00, 2.00, 2.80, 166279.4689248169
No.927: 1.00, 1.01, 0.01, 0.41, 3.00, 9.01, 4.41, -6.00, 2.00, 2.80, 166279.4689248169
No.928: 1.00, 1.00, 0.01, 0.41, 3.00, 9.01, 4.41, -6.00, 2.00, 2.80, 166279.4689248169
No.929: 1.00, 1.00, 0.01, 0.42, 3.00, 9.01, 4.41, -6.00, 2.00, 2.80, 166279.4689248169
No.930: 1.00, 1.00, 0.01, 0.41, 3.01, 9.01, 4.41, -6.00, 2.00, 2.80, 166279.4689248169
No.931: 1.00, 1.00, 0.01, 0.41, 3.00, 9.01, 4.41, -6.00, 2.00, 2.80, 166279.4689248169
No.932: 1.00, 1.00, 0.01, 0.41, 3.00, 9.01, 4.41, -6.00, 2.00, 2.80, 166279.4689248169
No.933: 1.00, 1.00, 0.01, 0.41, 3.00, 9.01, 4.41, -6.00, 2.00, 2.80, 166279.4689248169
No.934: 1.00, 1.00, 0.01, 0.41, 3.00, 9.01, 4.41, -6.00, 2.00, 2.80, 166279.4689248169
No.935: 1.00, 1.00, 0.01, 0.41, 3.00, 9.01, 4.41, -6.00, 2.00, 2.80, 166279.4689248169
No.936: 1.01, 1.01, 0.01, 0.42, 3.01, 9.01, 4.41, -6.00, 2.00, 2.80, 166279.4689248169
No.937: 1.01, 1.01, 0.01, 0.42, 3.01, 9.01, 4.41, -6.00, 2.00, 2.80, 166279.4689248169
No.938: 1.01, 1.00, 0.01, 0.41, 3.00, 9.01, 4.41, -6.00, 2.00, 2.80, 166279.4689248169
No.939: 1.00, 1.01, 0.01, 0.41, 3.00, 9.01, 4.41, -6.00, 2.00, 2.80, 166279.4689248169
No.940: 1.00, 1.00, 0.01, 0.41, 3.00, 9.01, 4.41, -6.00, 2.00, 2.80, 166279.4689248169
No.941: 1.00, 1.00, 0.01, 0.42, 3.00, 9.01, 4.41, -6.00, 2.00, 2.80, 166279.4689248169
No.942: 1.00, 1.00, 0.01, 0.41, 3.01, 9.01, 4.41, -6.00, 2.00, 2.80, 166279.4689248169
No.943: 1.00, 1.00, 0.01, 0.41, 3.00, 9.01, 4.41, -6.00, 2.00, 2.80, 166279.4689248169
No.944: 1.00, 1.00, 0.01, 0.41, 3.00, 9.01, 4.41, -6.00, 2.00, 2.80, 166279.4689248169
No.945: 1.00, 1.00, 0.01, 0.41, 3.00, 9.01, 4.41, -6.00, 2.00, 2.80, 166279.4689248169
No.946: 1.00, 1.00, 0.01, 0.41, 3.00, 9.01, 4.41, -6.00, 2.00, 2.80, 166279.4689248169
No.947: 1.00, 1.00, 0.01, 0.41, 3.00, 9.01, 4.41, -6.00, 2.00, 2.80, 166279.4689248169
No.948: 1.01, 1.01, 0.01, 0.42, 3.01, 9.01, 4.41, -6.00, 2.00, 2.80, 166279.4689248169
No.949: 1.01, 1.01, 0.01, 0.42, 3.01, 9.01, 4.41, -6.00, 2.00, 2.80, 166279.4689248169
No.950: 1.01, 1.00, 0.01, 0.41, 3.00, 9.01, 4.41, -6.00, 2.00, 2.80, 166279.4689248169
No.951: 1.00, 1.01, 0.01, 0.41, 3.00, 9.01, 4.41, -6.00, 2.00, 2.80, 166279.4689248169
No.952: 1.00, 1.00, 0.01, 0.41, 3.00, 9.01, 4.41, -6.00, 2.00, 2.80, 166279.4689248169
No.953: 1.00, 1.00, 0.01, 0.42, 3.00, 9.01, 4.41, -6.00, 2.00, 2.80, 166279.4689248169
No.954: 1.00, 1.00, 0.01, 0.41, 3.01, 9.01, 4.41, -6.00, 2.00, 2.80, 166279.4689248169
No.955: 1.00, 1.00, 0.01, 0.41, 3.00, 9.01, 4.41, -6.00, 2.00, 2.80, 166279.4689248169
No.956: 1.00, 1.00, 0.01, 0.41, 3.00, 9.01, 4.41, -6.00, 2.00, 2.80, 166279.4689248169
No.957: 1.00, 1.00, 0.01, 0.41, 3.00, 9.01, 4.41, -6.00, 2.00, 2.80, 166279.4689248169
No.958: 1.00, 1.00, 0.01, 0.41, 3.00, 9.01, 4.41, -6.00, 2.00, 2.80, 166279.4689248169
No.959: 1.00, 1.00, 0.01, 0.41, 3.00, 9.01, 4.41, -6.00, 2.00, 2.80, 166279.4689248169
No.960: 1.01, 1.01, 0.01, 0.42, 3.01, 9.01, 4.41, -6.00, 2.00, 2.80, 166279.4689248169
No.961: 1.01, 1.01, 0.01, 0.42, 3.01, 9.01, 4.41, -6.00, 2.00, 2.80, 166279.4689248169
No.962: 1.01, 1.00, 0.01, 0.41, 3.00, 9.01, 4.41, -6.00, 2.00, 2.80, 166279.4689248169
No.963: 1.00, 1.01, 0.01, 0.41, 3.00, 9.01, 4.41, -6.00, 2.00, 2.80, 166279.4689248169
No.964: 1.00, 1.00, 0.01, 0.41, 3.00, 9.01, 4.41, -6.00, 2.00, 2.80, 166279.4689248169
No.965: 1.00, 1.00, 0.01, 0.42, 3.00, 9.01, 4.41, -6.00, 2.00, 2.80, 166279.4689248169
No.966: 1.00, 1.00, 0.01, 0.41, 3.01, 9.01, 4.41, -6.00, 2.00, 2.80, 166279.4689248169
No.967: 1.00, 1.00, 0.01, 0.41, 3.00, 9.01, 4.41, -6.00, 2.00, 2.80, 166279.4689248169
No.968: 1.00, 1.00, 0.01, 0.41, 3.00, 9.01, 4.41, -6.00, 2.00, 2.80, 166279.4689248169
No.969: 1.00, 1.00, 0.01, 0.41, 3.00, 9.01, 4.41, -6.00, 2.00, 2.80, 166279.4689248169
No.970: 1.00, 1.00, 0.01, 0.41, 3.00, 9.01, 4.41, -6.00, 2.00, 2.80, 166279.4689248169
No.971: 1.00, 1.00, 0.01, 0.41, 3.00, 9.01, 4.41, -6.00, 2.00, 2.80, 166279.4689248169
